[4, 10]
[[0.0, 3.6458, 3.4672, 7.5552, 46.3982, 47.721, 39.9269, 14.5166, 14.5637, 7.1113], [3.6458, 0.0, 0.1997, 5.5815, 47.8541, 45.3794, 42.03, 14.6938, 12.0582, 8.5225], [3.4672, 0.1997, 0.0, 5.7219, 47.8556, 45.5591, 41.8519, 14.7499, 12.2369, 8.3492], [7.5552, 5.5815, 5.7219, 0.0, 43.9839, 40.1848, 47.3367, 10.1119, 7.0374, 13.963], [46.3982, 47.8541, 47.8556, 43.9839, 0.0, 49.2946, 76.7639, 33.9352, 43.7117, 52.6085], [47.721, 45.3794, 45.5591, 40.1848, 49.2946, 0.0, 87.4065, 37.2204, 33.3228, 53.8882], [39.9269, 42.03, 41.8519, 47.3367, 76.7639, 87.4065, 0.0, 53.1173, 54.0882, 33.5186], [14.5166, 14.6938, 14.7499, 10.1119, 33.9352, 37.2204, 53.1173, 0.0, 11.0057, 21.6072], [14.5637, 12.0582, 12.2369, 7.0374, 43.7117, 33.3228, 54.0882, 11.0057, 0.0, 20.5751], [7.1113, 8.5225, 8.3492, 13.963, 52.6085, 53.8882, 33.5186, 21.6072, 20.5751, 0.0]]
[[0.0, 56.3026, 22.4246, 3.909, 35.8381, 13.2411, 37.9752, 42.1623, 18.9072, 67.5043], [56.3026, 0.0, 58.0462, 55.1222, 40.6419, 43.3145, 38.7695, 67.2761, 63.5833, 41.606], [22.4246, 58.0462, 0.0, 25.9846, 22.4716, 26.6165, 25.2046, 19.7615, 41.253, 54.0853], [3.909, 55.1222, 25.9846, 0.0, 37.7467, 11.8296, 39.7187, 45.7461, 15.7952, 68.8411], [35.8381, 40.6419, 22.4716, 37.7467, 0.0, 30.4425, 2.7364, 26.6431, 53.0638, 32.4168], [13.2411, 43.3145, 26.6165, 11.8296, 30.4425, 0.0, 31.8555, 45.2218, 23.8613, 59.4155], [37.9752, 38.7695, 25.2046, 39.7187, 2.7364, 31.8555, 0.0, 28.6902, 54.8538, 29.9163], [42.1623, 67.2761, 19.7615, 45.7461, 26.6431, 45.2218, 28.6902, 0.0, 60.9116, 49.5045], [18.9072, 63.5833, 41.253, 15.7952, 53.0638, 23.8613, 54.8538, 60.9116, 0.0, 83.2111], [67.5043, 41.606, 54.0853, 68.8411, 32.4168, 59.4155, 29.9163, 49.5045, 83.2111, 0.0]]
[[0.0, 44.7813, 49.624, 29.2133, 36.0727, 8.1526, 49.6267, 41.8482, 25.0839, 45.4451], [44.7813, 0.0, 36.5396, 22.4456, 47.8056, 38.8773, 20.0812, 41.1198, 47.9348, 35.878], [49.624, 36.5396, 0.0, 48.7096, 23.5964, 49.5907, 18.3624, 11.9165, 32.9045, 4.4032], [29.2133, 22.4456, 48.7096, 0.0, 49.2573, 21.3959, 37.953, 47.7563, 43.7747, 46.1356], [36.0727, 47.8056, 23.5964, 49.2573, 0.0, 39.7838, 36.8125, 11.6837, 12.132, 19.704], [8.1526, 38.8773, 49.5907, 21.3959, 39.7838, 0.0, 46.5954, 43.5213, 30.1304, 45.7102], [49.6267, 20.0812, 18.3624, 37.953, 36.8125, 46.5954, 0.0, 26.8071, 41.8933, 19.3901], [41.8482, 41.1198, 11.9165, 47.7563, 11.6837, 43.5213, 26.8071, 0.0, 21.7954, 8.2032], [25.0839, 47.9348, 32.9045, 43.7747, 12.132, 30.1304, 41.8933, 21.7954, 0.0, 28.5668], [45.4451, 35.878, 4.4032, 46.1356, 19.704, 45.7102, 19.3901, 8.2032, 28.5668, 0.0]]
[[0.0, 1.3052, 0.6677, 0.7784, 26.6479, 26.5457, 26.8723, 1.8168, 2.6716, 1.9943], [1.3052, 0.0, 1.3974, 0.7972, 27.8926, 27.4785, 27.8594, 1.8643, 1.4201, 2.5793], [0.6677, 1.3974, 0.0, 1.2412, 26.5235, 27.0739, 26.4922, 2.4373, 2.5414, 1.3709], [0.7784, 0.7972, 1.2412, 0.0, 27.3947, 26.6933, 27.6446, 1.2798, 2.2082, 2.6057], [26.6479, 27.8926, 26.5235, 27.3947, 0.0, 27.9052, 11.0564, 27.7725, 28.9965, 25.7503], [26.5457, 27.4785, 27.0739, 26.6933, 27.9052, 0.0, 36.8124, 25.7847, 28.8118, 27.7268], [26.8723, 27.8594, 26.4922, 27.6446, 11.0564, 36.8124, 0.0, 28.4686, 28.5371, 25.3188], [1.8168, 1.8643, 2.4373, 1.2798, 27.7725, 25.7847, 28.4686, 0.0, 3.0445, 3.8017], [2.6716, 1.4201, 2.5414, 2.2082, 28.9965, 28.8118, 28.5371, 3.0445, 0.0, 3.3023], [1.9943, 2.5793, 1.3709, 2.6057, 25.7503, 27.7268, 25.3188, 3.8017, 3.3023, 0.0]]
