[4, 40]
[[0.0, 56.2044, 37.9505, 81.7751, 33.2978, 81.2253, 43.2411, 80.0169, 4.9266, 77.8646, 59.0451, 73.1139, 53.6236, 81.2592, 35.0614, 45.6589, 40.7854, 46.426, 35.6146, 47.5224, 40.1486, 47.5659, 38.4154, 45.0382, 43.9184, 37.4972, 37.2073, 18.0907, 78.9827, 31.4736, 72.8703, 35.0214, 82.0209, 33.1187, 75.0539, 55.1418, 55.4207, 51.2999, 81.5109, 52.6186], [56.2044, 0.0, 77.7115, 67.6124, 75.8196, 49.4428, 79.5508, 72.4432, 52.4957, 75.7111, 3.9669, 79.6553, 3.4561, 69.4443, 42.3651, 37.0707, 47.4616, 38.1221, 43.8683, 41.1374, 35.0768, 41.4839, 35.7413, 46.9187, 35.6421, 46.0035, 36.6052, 42.3633, 39.1732, 75.7876, 25.473, 77.3405, 49.0148, 28.0449, 80.071, 2.6347, 83.22, 7.4622, 72.4031, 5.8059], [37.9505, 77.7115, 0.0, 67.4136, 5.1556, 78.922, 6.0731, 61.7207, 42.258, 56.5384, 78.9607, 47.3066, 76.4768, 65.4634, 37.0723, 47.5784, 35.7237, 47.3707, 35.9603, 45.9777, 45.6093, 45.7509, 44.2145, 39.3787, 47.4278, 34.982, 42.9598, 53.5765, 82.7622, 7.7489, 83.5659, 3.9613, 80.3163, 64.7001, 49.7139, 77.8639, 20.4539, 75.91, 63.818, 76.6005], [81.7751, 67.6124, 67.4136, 0.0, 70.258, 25.7746, 63.7253, 9.1437, 82.3055, 16.4874, 65.258, 27.9411, 69.5362, 3.286, 47.0636, 39.0318, 41.0003, 37.8861, 46.2903, 35.6809, 44.814, 35.5165, 46.0846, 36.7562, 41.2157, 44.2805, 46.8279, 83.3495, 38.0458, 72.4245, 50.6328, 70.4141, 27.3834, 80.6024, 26.2324, 69.8389, 54.4248, 72.454, 7.362, 71.599], [33.2978, 75.8196, 5.1556, 70.258, 0.0, 80.2808, 11.2029, 65.0242, 37.7466, 60.1849, 77.3016, 51.4395, 74.3857, 68.4768, 36.4862, 47.6011, 36.177, 47.527, 35.5499, 46.4434, 45.031, 46.2473, 43.517, 40.158, 47.2136, 34.9581, 42.2007, 49.4637, 83.3454, 2.6804, 83.2201, 1.7617, 81.6121, 61.2664, 53.8147, 75.8087, 25.4718, 73.5724, 67.0671, 74.3574], [81.2253, 49.4428, 78.922, 25.7746, 80.2808, 0.0, 76.926, 34.3027, 80.1994, 40.9186, 46.2089, 50.7979, 52.1672, 28.8759, 47.5058, 35.8558, 44.7302, 35.2931, 47.5913, 35.0837, 41.1052, 35.1709, 42.8627, 40.3938, 37.4024, 46.9071, 44.1263, 77.0976, 12.9267, 81.8512, 27.3365, 80.973, 1.7003, 69.6284, 49.6999, 51.9954, 71.5213, 55.8036, 32.9424, 54.5388], [43.2411, 79.5508, 6.0731, 63.7253, 11.2029, 76.926, 0.0, 57.5202, 47.3608, 51.9598, 80.5196, 42.2012, 78.557, 61.5858, 37.8482, 47.4421, 35.3153, 47.0798, 36.561, 45.3419, 46.208, 45.0822, 44.9747, 38.4915, 47.5725, 35.1584, 43.8132, 58.1531, 81.6607, 13.8207, 83.5546, 10.0069, 78.3877, 68.4209, 44.6346, 79.895, 14.4458, 78.2835, 59.6712, 78.8592], [80.0169, 72.4432, 61.7207, 9.1437, 65.0242, 34.3027, 57.5202, 0.0, 81.0868, 7.4264, 70.4571, 19.165, 74.0372, 5.8708, 46.4093, 40.4117, 39.6035, 39.1877, 45.3742, 36.5297, 45.8361, 36.2937, 46.8332, 35.8459, 42.5955, 43.0217, 47.3344, 83.5769, 46.0562, 67.3508, 57.6903, 64.9869, 35.9606, 82.5707, 17.2886, 74.5016, 47.0607, 76.6308, 2.2505, 75.9417], [4.9266, 52.4957, 42.258, 82.3055, 37.7466, 80.1994, 47.3608, 81.0868, 0.0, 79.363, 55.4966, 75.2715, 49.7822, 81.9843, 35.2638, 45.113, 41.539, 45.9797, 36.0208, 47.3715, 39.4038, 47.4505, 37.7395, 45.5914, 43.2357, 38.156, 36.6309, 13.1984, 77.204, 36.0381, 70.2936, 39.4883, 80.9046, 28.4807, 77.1197, 51.2932, 59.0577, 47.269, 82.4784, 48.6477], [77.8646, 75.7111, 56.5384, 16.4874, 60.1849, 40.9186, 51.9598, 7.4264, 79.363, 0.0, 74.042, 11.8638, 77.0226, 13.2546, 45.7081, 41.5492, 38.5117, 40.3094, 44.4869, 37.4047, 46.5128, 37.1225, 47.2621, 35.3232, 43.6571, 41.9231, 47.5543, 83.0053, 52.1461, 62.6207, 62.9004, 59.991, 42.6032, 83.4221, 9.8839, 77.6144, 40.6544, 79.3298, 9.555, 78.7816], [59.0451, 3.9669, 78.9607, 65.258, 77.3016, 46.2089, 80.5196, 70.4571, 55.4966, 74.042, 0.0, 78.5209, 7.4155, 67.2189, 42.9471, 36.6133, 47.556, 37.5897, 44.3918, 40.5295, 35.2398, 40.8772, 36.085, 46.6377, 35.3754, 46.3653, 37.0617, 45.7775, 35.5798, 77.3975, 21.6207, 78.7783, 45.7039, 31.7953, 78.821, 6.5118, 83.5149, 11.4291, 70.3099, 9.7676], [73.1139, 79.6553, 47.3066, 27.9411, 51.4395, 50.7979, 42.2012, 19.165, 75.2715, 11.8638, 78.5209, 0.0, 80.4936, 24.8269, 44.312, 43.307, 36.9492, 42.1234, 42.8575, 39.0499, 47.271, 38.7192, 47.5916, 34.9561, 45.1713, 40.1063, 47.538, 80.6932, 60.9967, 54.0093, 70.164, 50.9994, 52.4982, 83.3763, 2.4487, 81.2792, 29.7373, 82.3044, 21.3612, 81.9907], [53.6236, 3.4561, 76.4768, 69.5362, 74.3857, 52.1672, 78.557, 74.0372, 49.7822, 77.0226, 7.4155, 80.4936, 0.0, 71.2524, 41.8467, 37.5018, 47.3387, 38.6083, 43.3913, 41.6646, 34.9893, 42.0076, 35.4886, 47.1256, 35.9226, 45.6552, 36.2446, 39.3092, 42.2304, 74.2424, 28.7823, 75.9422, 51.8073, 24.7253, 81.0093, 1.5202, 82.8064, 4.0354, 74.0906, 2.4524], [81.2592, 69.4443, 65.4634, 3.286, 68.4768, 28.8759, 61.5858, 5.8708, 81.9843, 13.2546, 67.2189, 24.8269, 71.2524, 0.0, 46.8569, 39.52, 40.4968, 38.3386, 45.9861, 35.9526, 45.2026, 35.7609, 46.3798, 36.3992, 41.7164, 43.8439, 47.0387, 83.5495, 40.9783, 70.7039, 53.2408, 68.5636, 30.5042, 81.4241, 23.0545, 71.6136, 51.8555, 74.0577, 4.1036, 73.2612], [35.0614, 42.3651, 37.0723, 47.0636, 36.4862, 47.5058, 37.8482, 46.4093, 35.2638, 45.7081, 42.9471, 44.312, 41.8467, 46.8569, 0.0, 11.9073, 7.3781, 12.2687, 1.6109, 12.6504, 8.558, 12.6459, 7.1546, 10.5634, 10.9843, 4.3165, 5.9655, 37.3148, 47.9901, 37.2926, 46.7358, 37.691, 48.5303, 39.1968, 45.6422, 43.0577, 40.9644, 42.3103, 47.6268, 42.5639], [45.6589, 37.0707, 47.5784, 39.0318, 47.6011, 35.8558, 47.4421, 40.4117, 45.113, 41.5492, 36.6133, 43.307, 37.5018, 39.52, 11.9073, 0.0, 12.1639, 1.24, 12.3544, 4.2637, 5.8792, 4.5895, 7.404, 10.1187, 2.1974, 12.6503, 8.4858, 44.4792, 36.148, 48.6426, 36.1152, 48.664, 36.8052, 42.1609, 44.0456, 38.417, 47.7269, 39.063, 41.161, 38.8392], [40.7854, 47.4616, 35.7237, 41.0003, 36.177, 44.7302, 35.3153, 39.6035, 41.539, 38.5117, 47.556, 36.9492, 47.3387, 40.4968, 7.3781, 12.1639, 0.0, 11.7648, 6.0095, 10.2811, 12.3853, 10.0747, 11.8965, 4.5212, 12.5825, 3.4289, 11.352, 44.5082, 47.1757, 37.4764, 48.2472, 37.1021, 45.943, 46.4836, 38.2649, 48.4408, 36.0176, 48.2174, 40.9483, 48.3013], [46.426, 38.1221, 47.3707, 37.8861, 47.527, 35.2931, 47.0798, 39.1877, 45.9797, 40.3094, 37.5897, 42.1234, 38.6083, 38.3386, 12.2687, 1.24, 11.7648, 0.0, 12.5616, 3.0757, 6.9489, 3.4118, 8.3738, 9.3258, 3.408, 12.5848, 9.3646, 45.5648, 36.0137, 48.6319, 36.4923, 48.5534, 36.2856, 43.3882, 42.8437, 39.5053, 47.0237, 40.2179, 39.9491, 39.9738], [35.6146, 43.8683, 35.9603, 46.2903, 35.5499, 47.5913, 36.561, 45.3742, 36.0208, 44.4869, 44.3918, 42.8575, 43.3913, 45.9861, 1.6109, 12.3544, 6.0095, 12.5616, 0.0, 12.5486, 9.6746, 12.4998, 8.4248, 9.5911, 11.6939, 2.7672, 7.3374, 38.5195, 48.5021, 36.4499, 47.6957, 36.7084, 48.6607, 40.7274, 44.2212, 44.5921, 39.4151, 43.8908, 46.6423, 44.1311], [47.5224, 41.1374, 45.9777, 35.6809, 46.4434, 35.0837, 45.3419, 36.5297, 47.3715, 37.4047, 40.5295, 39.0499, 41.6646, 35.9526, 12.6504, 4.2637, 10.2811, 3.0757, 12.5486, 0.0, 9.3105, 0.3477, 10.428, 6.9677, 6.2677, 11.8942, 11.1515, 47.6692, 36.9021, 47.6953, 38.4756, 47.3817, 36.1913, 46.132, 39.7819, 42.5496, 44.5846, 43.2929, 37.3802, 43.0435], [40.1486, 35.0768, 45.6093, 44.814, 45.031, 41.1052, 46.208, 45.8361, 39.4038, 46.5128, 35.2398, 47.271, 34.9893, 45.2026, 8.558, 5.8792, 12.3853, 6.9489, 9.6746, 9.3105, 0.0, 9.5424, 1.7888, 12.4881, 3.8442, 11.2232, 3.1534, 38.6168, 40.2164, 45.7908, 38.2077, 46.2463, 41.9526, 36.9167, 48.223, 36.0713, 48.2751, 36.0137, 46.6887, 36.0214], [47.5659, 41.4839, 45.7509, 35.5165, 46.2473, 35.1709, 45.0822, 36.2937, 47.4505, 37.1225, 40.8772, 38.7192, 42.0076, 35.7609, 12.6459, 4.5895, 10.0747, 3.4118, 12.4998, 0.3477, 9.5424, 0.0, 10.6209, 6.6749, 6.5674, 11.7713, 11.3114, 47.8381, 37.1013, 47.5139, 38.7695, 47.1765, 36.2905, 46.3924, 39.4582, 42.8941, 44.2649, 43.6297, 37.159, 43.3834], [38.4154, 35.7413, 44.2145, 46.0846, 43.517, 42.8627, 44.9747, 46.8332, 37.7395, 47.2621, 36.085, 47.5916, 35.4886, 46.3798, 7.1546, 7.404, 11.8965, 8.3738, 8.4248, 10.428, 1.7888, 10.6209, 0.0, 12.6483, 5.5098, 10.2851, 1.3894, 37.2739, 41.9914, 44.2244, 39.7796, 44.7598, 43.7206, 36.1882, 48.6255, 36.6203, 47.4902, 36.3212, 47.7506, 36.4115], [45.0382, 46.9187, 39.3787, 36.7562, 40.158, 40.3938, 38.4915, 35.8459, 45.5914, 35.3232, 46.6377, 34.9561, 47.1256, 36.3992, 10.5634, 10.1187, 4.5212, 9.3258, 9.5911, 6.9677, 12.4881, 6.6749, 12.6483, 0.0, 11.2837, 7.5544, 12.5974, 47.8187, 43.3843, 41.5779, 45.443, 40.9952, 41.643, 48.5746, 36.0382, 48.1239, 37.7134, 48.3728, 37.0739, 48.2971], [43.9184, 35.6421, 47.4278, 41.2157, 47.2136, 37.4024, 47.5725, 42.5955, 43.2357, 43.6571, 35.3754, 45.1713, 35.9226, 41.7164, 10.9843, 2.1974, 12.5825, 3.408, 11.6939, 6.2677, 3.8442, 6.5674, 5.5098, 11.2837, 0.0, 12.4663, 6.7271, 42.3471, 37.0557, 48.1432, 36.1383, 48.3389, 38.2904, 39.9824, 45.968, 36.8877, 48.5059, 37.3388, 43.3543, 37.1773], [37.4972, 46.0035, 34.982, 44.2805, 34.9581, 46.9071, 35.1584, 43.0217, 38.156, 41.9231, 46.3653, 40.1063, 45.6552, 43.8439, 4.3165, 12.6503, 3.4289, 12.5848, 2.7672, 11.8942, 11.2232, 11.7713, 10.2851, 7.5544, 12.4663, 0.0, 9.4139, 41.1173, 48.5563, 36.0476, 48.5953, 36.0136, 48.0491, 43.4927, 41.4875, 46.8219, 37.2167, 46.2875, 44.3515, 46.4744], [37.2073, 36.6052, 42.9598, 46.8279, 42.2007, 44.1263, 43.8132, 47.3344, 36.6309, 47.5543, 37.0617, 47.538, 36.2446, 47.0387, 5.9655, 8.4858, 11.352, 9.3646, 7.3374, 11.1515, 3.1534, 11.3114, 1.3894, 12.5974, 6.7271, 9.4139, 0.0, 36.5293, 43.3694, 42.8838, 41.1321, 43.4568, 45.0028, 36.0136, 48.6356, 37.408, 46.6188, 36.9456, 48.307, 37.0927], [18.0907, 42.3633, 53.5765, 83.3495, 49.4637, 77.0976, 58.1531, 83.5769, 13.1984, 83.0053, 45.7775, 80.6932, 39.3092, 83.5495, 37.3148, 44.4792, 44.5082, 45.5648, 38.5195, 47.6692, 38.6168, 47.8381, 37.2739, 47.8187, 42.3471, 41.1173, 36.5293, 0.0, 72.0907, 48.0516, 63.0799, 51.2253, 77.5434, 15.9372, 82.2737, 40.7667, 68.49, 36.2728, 84.6754, 37.8059], [78.9827, 39.1732, 82.7622, 38.0458, 83.3454, 12.9267, 81.6607, 46.0562, 77.204, 52.1461, 35.5798, 60.9967, 42.2304, 40.9783, 47.9901, 36.148, 47.1757, 36.0137, 48.5021, 36.9021, 40.2164, 37.1013, 41.9914, 43.3843, 37.0557, 48.5563, 43.3694, 72.0907, 0.0, 84.5667, 15.0026, 84.2757, 11.7161, 62.4418, 60.2154, 41.8003, 78.3213, 46.1132, 44.9407, 44.674], [31.4736, 75.7876, 7.7489, 72.4245, 2.6804, 81.8512, 13.8207, 67.3508, 36.0381, 62.6207, 77.3975, 54.0093, 74.2424, 70.7039, 37.2926, 48.6426, 37.4764, 48.6319, 36.4499, 47.6953, 45.7908, 47.5139, 44.2244, 41.5779, 48.1432, 36.0476, 42.8838, 48.0516, 84.5667, 0.0, 83.9964, 3.9168, 83.1538, 60.3155, 56.3758, 75.6836, 28.1382, 73.2866, 69.3743, 74.1258], [72.8703, 25.473, 83.5659, 50.6328, 83.2201, 27.3365, 83.5546, 57.6903, 70.2936, 62.9004, 21.6207, 70.164, 28.7823, 53.2408, 46.7358, 36.1152, 48.2472, 36.4923, 47.6957, 38.4756, 38.2077, 38.7695, 39.7796, 45.443, 36.1383, 48.5953, 41.1321, 63.0799, 15.0026, 83.9964, 0.0, 84.4023, 26.389, 51.3204, 69.8108, 28.0918, 82.7851, 32.8008, 56.9451, 31.2224], [35.0214, 77.3405, 3.9613, 70.4141, 1.7617, 80.973, 10.0069, 64.9869, 39.4883, 59.991, 78.7783, 50.9994, 75.9422, 68.5636, 37.691, 48.664, 37.1021, 48.5534, 36.7084, 47.3817, 46.2463, 47.1765, 44.7598, 40.9952, 48.3389, 36.0136, 43.4568, 51.2253, 84.2757, 3.9168, 84.4023, 0.0, 82.3251, 63.0001, 53.3929, 77.3592, 24.4138, 75.1703, 67.0542, 75.9399], [82.0209, 49.0148, 80.3163, 27.3834, 81.6121, 1.7003, 78.3877, 35.9606, 80.9046, 42.6032, 45.7039, 52.4982, 51.8073, 30.5042, 48.5303, 36.8052, 45.943, 36.2856, 48.6607, 36.1913, 41.9526, 36.2905, 43.7206, 41.643, 38.2904, 48.0491, 45.0028, 77.5434, 11.7161, 83.1538, 26.389, 82.3251, 0.0, 69.7548, 51.399, 51.5874, 73.1145, 55.4961, 34.5786, 54.1972], [33.1187, 28.0449, 64.7001, 80.6024, 61.2664, 69.6284, 68.4209, 82.5707, 28.4807, 83.4221, 31.7953, 83.3763, 24.7253, 81.4241, 39.1968, 42.1609, 46.4836, 43.3882, 40.7274, 46.132, 36.9167, 46.3924, 36.1882, 48.5746, 39.9824, 43.4927, 36.0136, 15.9372, 62.4418, 60.3155, 51.3204, 63.0001, 69.7548, 0.0, 84.5738, 26.0695, 76.6377, 21.2236, 83.2773, 22.8697], [75.0539, 80.071, 49.7139, 26.2324, 53.8147, 49.6999, 44.6346, 17.2886, 77.1197, 9.8839, 78.821, 2.4487, 81.0093, 23.0545, 45.6422, 44.0456, 38.2649, 42.8437, 44.2212, 39.7819, 48.223, 39.4582, 48.6255, 36.0382, 45.968, 41.4875, 48.6356, 82.2737, 60.2154, 56.3758, 69.8108, 53.3929, 51.399, 84.5738, 0.0, 81.7561, 32.1766, 82.9246, 19.4383, 82.5627], [55.1418, 2.6347, 77.8639, 69.8389, 75.8087, 51.9954, 79.895, 74.5016, 51.2932, 77.6144, 6.5118, 81.2792, 1.5202, 71.6136, 43.0577, 38.417, 48.4408, 39.5053, 44.5921, 42.5496, 36.0713, 42.8941, 36.6203, 48.1239, 36.8877, 46.8219, 37.408, 40.7667, 41.8003, 75.6836, 28.0918, 77.3592, 51.5874, 26.0695, 81.7561, 0.0, 84.0027, 5.0446, 74.511, 3.3418], [55.4207, 83.22, 20.4539, 54.4248, 25.4718, 71.5213, 14.4458, 47.0607, 59.0577, 40.6544, 83.5149, 29.7373, 82.8064, 51.8555, 40.9644, 47.7269, 36.0176, 47.0237, 39.4151, 44.5846, 48.2751, 44.2649, 47.4902, 37.7134, 48.5059, 37.2167, 46.6188, 68.49, 78.3213, 28.1382, 82.7851, 24.4138, 73.1145, 76.6377, 32.1766, 84.0027, 0.0, 83.2178, 49.2977, 83.5161], [51.2999, 7.4622, 75.91, 72.454, 73.5724, 55.8036, 78.2835, 76.6308, 47.269, 79.3298, 11.4291, 82.3044, 4.0354, 74.0577, 42.3103, 39.063, 48.2174, 40.2179, 43.8908, 43.2929, 36.0137, 43.6297, 36.3212, 48.3728, 37.3388, 46.2875, 36.9456, 36.2728, 46.1132, 73.2866, 32.8008, 75.1703, 55.4961, 21.2236, 82.9246, 5.0446, 83.2178, 0.0, 76.7753, 1.7048], [81.5109, 72.4031, 63.818, 7.362, 67.0671, 32.9424, 59.6712, 2.2505, 82.4784, 9.555, 70.3099, 21.3612, 74.0906, 4.1036, 47.6268, 41.161, 40.9483, 39.9491, 46.6423, 37.3802, 46.6887, 37.159, 47.7506, 37.0739, 43.3543, 44.3515, 48.307, 84.6754, 44.9407, 69.3743, 56.9451, 67.0542, 34.5786, 83.2773, 19.4383, 74.511, 49.2977, 76.7753, 0.0, 76.0406], [52.6186, 5.8059, 76.6005, 71.599, 74.3574, 54.5388, 78.8592, 75.9417, 48.6477, 78.7816, 9.7676, 81.9907, 2.4524, 73.2612, 42.5639, 38.8392, 48.3013, 39.9738, 44.1311, 43.0435, 36.0214, 43.3834, 36.4115, 48.2971, 37.1773, 46.4744, 37.0927, 37.8059, 44.674, 74.1258, 31.2224, 75.9399, 54.1972, 22.8697, 82.5627, 3.3418, 83.5161, 1.7048, 76.0406, 0.0]]
[[0.0, 70.3372, 21.2817, 56.879, 12.0084, 69.167, 28.6719, 69.8717, 6.4583, 36.132, 44.9786, 45.2984, 14.4995, 66.0048, 28.9148, 28.9326, 22.3608, 50.0649, 27.1708, 48.3887, 23.5831, 34.7557, 26.6881, 33.6851, 23.1006, 50.0804, 20.75, 34.0968, 39.642, 14.6861, 55.7903, 17.8241, 68.6264, 31.4328, 68.4443, 56.5037, 66.4815, 20.9677, 67.6569, 33.7817], [70.3372, 0.0, 67.9157, 39.1184, 69.797, 10.259, 65.4105, 11.4239, 69.7767, 61.842, 52.2694, 55.6917, 68.2365, 21.756, 46.4207, 44.8976, 49.5528, 20.7593, 47.3884, 23.2042, 49.076, 42.4094, 46.3581, 43.2419, 48.4456, 20.6942, 49.7326, 61.204, 54.6784, 67.8489, 38.1059, 67.2162, 8.7795, 59.9693, 5.1202, 37.0742, 20.7566, 64.7144, 15.7236, 58.612], [21.2817, 67.9157, 0.0, 66.7568, 9.5233, 69.8899, 7.8937, 64.0097, 27.3481, 16.1767, 59.2452, 26.8884, 34.6464, 70.3151, 21.5298, 37.9303, 20.765, 47.3875, 20.7587, 50.1291, 20.3471, 25.8133, 35.6961, 24.8717, 31.4309, 47.4868, 27.1461, 14.4578, 54.8077, 6.5971, 65.3877, 3.5291, 63.6495, 48.4779, 67.568, 65.7643, 57.9325, 39.7966, 60.5951, 50.3366], [56.879, 39.1184, 66.7568, 0.0, 63.1207, 30.1716, 68.8409, 48.0976, 52.8338, 70.1042, 17.2532, 70.2287, 47.1163, 19.1157, 49.5764, 29.118, 46.4789, 35.4737, 49.087, 25.3843, 47.4059, 50.1119, 31.4523, 50.135, 35.7168, 35.2766, 39.783, 68.4391, 22.2204, 62.9952, 1.5377, 64.236, 45.1755, 31.0555, 34.1365, 2.107, 53.7258, 40.7154, 50.2967, 28.6529], [12.0084, 69.797, 9.5233, 63.1207, 0.0, 70.3873, 17.2844, 67.3847, 18.3215, 25.2964, 53.557, 35.4424, 26.0379, 69.2122, 24.2583, 34.0257, 20.3294, 49.0396, 22.8899, 49.8403, 20.7216, 29.6603, 31.6817, 28.5974, 27.4527, 49.1029, 23.6497, 23.4048, 48.6638, 3.2873, 61.8605, 6.3353, 66.6238, 41.4179, 68.7534, 62.3922, 62.438, 31.8336, 64.4664, 43.5181], [69.167, 10.259, 69.8899, 30.1716, 70.3873, 0.0, 68.5042, 21.425, 67.6738, 66.0832, 44.8395, 61.3722, 64.9865, 11.7669, 48.5132, 41.6476, 50.1262, 23.1137, 49.138, 20.8019, 50.0037, 45.5139, 43.4782, 46.1737, 46.3209, 22.9702, 48.4494, 65.1531, 47.9943, 68.8507, 29.3473, 68.6881, 18.5723, 54.3947, 5.3917, 28.2294, 30.089, 60.5891, 25.3009, 52.7172], [28.6719, 65.4105, 7.8937, 68.8409, 17.2844, 68.5042, 0.0, 60.3208, 34.4493, 8.3922, 63.1349, 19.4236, 41.2994, 70.25, 20.3756, 40.9093, 22.4355, 45.4929, 20.2706, 49.7847, 21.435, 23.0899, 38.8522, 22.3578, 34.7705, 45.6198, 30.4113, 6.9054, 59.1379, 14.1486, 67.4013, 10.9833, 60.2983, 53.6561, 65.645, 67.644, 53.392, 45.8454, 56.5431, 55.2887], [69.8717, 11.4239, 64.0097, 48.0976, 67.3847, 21.425, 60.3208, 0.0, 70.3638, 55.5643, 59.2288, 47.9659, 70.1399, 32.3323, 43.1865, 47.6749, 47.8833, 20.4737, 44.4954, 27.3507, 47.0304, 38.2333, 48.6602, 39.2172, 49.8222, 20.5205, 50.1228, 55.2687, 60.7483, 65.0283, 46.9061, 63.888, 2.9723, 64.6704, 16.0427, 45.9968, 9.8866, 67.682, 4.8075, 63.7038], [6.4583, 69.7767, 27.3481, 52.8338, 18.3215, 67.6738, 34.4493, 70.3638, 0.0, 41.5223, 39.8208, 50.051, 8.1184, 63.4811, 31.6382, 26.3268, 24.3673, 50.1109, 29.8297, 47.1312, 25.8645, 37.3988, 24.2935, 36.3699, 21.4255, 50.1003, 20.2627, 39.4387, 34.3123, 20.7748, 51.8514, 23.8363, 68.8735, 25.6862, 67.4503, 52.6538, 67.8522, 14.8833, 68.5546, 28.1397], [36.132, 61.842, 16.1767, 70.1042, 25.2964, 66.0832, 8.3922, 55.5643, 41.5223, 0.0, 66.3968, 11.2187, 47.8011, 69.2088, 20.5306, 43.7195, 25.157, 43.002, 21.156, 48.8459, 23.7282, 21.0447, 41.9144, 20.659, 38.181, 43.1552, 33.9722, 2.1234, 62.9241, 22.0545, 68.61, 18.9668, 55.9019, 58.4199, 62.6928, 68.707, 47.8269, 51.6434, 51.4536, 59.7894], [44.9786, 52.2694, 59.2452, 17.2532, 53.557, 44.8395, 63.1349, 59.2288, 39.8208, 66.3968, 0.0, 69.2757, 32.8604, 35.1376, 46.6658, 22.7163, 41.2648, 42.1081, 45.5964, 32.5083, 42.6693, 49.1775, 24.4886, 48.8287, 28.395, 41.946, 32.7382, 64.457, 5.7203, 54.2528, 17.1632, 56.1897, 56.5354, 15.0821, 47.748, 18.3494, 62.6473, 25.8757, 60.2918, 12.4825], [45.2984, 55.6917, 26.8884, 70.2287, 35.4424, 61.3722, 19.4236, 47.9659, 50.051, 11.2187, 69.2757, 0.0, 55.4259, 66.2726, 22.8496, 46.7728, 29.6391, 39.0113, 24.2113, 46.7012, 27.9341, 20.3267, 45.381, 20.5271, 42.295, 39.193, 38.5501, 12.5266, 66.5823, 32.1552, 68.6955, 29.2556, 48.7788, 63.4859, 57.3483, 68.5956, 39.3228, 58.2436, 43.5038, 64.4729], [14.4995, 68.2365, 34.6464, 47.1163, 26.0379, 64.9865, 41.2994, 70.1399, 8.1184, 47.8011, 32.8604, 55.4259, 0.0, 59.5487, 35.068, 23.4355, 27.4364, 49.6672, 33.2738, 45.1054, 29.125, 40.5072, 21.8788, 39.5635, 20.3316, 49.6241, 20.8729, 45.6837, 27.2052, 28.195, 46.28, 31.1184, 68.3599, 18.1639, 65.3936, 47.1847, 68.7632, 7.1156, 68.8626, 20.7171], [66.0048, 21.756, 70.3151, 19.1157, 69.2122, 11.7669, 70.25, 32.3323, 63.4811, 69.2088, 35.1376, 66.2726, 59.5487, 0.0, 49.8747, 37.2095, 49.6814, 27.3716, 50.0811, 20.4786, 49.9701, 48.1651, 39.3686, 48.5972, 42.9427, 27.181, 45.9442, 67.9694, 39.0676, 68.1889, 18.5427, 68.5698, 29.3752, 46.5712, 16.647, 17.3573, 40.0127, 54.2644, 35.6401, 44.5708], [28.9148, 46.4207, 21.5298, 49.5764, 24.2583, 48.5132, 20.3756, 43.1865, 31.6382, 20.5306, 46.6658, 22.8496, 35.068, 49.8747, 0.0, 24.0152, 7.6453, 25.8589, 1.8142, 29.4102, 5.943, 5.8413, 22.5438, 4.7752, 19.4954, 25.9595, 15.9802, 18.8783, 43.7671, 21.8424, 48.0848, 20.8604, 42.5526, 40.7856, 46.051, 48.1962, 38.2934, 36.5605, 40.2082, 41.6746], [28.9326, 44.8976, 37.9303, 29.118, 34.0257, 41.6476, 40.9093, 47.6749, 26.3268, 43.7195, 22.7163, 46.7728, 23.4355, 37.2095, 24.0152, 0.0, 18.668, 27.4065, 22.8918, 21.7098, 20.0003, 27.026, 2.3488, 26.5467, 6.601, 27.3254, 10.7856, 41.8053, 19.8401, 33.8915, 27.8393, 35.2438, 45.6453, 18.7421, 41.9599, 28.3681, 47.768, 20.0347, 47.0208, 18.8483], [22.3608, 49.5528, 20.765, 46.4789, 20.3294, 50.1262, 22.4355, 47.8833, 24.3673, 25.157, 41.2648, 29.6391, 27.4364, 49.6814, 7.6453, 18.668, 0.0, 28.8262, 5.8774, 29.7732, 1.7474, 13.1445, 16.7766, 12.1632, 13.0532, 28.8786, 8.9885, 23.1961, 37.7931, 18.7419, 45.0588, 18.8904, 46.8582, 33.8995, 48.4243, 45.3499, 44.1243, 29.0117, 45.4277, 35.0148], [50.0649, 20.7593, 47.3875, 35.4737, 49.0396, 23.1137, 45.4929, 20.4737, 50.1109, 43.002, 42.1081, 39.0113, 49.6672, 27.3716, 25.8589, 27.4065, 28.8262, 0.0, 26.7196, 10.1868, 28.318, 22.4347, 28.2564, 23.1352, 29.3561, 0.2022, 29.8504, 42.0428, 42.4795, 47.1008, 33.9991, 46.5376, 18.7795, 45.1156, 20.2153, 33.4784, 20.8771, 47.3235, 19.6283, 44.4502], [27.1708, 47.3884, 20.7587, 49.087, 22.8899, 49.138, 20.2706, 44.4954, 29.8297, 21.156, 45.5964, 24.2113, 33.2738, 50.0811, 1.8142, 22.8918, 5.8774, 26.7196, 0.0, 29.6744, 4.1542, 7.6097, 21.3118, 6.5572, 18.0848, 26.8094, 14.4179, 19.3949, 42.5439, 20.6035, 47.6098, 19.8287, 43.775, 39.3068, 46.8455, 47.7651, 39.835, 34.8552, 41.6249, 40.2618], [48.3887, 23.2042, 50.1291, 25.3843, 49.8403, 20.8019, 49.7847, 27.3507, 47.1312, 48.8459, 32.5083, 46.7012, 45.1054, 20.4786, 29.4102, 21.7098, 29.7732, 10.1868, 29.6744, 0.0, 29.8658, 27.8168, 23.256, 28.1936, 25.7077, 9.9965, 27.6547, 47.551, 33.5073, 48.4937, 23.8914, 48.5966, 24.9257, 37.4334, 20.3562, 23.4277, 30.1515, 41.525, 27.8886, 36.3769], [23.5831, 49.076, 20.3471, 47.4059, 20.7216, 50.0037, 21.435, 47.0304, 25.8645, 23.7282, 42.6693, 27.9341, 29.125, 49.9701, 5.943, 20.0003, 1.7474, 28.318, 4.1542, 29.8658, 0.0, 11.5529, 18.1936, 10.5464, 14.6025, 28.3818, 10.6395, 21.8051, 39.3068, 18.8875, 45.9676, 18.7416, 46.0979, 35.5746, 48.1224, 46.2201, 42.9851, 30.7587, 44.4431, 36.6527], [34.7557, 42.4094, 25.8133, 50.1119, 29.6603, 45.5139, 23.0899, 38.2333, 37.3988, 21.0447, 49.1775, 20.3267, 40.5072, 48.1651, 5.8413, 27.026, 13.1445, 22.4347, 7.6097, 27.8168, 11.5529, 0.0, 25.9415, 1.0832, 23.5452, 22.5677, 20.6071, 19.8425, 46.8386, 27.0424, 48.5865, 25.6901, 37.8367, 44.8062, 42.5561, 48.5528, 32.7791, 41.5212, 34.9867, 45.4433], [26.6881, 46.3581, 35.6961, 31.4523, 31.6817, 43.4782, 38.8522, 48.6602, 24.2935, 41.9144, 24.4886, 45.381, 21.8788, 39.3686, 22.5438, 2.3488, 16.7766, 28.2564, 21.3118, 23.256, 18.1936, 25.9415, 0.0, 25.3872, 4.2898, 28.1901, 8.5619, 39.9689, 21.2336, 31.5742, 30.1801, 32.9678, 46.7297, 19.1225, 43.5904, 30.7145, 48.2965, 19.079, 47.7897, 19.5403], [33.6851, 43.2419, 24.8717, 50.135, 28.5974, 46.1737, 22.3578, 39.2172, 36.3699, 20.659, 48.8287, 20.5271, 39.5635, 48.5972, 4.7752, 26.5467, 12.1632, 23.1352, 6.5572, 28.1936, 10.5464, 1.0832, 25.3872, 0.0, 22.863, 23.2626, 19.8093, 19.3722, 46.3806, 25.9972, 48.6142, 24.6832, 38.7831, 44.1617, 43.3002, 48.6074, 33.8406, 40.6836, 36.0095, 44.8488], [23.1006, 48.4456, 31.4309, 35.7168, 27.4527, 46.3209, 34.7705, 49.8222, 21.4255, 38.181, 28.395, 42.295, 20.3316, 42.9427, 19.4954, 6.601, 13.0532, 29.3561, 18.0848, 25.7077, 14.6025, 23.5452, 4.2898, 22.863, 0.0, 29.318, 4.3632, 36.193, 24.7455, 27.2913, 34.4311, 28.6811, 48.0902, 21.3286, 46.027, 34.9439, 48.6059, 18.9595, 48.5494, 22.1829], [50.0804, 20.6942, 47.4868, 35.2766, 49.1029, 22.9702, 45.6198, 20.5205, 50.1003, 43.1552, 41.946, 39.193, 49.6241, 27.181, 25.9595, 27.3254, 28.8786, 0.2022, 26.8094, 9.9965, 28.3818, 22.5677, 28.1901, 23.2626, 29.318, 0.0, 29.8417, 42.19, 42.3352, 47.1747, 33.8026, 46.6238, 18.8016, 45.0033, 20.105, 33.2805, 21.0096, 47.2534, 19.7199, 44.3286], [20.75, 49.7326, 27.1461, 39.783, 23.6497, 48.4494, 30.4113, 50.1228, 20.2627, 33.9722, 32.7382, 38.5501, 20.8729, 45.9442, 15.9802, 10.7856, 8.9885, 29.8504, 14.4179, 27.6547, 10.6395, 20.6071, 8.5619, 19.8093, 4.3632, 29.8417, 0.0, 31.9616, 28.9747, 23.2441, 38.4616, 24.4773, 48.6109, 24.9395, 47.7085, 38.9222, 48.0414, 20.9582, 48.4446, 26.0264], [34.0968, 61.204, 14.4578, 68.4391, 23.4048, 65.1531, 6.9054, 55.2687, 39.4387, 2.1234, 64.457, 12.5266, 45.6837, 67.9694, 18.8783, 41.8053, 23.1961, 42.0428, 19.3949, 47.551, 21.8051, 19.8425, 39.9689, 19.3722, 36.193, 42.19, 31.9616, 0.0, 60.9279, 20.143, 66.9522, 17.0948, 55.4947, 56.3433, 61.8914, 67.0729, 47.791, 49.5225, 51.2597, 57.7313], [39.642, 54.6784, 54.8077, 22.2204, 48.6638, 47.9943, 59.1379, 60.7483, 34.3123, 62.9241, 5.7203, 66.5823, 27.2052, 39.0676, 43.7671, 19.8401, 37.7931, 42.4795, 42.5439, 33.5073, 39.3068, 46.8386, 21.2336, 46.3806, 24.7455, 42.3352, 28.9747, 60.9279, 0.0, 49.5527, 21.8936, 51.6456, 58.1844, 9.3659, 50.4197, 23.0296, 63.3059, 20.1856, 61.375, 6.774], [14.6861, 67.8489, 6.5971, 62.9952, 3.2873, 68.8507, 14.1486, 65.0283, 20.7748, 22.0545, 54.2528, 32.1552, 28.195, 68.1889, 21.8424, 33.8915, 18.7419, 47.1008, 20.6035, 48.4937, 18.8875, 27.0424, 31.5742, 25.9972, 27.2913, 47.1747, 23.2441, 20.143, 49.5527, 0.0, 61.6904, 3.1711, 64.37, 42.7277, 67.0054, 62.1642, 59.7977, 33.6033, 61.9805, 44.7134], [55.7903, 38.1059, 65.3877, 1.5377, 61.8605, 29.3473, 67.4013, 46.9061, 51.8514, 68.61, 17.1632, 68.6955, 46.28, 18.5427, 48.0848, 27.8393, 45.0588, 33.9991, 47.6098, 23.8914, 45.9676, 48.5865, 30.1801, 48.6142, 34.4311, 33.8026, 38.4616, 66.9522, 21.8936, 61.6904, 0.0, 62.8948, 43.9962, 30.5382, 33.1652, 1.205, 52.3924, 39.9767, 49.024, 28.1887], [17.8241, 67.2162, 3.5291, 64.236, 6.3353, 68.6881, 10.9833, 63.888, 23.8363, 18.9668, 56.1897, 29.2556, 31.1184, 68.5698, 20.8604, 35.2438, 18.8904, 46.5376, 19.8287, 48.5966, 18.7416, 25.6901, 32.9678, 24.6832, 28.6811, 46.6238, 24.4773, 17.0948, 51.6456, 3.1711, 62.8948, 0.0, 63.3652, 45.1317, 66.6088, 63.3159, 58.272, 36.3143, 60.6706, 47.0354], [68.6264, 8.7795, 63.6495, 45.1755, 66.6238, 18.5723, 60.2983, 2.9723, 68.8735, 55.9019, 56.5354, 48.7788, 68.3599, 29.3752, 42.5526, 45.6453, 46.8582, 18.7795, 43.775, 24.9257, 46.0979, 37.8367, 46.7297, 38.7831, 48.0902, 18.8016, 48.6109, 55.4947, 58.1844, 64.37, 43.9962, 63.3652, 0.0, 62.3371, 13.181, 43.0768, 12.0217, 65.6782, 6.9503, 61.3018], [31.4328, 59.9693, 48.4779, 31.0555, 41.4179, 54.3947, 53.6561, 64.6704, 25.6862, 58.4199, 15.0821, 63.4859, 18.1639, 46.5712, 40.7856, 18.7421, 33.8995, 45.1156, 39.3068, 37.4334, 35.5746, 44.8062, 19.1225, 44.1617, 21.3286, 45.0033, 24.9395, 56.3433, 9.3659, 42.7277, 30.5382, 45.1317, 62.3371, 0.0, 56.1399, 31.6074, 65.889, 11.054, 64.6366, 2.6102], [68.4443, 5.1202, 67.568, 34.1365, 68.7534, 5.3917, 65.645, 16.0427, 67.4503, 62.6928, 47.748, 57.3483, 65.3936, 16.647, 46.051, 41.9599, 48.4243, 20.2153, 46.8455, 20.3562, 48.1224, 42.5561, 43.5904, 43.3002, 46.027, 20.105, 47.7085, 61.8914, 50.4197, 67.0054, 33.1652, 66.6088, 13.181, 56.1399, 0.0, 32.1111, 24.7586, 61.4862, 19.9266, 54.6556], [56.5037, 37.0742, 65.7643, 2.107, 62.3922, 28.2294, 67.644, 45.9968, 52.6538, 68.707, 18.3494, 68.5956, 47.1847, 17.3573, 48.1962, 28.3681, 45.3499, 33.4784, 47.7651, 23.4277, 46.2201, 48.5528, 30.7145, 48.6074, 34.9439, 33.2805, 38.9222, 67.0729, 23.0296, 62.1642, 1.205, 63.3159, 43.0768, 31.6074, 32.1111, 0.0, 51.6267, 40.9401, 48.1899, 29.2786], [66.4815, 20.7566, 57.9325, 53.7258, 62.438, 30.089, 53.392, 9.8866, 67.8522, 47.8269, 62.6473, 39.3228, 68.7632, 40.0127, 38.2934, 47.768, 44.1243, 20.8771, 39.835, 30.1515, 42.9851, 32.7791, 48.2965, 33.8406, 48.6059, 21.0096, 48.0414, 47.791, 63.3059, 59.7977, 52.3924, 58.272, 12.0217, 65.889, 24.7586, 51.6267, 0.0, 67.2887, 5.1188, 65.298], [20.9677, 64.7144, 39.7966, 40.7154, 31.8336, 60.5891, 45.8454, 67.682, 14.8833, 51.6434, 25.8757, 58.2436, 7.1156, 54.2644, 36.5605, 20.0347, 29.0117, 47.3235, 34.8552, 41.525, 30.7587, 41.5212, 19.079, 40.6836, 18.9595, 47.2534, 20.9582, 49.5225, 20.1856, 33.6033, 39.9767, 36.3143, 65.6782, 11.054, 61.4862, 40.9401, 67.2887, 0.0, 66.8684, 13.6206], [67.6569, 15.7236, 60.5951, 50.2967, 64.4664, 25.3009, 56.5431, 4.8075, 68.5546, 51.4536, 60.2918, 43.5038, 68.8626, 35.6401, 40.2082, 47.0208, 45.4277, 19.6283, 41.6249, 27.8886, 44.4431, 34.9867, 47.7897, 36.0095, 48.5494, 19.7199, 48.4446, 51.2597, 61.375, 61.9805, 49.024, 60.6706, 6.9503, 64.6366, 19.9266, 48.1899, 5.1188, 66.8684, 0.0, 63.854], [33.7817, 58.612, 50.3366, 28.6529, 43.5181, 52.7172, 55.2887, 63.7038, 28.1397, 59.7894, 12.4825, 64.4729, 20.7171, 44.5708, 41.6746, 18.8483, 35.0148, 44.4502, 40.2618, 36.3769, 36.6527, 45.4433, 19.5403, 44.8488, 22.1829, 44.3286, 26.0264, 57.7313, 6.774, 44.7134, 28.1887, 47.0354, 61.3018, 2.6102, 54.6556, 29.2786, 65.298, 13.6206, 63.854, 0.0]]
