[4, 70]
[[0.0, 55.3895, 21.435, 50.4159, 20.922, 51.5543, 40.2324, 49.1213, 0.9194, 56.111, 8.2898, 56.0507, 26.1553, 46.6987, 34.5805, 49.4104, 23.7313, 43.8584, 42.0615, 56.1424, 14.363, 32.3334, 25.9588, 39.5458, 27.6851, 28.9927, 27.3625, 28.8684, 28.1993, 28.9795, 27.1733, 27.8503, 27.2579, 28.9069, 27.3579, 28.6544, 27.7451, 28.9138, 27.3611, 27.7376, 27.314, 28.5922, 27.3189, 28.5639, 28.6495, 28.2272, 27.2441, 19.6454, 46.9432, 14.8103, 39.1958, 32.5864, 41.7704, 8.2685, 51.0699, 30.4867, 38.4728, 12.6581, 41.4115, 5.378, 26.4611, 5.0845, 49.1908, 31.1007, 48.6403, 21.9992, 37.0829, 6.1124, 51.007, 10.4335], [55.3895, 0.0, 54.7523, 16.0546, 54.8732, 13.4328, 45.3231, 18.7134, 55.5345, 11.7864, 56.1577, 12.864, 44.6797, 38.5216, 37.912, 34.5339, 46.2669, 41.8764, 29.7323, 7.6599, 51.1658, 50.6537, 44.8137, 45.8922, 28.7467, 27.1884, 28.9542, 27.1899, 28.3001, 27.3051, 28.9145, 28.0438, 28.9945, 27.1754, 28.6045, 27.8031, 28.1539, 27.4377, 28.6003, 28.7065, 28.6638, 27.8785, 28.6571, 27.9117, 27.3244, 28.2727, 28.768, 49.93, 13.1903, 50.7955, 26.3832, 44.4506, 22.7305, 51.0688, 11.4674, 45.7144, 27.3205, 51.0026, 36.699, 50.0728, 47.6922, 50.3241, 22.3586, 35.2663, 24.024, 42.2424, 41.0834, 50.8559, 12.5956, 51.1], [21.435, 54.7523, 0.0, 56.0489, 0.5539, 56.1596, 22.2302, 55.7981, 20.5823, 50.9043, 13.5378, 50.4277, 43.1448, 31.2541, 48.8542, 35.4778, 41.363, 27.1483, 53.0837, 52.5323, 33.9982, 12.3592, 43.0025, 21.3313, 27.2166, 28.8132, 27.1756, 28.9756, 27.5223, 28.592, 27.5171, 28.5417, 27.2228, 28.9538, 27.9691, 27.986, 28.4439, 28.4061, 27.9741, 27.237, 27.8949, 27.9089, 27.9035, 27.8757, 28.9915, 27.5451, 27.7543, 5.0833, 51.0975, 7.6996, 48.7044, 15.5763, 49.8188, 14.1406, 46.5282, 13.1492, 48.3549, 9.6128, 27.04, 21.6717, 8.9014, 20.4777, 40.2586, 44.1305, 39.0609, 37.7331, 21.1504, 16.9697, 45.9875, 11.8008], [50.4159, 16.0546, 56.0489, 0.0, 56.0103, 2.7163, 52.9147, 2.7953, 50.8145, 26.9918, 53.518, 27.9551, 33.0867, 48.5983, 24.4847, 45.7546, 35.234, 50.8286, 14.8711, 23.2449, 42.4084, 55.4772, 33.2657, 53.2338, 28.9831, 27.446, 28.97, 27.2293, 28.7493, 27.7018, 28.573, 27.5468, 28.9021, 27.2628, 28.1093, 28.3267, 27.6407, 27.9029, 28.1042, 28.9708, 28.1841, 28.4004, 28.1754, 28.4317, 27.1678, 28.7299, 28.327, 50.9664, 5.6202, 50.2939, 13.3031, 49.7846, 9.596, 48.4146, 24.6213, 50.3229, 14.3079, 49.8144, 45.2813, 45.1021, 50.9448, 45.7175, 34.3795, 23.4264, 35.7578, 32.3653, 48.0248, 47.3239, 25.7125, 49.1883], [20.922, 54.8732, 0.5539, 56.0103, 0.0, 56.1477, 22.7377, 55.732, 20.066, 51.136, 12.9996, 50.6692, 42.7881, 31.7128, 48.5785, 35.9055, 40.9863, 27.6318, 52.9001, 52.7257, 33.5557, 12.8989, 42.6441, 21.8426, 27.2227, 28.8239, 27.1734, 28.9795, 27.5369, 28.6068, 27.5029, 28.5261, 27.2167, 28.9592, 27.9512, 28.004, 28.4273, 28.4228, 27.9562, 27.2441, 27.8772, 27.9267, 27.8858, 27.8934, 28.989, 27.56, 27.7374, 5.0627, 51.0866, 7.3314, 48.5503, 16.0303, 49.7047, 13.6889, 46.7331, 13.5994, 48.1904, 9.1954, 27.4589, 21.2273, 9.3135, 20.0297, 40.5646, 43.8759, 39.3812, 37.3945, 21.5951, 16.5159, 46.2038, 11.3593], [51.5543, 13.4328, 56.1596, 2.7163, 56.1477, 0.0, 51.9419, 5.505, 51.9123, 24.5781, 54.2798, 25.5664, 35.243, 47.1796, 26.9007, 44.1256, 37.3082, 49.6133, 17.4731, 20.7449, 44.1398, 54.9878, 35.4154, 52.3051, 28.9626, 27.3848, 28.9879, 27.201, 28.6862, 27.6226, 28.6449, 27.6217, 28.9375, 27.2269, 28.1975, 28.2406, 27.7208, 27.8167, 28.1925, 28.9451, 28.2714, 28.3164, 28.2628, 28.3487, 27.1726, 28.6649, 28.4108, 51.0882, 5.0626, 50.672, 15.5228, 49.1717, 11.7197, 49.1456, 22.4787, 49.8361, 16.5335, 50.3058, 44.0906, 46.205, 50.6913, 46.7626, 32.5326, 25.5493, 33.9698, 34.2188, 47.129, 48.1969, 23.5934, 49.7983], [40.2324, 45.3231, 22.2302, 52.9147, 22.7377, 51.9419, 0.0, 53.7866, 39.5855, 37.3523, 34.0072, 36.5203, 53.8551, 10.2313, 55.8335, 15.3467, 53.0246, 5.4705, 56.0135, 40.3753, 48.9172, 10.3354, 53.7917, 0.9752, 27.2794, 28.1879, 27.5555, 28.553, 27.1711, 27.881, 28.2207, 28.9726, 27.7279, 28.4813, 28.663, 27.3511, 28.9402, 27.6815, 28.6669, 27.2533, 28.6035, 27.3065, 28.6107, 27.2889, 28.802, 27.174, 28.4782, 21.1623, 47.3065, 25.8243, 50.8637, 7.6508, 50.2783, 31.9654, 34.4826, 9.8084, 50.9599, 27.8341, 8.8259, 38.0079, 14.1316, 37.1005, 24.7422, 50.7129, 23.088, 48.2461, 5.0821, 34.3285, 33.5379, 29.9008], [49.1213, 18.7134, 55.7981, 2.7953, 55.732, 5.505, 53.7866, 0.0, 49.5605, 29.4098, 52.6033, 30.345, 30.7869, 49.9395, 21.9386, 47.3192, 33.0134, 51.9551, 12.1571, 25.7608, 40.523, 55.8453, 30.9721, 54.0594, 28.9957, 27.5153, 28.9431, 27.267, 28.8079, 27.7869, 28.4943, 27.475, 28.8578, 27.308, 28.0181, 28.4129, 27.5625, 27.9933, 28.0131, 28.9888, 28.0932, 28.4838, 28.0844, 28.5137, 27.172, 28.7905, 28.2384, 50.7178, 7.0913, 49.7833, 11.0581, 50.2949, 7.5816, 47.5455, 26.777, 50.7021, 12.0401, 49.1883, 46.3978, 43.8587, 51.0824, 44.5321, 36.2001, 21.1975, 37.514, 30.3837, 48.8308, 46.3115, 27.8402, 48.4417], [0.9194, 55.5345, 20.5823, 50.8145, 20.066, 51.9123, 39.5855, 49.5605, 0.0, 56.0623, 7.3794, 55.9839, 26.9654, 46.1816, 35.3004, 48.9665, 24.5614, 43.2782, 42.6652, 56.1622, 15.2499, 31.5773, 26.7706, 38.8877, 27.6581, 28.9959, 27.3442, 28.8832, 28.1696, 28.9729, 27.1771, 27.8795, 27.2451, 28.9195, 27.3768, 28.6309, 27.7733, 28.9008, 27.3801, 27.7098, 27.3309, 28.5672, 27.336, 28.5384, 28.6725, 28.1976, 27.2567, 18.8978, 47.2657, 14.0588, 39.723, 31.9458, 42.2433, 7.6319, 51.0324, 29.8209, 39.0137, 11.9183, 40.9196, 5.7125, 25.7556, 5.2277, 48.9587, 31.7517, 48.3786, 22.7318, 36.5079, 5.6886, 50.9488, 9.7245], [56.111, 11.7864, 50.9043, 26.9918, 51.136, 24.5781, 37.3523, 29.4098, 56.0623, 0.0, 55.1252, 1.1044, 50.8273, 29.0864, 45.7643, 24.4697, 51.9194, 33.0892, 39.0699, 4.187, 54.8886, 44.4332, 50.9213, 38.075, 28.4322, 27.1893, 28.7644, 27.3544, 27.9161, 27.1749, 28.9994, 28.4218, 28.8777, 27.3072, 28.8654, 27.4678, 28.5209, 27.2263, 28.8628, 28.3791, 28.9014, 27.5282, 28.8975, 27.5557, 27.6053, 27.8883, 28.9559, 46.5566, 22.8378, 48.5042, 34.8703, 38.2234, 31.6782, 50.3433, 5.0776, 39.9499, 35.6736, 49.2042, 28.5285, 51.1027, 42.8142, 51.0728, 12.7023, 42.1901, 14.4147, 47.3115, 33.8648, 50.7866, 5.1391, 49.8275], [8.2898, 56.1577, 13.5378, 53.518, 12.9996, 54.2798, 34.0072, 52.6033, 7.3794, 55.1252, 0.0, 54.9028, 33.2049, 41.5811, 40.7342, 44.9272, 30.9849, 38.1993, 47.0947, 55.7746, 22.2199, 25.2008, 33.0258, 33.2259, 27.4599, 28.9864, 27.2277, 28.9711, 27.929, 28.8869, 27.2439, 28.1195, 27.1775, 28.9876, 27.5552, 28.4225, 28.0093, 28.767, 27.5594, 27.5033, 27.4951, 28.3494, 27.5019, 28.317, 28.8333, 27.9569, 27.39, 12.8502, 49.3997, 8.2759, 43.5769, 26.5157, 45.6357, 5.156, 50.239, 24.2158, 42.9845, 6.557, 36.5829, 10.5848, 19.8901, 9.4432, 46.6246, 36.6859, 45.8129, 28.4366, 31.5522, 6.515, 49.99, 5.3213], [56.0507, 12.864, 50.4277, 27.9551, 50.6692, 25.5664, 36.5203, 30.345, 55.9839, 1.1044, 54.9028, 0.0, 51.2875, 28.1359, 46.3958, 23.4708, 52.3307, 32.1904, 39.8558, 5.2875, 55.1123, 43.7491, 51.3775, 37.2557, 28.3989, 27.1979, 28.7401, 27.377, 27.8807, 27.1711, 28.9994, 28.4548, 28.8594, 27.3271, 28.8833, 27.4413, 28.5519, 27.2141, 28.8809, 28.345, 28.9168, 27.4997, 28.9131, 27.5264, 27.6366, 27.8532, 28.9661, 46.1358, 23.711, 48.1802, 35.5907, 37.5551, 32.4508, 50.1617, 5.2499, 39.3208, 36.3793, 48.9247, 27.703, 51.0838, 42.2612, 51.0277, 11.8139, 42.7451, 13.5139, 47.6802, 33.1145, 50.6654, 5.0639, 49.5958], [26.1553, 44.6797, 43.1448, 33.0867, 42.7881, 35.243, 53.8551, 30.7869, 26.9654, 50.8273, 33.2049, 51.2875, 0.0, 55.8595, 9.992, 56.1638, 2.7048, 55.1525, 19.889, 48.904, 12.5749, 50.0006, 0.2217, 53.5701, 28.5371, 28.5165, 28.1462, 28.146, 28.8944, 28.757, 27.4955, 27.2184, 27.9507, 28.2273, 27.2166, 28.9981, 27.1882, 28.8796, 27.2149, 28.5854, 27.2441, 28.9992, 27.2406, 28.9978, 27.813, 28.9069, 27.3141, 39.0965, 32.2935, 35.4568, 19.7842, 47.0927, 23.5327, 29.7042, 46.1298, 45.984, 18.7818, 33.7056, 50.5717, 22.6331, 43.6384, 23.807, 50.0095, 9.6984, 50.367, 5.6613, 49.1461, 27.1346, 46.663, 31.7759], [46.6987, 38.5216, 31.2541, 48.5983, 31.7128, 47.1796, 10.2313, 49.9395, 46.1816, 29.0864, 41.5811, 28.1359, 55.8595, 0.0, 56.0132, 5.2479, 55.5118, 4.8037, 54.3197, 32.5872, 53.1267, 20.2191, 55.8358, 11.1887, 27.4931, 27.8547, 27.8608, 28.2419, 27.2051, 27.5727, 28.5344, 28.9933, 28.055, 28.1609, 28.8766, 27.2014, 28.9996, 27.4112, 28.8791, 27.4502, 28.837, 27.1835, 28.8419, 27.1778, 28.5538, 27.1975, 28.7459, 29.121, 43.025, 33.3195, 49.1229, 15.6841, 47.7874, 38.6304, 27.1439, 18.1181, 49.4189, 35.0863, 5.4659, 43.5572, 22.4961, 42.8409, 16.4657, 51.0178, 14.7409, 50.5013, 10.1738, 40.5982, 26.071, 36.8747], [34.5805, 37.912, 48.8542, 24.4847, 48.5785, 26.9007, 55.8335, 21.9386, 35.3004, 45.7643, 40.7342, 46.3958, 9.992, 56.0132, 0.0, 55.3796, 12.642, 56.1636, 10.2272, 43.2095, 22.1127, 53.7549, 10.2101, 55.7189, 28.7848, 28.2082, 28.461, 27.8216, 28.9916, 28.4998, 27.781, 27.1682, 28.2762, 27.9014, 27.3778, 28.9239, 27.1783, 28.6736, 27.3745, 28.8198, 27.4286, 28.9514, 27.4224, 28.9615, 27.5218, 28.9949, 27.5398, 44.2941, 24.8602, 41.3918, 11.6009, 49.8617, 15.4008, 36.553, 41.5169, 49.2032, 10.6264, 39.9475, 51.0763, 30.285, 47.6535, 31.3475, 47.3582, 5.1232, 48.0409, 12.5916, 50.8504, 34.3125, 42.245, 38.3258], [49.4104, 34.5339, 35.4778, 45.7546, 35.9055, 44.1256, 15.3467, 47.3192, 48.9665, 24.4697, 44.9272, 23.4708, 56.1638, 5.2479, 55.3796, 0.0, 56.0684, 10.0114, 52.7471, 28.1703, 54.5976, 25.0267, 56.1609, 16.2825, 27.635, 27.6929, 28.0304, 28.0716, 27.2699, 27.439, 28.6737, 28.9583, 28.2256, 27.9897, 28.9472, 27.1708, 28.9843, 27.306, 28.9489, 27.5858, 28.9198, 27.1678, 28.9233, 27.1686, 28.4005, 27.2571, 28.8509, 32.8682, 40.2819, 36.7594, 47.6007, 19.9763, 45.8983, 41.5652, 23.0676, 22.3656, 47.9953, 38.3744, 8.4769, 45.8506, 26.5968, 45.2421, 12.1811, 50.5197, 10.5112, 51.0106, 14.3857, 43.3023, 21.9479, 39.9934], [23.7313, 46.2669, 41.363, 35.234, 40.9863, 37.3082, 53.0246, 33.0134, 24.5614, 51.9194, 30.9849, 52.3307, 2.7048, 55.5118, 12.642, 56.0684, 0.0, 54.5767, 22.3954, 50.1776, 9.9243, 48.7104, 2.4833, 52.695, 28.459, 28.5916, 28.0581, 28.2334, 28.8503, 28.8129, 27.43, 27.2518, 27.8639, 28.3133, 27.1919, 28.9989, 27.2113, 28.919, 27.1907, 28.51, 27.2124, 28.9928, 27.2097, 28.9882, 27.8988, 28.8651, 27.2693, 37.481, 34.142, 33.6634, 21.9638, 46.0886, 25.6442, 27.6997, 47.1298, 44.8642, 20.9745, 31.8398, 50.1609, 20.4637, 42.3166, 21.6579, 50.4562, 11.8181, 50.7237, 5.0633, 48.4185, 25.0585, 47.6072, 29.8388], [43.8584, 41.8764, 27.1483, 50.8286, 27.6318, 49.6133, 5.4705, 51.9551, 43.2782, 33.0892, 38.1993, 32.1904, 55.1525, 4.8037, 56.1636, 10.0114, 54.5767, 0.0, 55.3426, 36.3804, 51.373, 15.6633, 55.1101, 6.4402, 27.3812, 28.0096, 27.7119, 28.3927, 27.1736, 27.7109, 28.3929, 28.9984, 27.8991, 28.3148, 28.7882, 27.2573, 28.9864, 27.5284, 28.7914, 27.3456, 28.7386, 27.2263, 28.7446, 27.2149, 28.6798, 27.1708, 28.6298, 25.4886, 45.2125, 29.9292, 50.1439, 11.7743, 49.1548, 35.6567, 30.6936, 14.1803, 50.3473, 31.8194, 5.5575, 41.1302, 18.6158, 40.3209, 20.387, 51.0863, 18.6777, 49.6518, 6.7795, 37.8194, 29.6753, 33.7474], [42.0615, 29.7323, 53.0837, 14.8711, 52.9001, 17.4731, 56.0135, 12.1571, 42.6652, 39.0699, 47.0947, 39.8558, 19.889, 54.3197, 10.2272, 52.7471, 22.3954, 55.3426, 0.0, 35.9532, 31.1443, 55.8214, 20.0962, 56.0772, 28.9478, 27.8748, 28.7326, 27.5227, 28.9757, 28.1816, 28.1114, 27.2407, 28.5823, 27.5904, 27.6366, 28.7408, 27.2906, 28.3862, 27.6322, 28.9648, 27.7041, 28.792, 27.6961, 28.8127, 27.2979, 28.969, 27.8421, 48.1762, 16.5933, 46.1306, 5.2031, 51.0663, 7.4232, 42.402, 35.4554, 50.8911, 5.0633, 45.0519, 49.9217, 37.2012, 50.2092, 38.1058, 43.1008, 11.2364, 44.0929, 20.9749, 50.9315, 40.5827, 36.3571, 43.8039], [56.1424, 7.6599, 52.5323, 23.2449, 52.7257, 20.7449, 40.3753, 25.7608, 56.1622, 4.187, 55.7746, 5.2875, 48.904, 32.5872, 43.2095, 28.1703, 50.1776, 36.3804, 35.9532, 0.0, 53.8475, 46.8708, 49.0127, 41.0472, 28.5534, 27.1697, 28.847, 27.2792, 28.052, 27.2027, 28.9871, 28.2921, 28.936, 27.2428, 28.7869, 27.5765, 28.3972, 27.2847, 28.7837, 28.5039, 28.8321, 27.6437, 28.827, 27.6738, 27.4934, 28.0238, 28.9055, 47.9906, 19.4693, 49.5641, 32.0226, 40.6266, 28.6455, 50.8565, 6.0992, 42.1981, 32.8786, 50.0926, 31.5669, 50.9962, 44.7628, 51.0661, 16.1229, 39.9411, 17.8469, 45.7496, 36.5961, 51.069, 6.8884, 50.5323], [14.363, 51.1658, 33.9982, 42.4084, 33.5557, 44.1398, 48.9172, 40.523, 15.2499, 54.8886, 22.2199, 55.1123, 12.5749, 53.1267, 22.1127, 54.5976, 9.9243, 51.373, 31.1443, 53.8475, 0.0, 43.0028, 12.3587, 48.4306, 28.1463, 28.8228, 27.7403, 28.5368, 28.6311, 28.9588, 27.2459, 27.4402, 27.5666, 28.6055, 27.1756, 28.9317, 27.3658, 28.9971, 27.1763, 28.203, 27.1688, 28.8998, 27.1693, 28.8841, 28.2224, 28.6533, 27.1738, 30.8334, 40.2717, 26.452, 29.6252, 41.4975, 32.9459, 19.872, 49.869, 39.8749, 28.7181, 24.4079, 47.6618, 12.3287, 36.6404, 13.5305, 51.0972, 19.9489, 51.0287, 10.2403, 44.7935, 17.0547, 50.1319, 22.1978], [32.3334, 50.6537, 12.3592, 55.4772, 12.8989, 54.9878, 10.3354, 55.8453, 31.5773, 44.4332, 25.2008, 43.7491, 50.0006, 20.2191, 53.7549, 25.0267, 48.7104, 15.6633, 55.8214, 46.8708, 43.0028, 0.0, 49.8992, 9.3753, 27.1747, 28.5086, 27.3184, 28.8035, 27.2637, 28.218, 27.8836, 28.8353, 27.4445, 28.7507, 28.3697, 27.6027, 28.768, 28.0078, 28.3744, 27.1694, 28.2978, 27.5377, 28.3063, 27.5107, 28.9575, 27.2768, 28.154, 12.6908, 50.046, 17.5231, 50.9115, 6.2467, 51.1043, 24.2208, 40.7824, 5.1549, 50.8024, 19.6782, 17.1337, 31.1538, 6.4097, 30.0876, 32.4309, 48.6994, 30.9478, 44.3494, 11.0262, 26.888, 40.0046, 21.932], [25.9588, 44.8137, 43.0025, 33.2657, 42.6441, 35.4154, 53.7917, 30.9721, 26.7706, 50.9213, 33.0258, 51.3775, 0.2217, 55.8358, 10.2101, 56.1609, 2.4833, 55.1101, 20.0962, 49.0127, 12.3587, 49.8992, 0.0, 53.503, 28.5308, 28.5228, 28.139, 28.1532, 28.891, 28.7618, 27.4899, 27.2208, 27.9435, 28.2344, 27.2142, 28.9984, 27.1898, 28.8831, 27.2126, 28.5794, 27.2412, 28.999, 27.2378, 28.9973, 27.8199, 28.9038, 27.3102, 38.9674, 32.4477, 35.3128, 19.964, 47.0145, 23.7074, 29.5423, 46.2157, 45.8961, 18.9624, 33.5554, 50.5424, 22.4566, 43.5338, 23.6324, 50.0504, 9.8678, 50.4006, 5.5745, 49.0907, 26.9665, 46.7445, 31.6197], [39.5458, 45.8922, 21.3313, 53.2338, 21.8426, 52.3051, 0.9752, 54.0594, 38.8877, 38.075, 33.2259, 37.2557, 53.5701, 11.1887, 55.7189, 16.2825, 52.695, 6.4402, 56.0772, 41.0472, 48.4306, 9.3753, 53.503, 0.0, 27.2645, 28.2194, 27.5296, 28.5798, 27.1745, 27.9123, 28.1892, 28.9645, 27.6986, 28.5095, 28.6383, 27.3709, 28.9286, 27.7105, 28.6423, 27.2402, 28.5773, 27.324, 28.5846, 27.3054, 28.821, 27.1784, 28.4495, 20.376, 47.6332, 25.0702, 50.9418, 7.0165, 50.4289, 31.2773, 35.1254, 9.0726, 51.0187, 27.0987, 9.554, 37.4145, 13.3371, 36.4906, 25.499, 50.5962, 23.8577, 47.948, 5.234, 33.6735, 34.1949, 29.1875], [27.6851, 28.7467, 27.2166, 28.9831, 27.2227, 28.9626, 27.2794, 28.9957, 27.6581, 28.4322, 27.4599, 28.3989, 28.5371, 27.4931, 28.7848, 27.635, 28.459, 27.3812, 28.9478, 28.5534, 28.1463, 27.1747, 28.5308, 27.2645, 0.0, 1.6155, 0.4102, 1.7616, 0.5198, 1.4479, 1.0446, 1.7084, 0.5985, 1.7373, 1.4071, 0.9769, 1.6655, 1.3093, 1.4103, 0.0571, 1.3579, 0.9102, 1.3637, 0.8808, 1.8237, 0.5468, 1.2556, 22.16, 23.9005, 22.2461, 23.8987, 22.1385, 23.9297, 22.4258, 23.3853, 22.1173, 23.8866, 22.2963, 22.3769, 22.6856, 22.1058, 22.6407, 22.9598, 23.7054, 22.8914, 23.3964, 22.2257, 22.5168, 23.3431, 22.3565], [28.9927, 27.1884, 28.8132, 27.446, 28.8239, 27.3848, 28.1879, 27.5153, 28.9959, 27.1893, 28.9864, 27.1979, 28.5165, 27.8547, 28.2082, 27.6929, 28.5916, 28.0096, 27.8748, 27.1697, 28.8228, 28.5086, 28.5228, 28.2194, 1.6155, 0.0, 1.7678, 0.3873, 1.3041, 0.3071, 1.8195, 1.3883, 1.809, 0.3068, 1.6977, 0.9061, 1.4577, 0.5126, 1.6957, 1.5878, 1.7244, 0.9729, 1.7214, 1.0013, 0.7079, 1.2841, 1.7682, 23.7615, 22.3241, 23.8566, 22.7733, 23.3289, 22.6295, 23.9291, 22.1239, 23.4176, 22.8124, 23.8876, 22.8682, 23.9202, 23.5671, 23.9281, 22.314, 23.1767, 22.3603, 23.5338, 23.1127, 23.937, 22.1345, 23.9124], [27.3625, 28.9542, 27.1756, 28.97, 27.1734, 28.9879, 27.5555, 28.9431, 27.3442, 28.7644, 27.2277, 28.7401, 28.1462, 27.8608, 28.461, 28.0304, 28.0581, 27.7119, 28.7326, 28.847, 27.7403, 27.3184, 28.139, 27.5296, 0.4102, 1.7678, 0.0, 1.8293, 0.8999, 1.6624, 0.6812, 1.517, 0.1956, 1.8232, 1.1087, 1.2991, 1.4524, 1.563, 1.1128, 0.4656, 1.048, 1.2431, 1.0552, 1.218, 1.8159, 0.9244, 0.925, 22.1111, 23.9254, 22.1099, 23.701, 22.3387, 23.7921, 22.179, 23.7124, 22.2771, 23.6738, 22.1231, 22.7297, 22.3441, 22.1872, 22.312, 23.3635, 23.3754, 23.2994, 22.9957, 22.5086, 22.2306, 23.682, 22.1459], [28.8684, 27.1899, 28.9756, 27.2293, 28.9795, 27.201, 28.553, 27.267, 28.8832, 27.3544, 28.9711, 27.377, 28.146, 28.2419, 27.8216, 28.0716, 28.2334, 28.3927, 27.5227, 27.2792, 28.5368, 28.8035, 28.1532, 28.5798, 1.7616, 0.3873, 1.8293, 0.0, 1.5466, 0.682, 1.7335, 1.1042, 1.829, 0.0819, 1.5138, 1.2222, 1.1901, 0.8728, 1.5109, 1.7451, 1.5548, 1.2791, 1.5501, 1.303, 0.3347, 1.5313, 1.627, 23.9167, 22.1389, 23.937, 22.4282, 23.655, 22.3192, 23.8996, 22.2845, 23.7204, 22.4599, 23.9335, 23.2547, 23.7717, 23.8195, 23.798, 22.6221, 22.7895, 22.6855, 23.1771, 23.4791, 23.862, 22.3131, 23.9213], [28.1993, 28.3001, 27.5223, 28.7493, 27.5369, 28.6862, 27.1711, 28.8079, 28.1696, 27.9161, 27.929, 27.8807, 28.8944, 27.2051, 28.9916, 27.2699, 28.8503, 27.1736, 28.9757, 28.052, 28.6311, 27.2637, 28.891, 27.1745, 0.5198, 1.3041, 0.8999, 1.5466, 0.0, 1.0699, 1.4287, 1.8257, 1.0652, 1.5011, 1.6821, 0.4971, 1.8135, 0.892, 1.6841, 0.4648, 1.6509, 0.4217, 1.6547, 0.3888, 1.6999, 0.0282, 1.5824, 22.4752, 23.626, 22.6428, 23.9028, 22.1507, 23.8506, 22.9046, 22.8706, 22.1865, 23.9126, 22.7235, 22.1244, 23.2043, 22.2761, 23.1568, 22.4695, 23.9251, 22.4156, 23.787, 22.1073, 23.017, 22.8254, 22.8115], [28.9795, 27.3051, 28.592, 27.7018, 28.6068, 27.6226, 27.881, 27.7869, 28.9729, 27.1749, 28.8869, 27.1711, 28.757, 27.5727, 28.4998, 27.439, 28.8129, 27.7109, 28.1816, 27.2027, 28.9588, 28.218, 28.7618, 27.9123, 1.4479, 0.3071, 1.6624, 0.682, 1.0699, 0.0, 1.8293, 1.569, 1.735, 0.6053, 1.789, 0.6263, 1.623, 0.2105, 1.7879, 1.4122, 1.8036, 0.6989, 1.8021, 0.73, 0.9812, 1.0469, 1.8234, 23.5451, 22.5631, 23.6889, 23.0793, 23.0275, 22.9268, 23.841, 22.1144, 23.1241, 23.1193, 23.7441, 22.5765, 23.9282, 23.296, 23.9204, 22.1594, 23.4646, 22.1856, 23.7534, 22.8059, 23.8843, 22.1089, 23.7956], [27.1733, 28.9145, 27.5171, 28.573, 27.5029, 28.6449, 28.2207, 28.4943, 27.1771, 28.9994, 27.2439, 28.9994, 27.4955, 28.5344, 27.781, 28.6737, 27.43, 28.3929, 28.1114, 28.9871, 27.2459, 27.8836, 27.4899, 28.1892, 1.0446, 1.8195, 0.6812, 1.7335, 1.4287, 1.8293, 0.0, 1.0264, 0.4957, 1.7583, 0.487, 1.6862, 0.9332, 1.8061, 0.4919, 1.091, 0.4142, 1.6543, 0.4228, 1.6395, 1.5962, 1.4462, 0.2707, 22.4435, 23.5838, 22.306, 23.0953, 22.9551, 23.2452, 22.1682, 23.9365, 22.8587, 23.0552, 22.2546, 23.409, 22.1058, 22.688, 22.109, 23.8515, 22.6946, 23.8208, 22.3669, 23.1771, 22.1331, 23.9369, 22.2078], [27.8503, 28.0438, 28.5417, 27.5468, 28.5261, 27.6217, 28.9726, 27.475, 27.8795, 28.4218, 28.1195, 28.4548, 27.2184, 28.9933, 27.1682, 28.9583, 27.2518, 28.9984, 27.2407, 28.2921, 27.4402, 28.8353, 27.2208, 28.9645, 1.7084, 1.3883, 1.517, 1.1042, 1.8257, 1.569, 1.0264, 0.0, 1.3986, 1.1685, 0.586, 1.7977, 0.1102, 1.6672, 0.5812, 1.7281, 0.6567, 1.811, 0.6485, 1.8158, 0.8186, 1.8278, 0.7908, 23.4674, 22.5611, 23.2918, 22.1969, 23.84, 22.2762, 23.025, 23.3491, 23.7929, 22.1799, 23.2088, 23.9364, 22.7279, 23.6859, 22.7744, 23.7022, 22.1052, 23.7455, 22.1912, 23.9139, 22.9125, 23.3911, 23.119], [27.2579, 28.9945, 27.2228, 28.9021, 27.2167, 28.9375, 27.7279, 28.8578, 27.2451, 28.8777, 27.1775, 28.8594, 27.9507, 28.055, 28.2762, 28.2256, 27.8639, 27.8991, 28.5823, 28.936, 27.5666, 27.4445, 27.9435, 27.6986, 0.5985, 1.809, 0.1956, 1.829, 1.0652, 1.735, 0.4957, 1.3986, 0.0, 1.8317, 0.9467, 1.4296, 1.325, 1.656, 0.951, 0.6521, 0.8816, 1.3796, 0.8893, 1.3572, 1.7798, 1.088, 0.7509, 22.1551, 23.8751, 22.1114, 23.5572, 22.4861, 23.6716, 22.121, 23.8227, 22.4096, 23.5245, 22.1054, 22.9216, 22.227, 22.2886, 22.2036, 23.5346, 23.1891, 23.477, 22.8014, 22.6832, 22.1493, 23.8, 22.1082], [28.9069, 27.1754, 28.9538, 27.2628, 28.9592, 27.2269, 28.4813, 27.308, 28.9195, 27.3072, 28.9876, 27.3271, 28.2273, 28.1609, 27.9014, 27.9897, 28.3133, 28.3148, 27.5904, 27.2428, 28.6055, 28.7507, 28.2344, 28.5095, 1.7373, 0.3068, 1.8232, 0.0819, 1.5011, 0.6053, 1.7583, 1.1685, 1.8317, 0.0, 1.5584, 1.1599, 1.2513, 0.7999, 1.5557, 1.7184, 1.5966, 1.2191, 1.5922, 1.2441, 0.4149, 1.4848, 1.663, 23.8965, 22.165, 23.9331, 22.4938, 23.5942, 22.3755, 23.9189, 22.2381, 23.6656, 22.5276, 23.937, 23.175, 23.8149, 23.7769, 23.8376, 22.5493, 22.87, 22.6101, 23.2568, 23.407, 23.8906, 22.2633, 23.9326], [27.3579, 28.6045, 27.9691, 28.1093, 27.9512, 28.1975, 28.663, 28.0181, 27.3768, 28.8654, 27.5552, 28.8833, 27.2166, 28.8766, 27.3778, 28.9472, 27.1919, 28.7882, 27.6366, 28.7869, 27.1756, 28.3697, 27.2142, 28.6383, 1.4071, 1.6977, 1.1087, 1.5138, 1.6821, 1.789, 0.487, 0.586, 0.9467, 1.5584, 0.0, 1.8158, 0.4806, 1.8224, 0.0051, 1.443, 0.0751, 1.8039, 0.0663, 1.7977, 1.2998, 1.6931, 0.2207, 22.8934, 23.1375, 22.7058, 22.6153, 23.4309, 22.7582, 22.4661, 23.7965, 23.3428, 22.5793, 22.6257, 23.776, 22.2579, 23.1733, 22.2862, 23.9331, 22.2986, 23.9369, 22.1288, 23.6145, 22.3799, 23.8195, 22.5448], [28.6544, 27.8031, 27.986, 28.3267, 28.004, 28.2406, 27.3511, 28.4129, 28.6309, 27.4678, 28.4225, 27.4413, 28.9981, 27.2014, 28.9239, 27.1708, 28.9989, 27.2573, 28.7408, 27.5765, 28.9317, 27.6027, 28.9984, 27.3709, 0.9769, 0.9061, 1.2991, 1.2222, 0.4971, 0.6263, 1.6862, 1.7977, 1.4296, 1.1599, 1.8158, 0.0, 1.8156, 0.4244, 1.8165, 0.9282, 1.8044, 0.0778, 1.8058, 0.1116, 1.4509, 0.4698, 1.7734, 22.9432, 23.1819, 23.1356, 23.6494, 22.4343, 23.5317, 23.3949, 22.4177, 22.5128, 23.6777, 23.2202, 22.1625, 23.6427, 22.6699, 23.6068, 22.1659, 23.8725, 22.1434, 23.9362, 22.2801, 23.4937, 22.3835, 23.3076], [27.7451, 28.1539, 28.4439, 27.6407, 28.4273, 27.7208, 28.9402, 27.5625, 27.7733, 28.5209, 28.0093, 28.5519, 27.1882, 28.9996, 27.1783, 28.9843, 27.2113, 28.9864, 27.2906, 28.3972, 27.3658, 28.768, 27.1898, 28.9286, 1.6655, 1.4577, 1.4524, 1.1901, 1.8135, 1.623, 0.9332, 0.1102, 1.325, 1.2513, 0.4806, 1.8156, 0.0, 1.7099, 0.4757, 1.6885, 0.5526, 1.8243, 0.5442, 1.827, 0.9157, 1.8172, 0.69, 23.369, 22.6604, 23.1853, 22.2519, 23.7858, 22.3467, 22.9149, 23.4486, 23.7292, 22.2305, 23.1001, 23.934, 22.6251, 23.6066, 22.6696, 23.7699, 22.1119, 23.8067, 22.15, 23.8835, 22.8037, 23.4882, 23.0091], [28.9138, 27.4377, 28.4061, 27.9029, 28.4228, 27.8167, 27.6815, 27.9933, 28.9008, 27.2263, 28.767, 27.2141, 28.8796, 27.4112, 28.6736, 27.306, 28.919, 27.5284, 28.3862, 27.2847, 28.9971, 28.0078, 28.8831, 27.7105, 1.3093, 0.5126, 1.563, 0.8728, 0.892, 0.2105, 1.8061, 1.6672, 1.656, 0.7999, 1.8224, 0.4244, 1.7099, 0.0, 1.8219, 1.2688, 1.8285, 0.4997, 1.8279, 0.5321, 1.1524, 0.8672, 1.8315, 23.3617, 22.7578, 23.5304, 23.2857, 22.8179, 23.1372, 23.7284, 22.1693, 22.9136, 23.3237, 23.5989, 22.4037, 23.8768, 23.0901, 23.8587, 22.1108, 23.634, 22.1213, 23.8582, 22.6071, 23.7935, 22.1532, 23.6659], [27.3611, 28.6003, 27.9741, 28.1042, 27.9562, 28.1925, 28.6669, 28.0131, 27.3801, 28.8628, 27.5594, 28.8809, 27.2149, 28.8791, 27.3745, 28.9489, 27.1907, 28.7914, 27.6322, 28.7837, 27.1763, 28.3744, 27.2126, 28.6423, 1.4103, 1.6957, 1.1128, 1.5109, 1.6841, 1.7879, 0.4919, 0.5812, 0.951, 1.5557, 0.0051, 1.8165, 0.4757, 1.8219, 0.0, 1.4461, 0.0801, 1.8048, 0.0714, 1.7987, 1.2963, 1.695, 0.2257, 22.8984, 23.1325, 22.7106, 22.6107, 23.4354, 22.7533, 22.4702, 23.7938, 23.3475, 22.5748, 22.6304, 23.7788, 22.2608, 23.1783, 22.2893, 23.9326, 22.2954, 23.9367, 22.1277, 23.6183, 22.3835, 23.8171, 22.5492], [27.7376, 28.7065, 27.237, 28.9708, 27.2441, 28.9451, 27.2533, 28.9888, 27.7098, 28.3791, 27.5033, 28.345, 28.5854, 27.4502, 28.8198, 27.5858, 28.51, 27.3456, 28.9648, 28.5039, 28.203, 27.1694, 28.5794, 27.2402, 0.0571, 1.5878, 0.4656, 1.7451, 0.4648, 1.4122, 1.091, 1.7281, 0.6521, 1.7184, 1.443, 0.9282, 1.6885, 1.2688, 1.4461, 0.0, 1.3955, 0.8603, 1.4012, 0.8303, 1.8175, 0.4921, 1.2965, 22.1815, 23.8832, 22.2786, 23.9131, 22.1247, 23.935, 22.4709, 23.3326, 22.1097, 23.9033, 22.3332, 22.337, 22.7397, 22.1096, 22.6938, 22.9029, 23.7415, 22.835, 23.4473, 22.1985, 22.5659, 23.2894, 22.3977], [27.314, 28.6638, 27.8949, 28.1841, 27.8772, 28.2714, 28.6035, 28.0932, 27.3309, 28.9014, 27.4951, 28.9168, 27.2441, 28.837, 27.4286, 28.9198, 27.2124, 28.7386, 27.7041, 28.8321, 27.1688, 28.2978, 27.2412, 28.5773, 1.3579, 1.7244, 1.048, 1.5548, 1.6509, 1.8036, 0.4142, 0.6567, 0.8816, 1.5966, 0.0751, 1.8044, 0.5526, 1.8285, 0.0801, 1.3955, 0.0, 1.7893, 0.0088, 1.7818, 1.3516, 1.663, 0.146, 22.8193, 23.2113, 22.6359, 22.6845, 23.363, 22.8313, 22.4076, 23.8332, 23.272, 22.6471, 22.5588, 23.7317, 22.2184, 23.099, 22.2432, 23.9369, 22.3479, 23.9353, 22.1492, 23.5561, 22.3277, 23.8531, 22.4817], [28.5922, 27.8785, 27.9089, 28.4004, 27.9267, 28.3164, 27.3065, 28.4838, 28.5672, 27.5282, 28.3494, 27.4997, 28.9992, 27.1835, 28.9514, 27.1678, 28.9928, 27.2263, 28.792, 27.6437, 28.8998, 27.5377, 28.999, 27.324, 0.9102, 0.9729, 1.2431, 1.2791, 0.4217, 0.6989, 1.6543, 1.811, 1.3796, 1.2191, 1.8039, 0.0778, 1.8243, 0.4997, 1.8048, 0.8603, 1.7893, 0.0, 1.7912, 0.0338, 1.4971, 0.3942, 1.7524, 22.8659, 23.2575, 23.0582, 23.703, 22.376, 23.5937, 23.3231, 22.4791, 22.4493, 23.7288, 23.1439, 22.1381, 23.5842, 22.5988, 23.5457, 22.1974, 23.8977, 22.1693, 23.93, 22.2364, 23.4261, 22.4424, 23.2332], [27.3189, 28.6571, 27.9035, 28.1754, 27.8858, 28.2628, 28.6107, 28.0844, 27.336, 28.8975, 27.5019, 28.9131, 27.2406, 28.8419, 27.4224, 28.9233, 27.2097, 28.7446, 27.6961, 28.827, 27.1693, 28.3063, 27.2378, 28.5846, 1.3637, 1.7214, 1.0552, 1.5501, 1.6547, 1.8021, 0.4228, 0.6485, 0.8893, 1.5922, 0.0663, 1.8058, 0.5442, 1.8279, 0.0714, 1.4012, 0.0088, 1.7912, 0.0, 1.7838, 1.3457, 1.6666, 0.1547, 22.8279, 23.2027, 22.6439, 22.6762, 23.3711, 22.8227, 22.4142, 23.8292, 23.2803, 22.6391, 22.5665, 23.7371, 22.2227, 23.1077, 22.248, 23.9368, 22.3419, 23.9358, 22.1465, 23.5632, 22.3336, 23.8494, 22.4889], [28.5639, 27.9117, 27.8757, 28.4317, 27.8934, 28.3487, 27.2889, 28.5137, 28.5384, 27.5557, 28.317, 27.5264, 28.9978, 27.1778, 28.9615, 27.1686, 28.9882, 27.2149, 28.8127, 27.6738, 28.8841, 27.5107, 28.9973, 27.3054, 0.8808, 1.0013, 1.218, 1.303, 0.3888, 0.73, 1.6395, 1.8158, 1.3572, 1.2441, 1.7977, 0.1116, 1.827, 0.5321, 1.7987, 0.8303, 1.7818, 0.0338, 1.7838, 0.0, 1.5163, 0.3611, 1.7422, 22.8325, 23.2898, 23.0244, 23.7248, 22.3521, 23.6194, 23.2912, 22.5071, 22.4229, 23.7495, 23.1104, 22.1296, 23.5574, 22.5688, 23.5179, 22.2131, 23.9067, 22.1825, 23.9253, 22.2192, 23.3958, 22.4693, 23.2003], [28.6495, 27.3244, 28.9915, 27.1678, 28.989, 27.1726, 28.802, 27.172, 28.6725, 27.6053, 28.8333, 27.6366, 27.813, 28.5538, 27.5218, 28.4005, 27.8988, 28.6798, 27.2979, 27.4934, 28.2224, 28.9575, 27.8199, 28.821, 1.8237, 0.7079, 1.8159, 0.3347, 1.6999, 0.9812, 1.5962, 0.8186, 1.7798, 0.4149, 1.2998, 1.4509, 0.9157, 1.1524, 1.2963, 1.8175, 1.3516, 1.4971, 1.3457, 1.5163, 0.0, 1.6892, 1.4459, 23.9268, 22.11, 23.8795, 22.2145, 23.8479, 22.1528, 23.7514, 22.5331, 23.8843, 22.2347, 23.8463, 23.555, 23.5368, 23.9265, 23.5757, 22.9466, 22.4843, 23.0152, 22.8424, 23.7308, 23.6792, 22.5729, 23.8035], [28.2272, 28.2727, 27.5451, 28.7299, 27.56, 28.6649, 27.174, 28.7905, 28.1976, 27.8883, 27.9569, 27.8532, 28.9069, 27.1975, 28.9949, 27.2571, 28.8651, 27.1708, 28.969, 28.0238, 28.6533, 27.2768, 28.9038, 27.1784, 0.5468, 1.2841, 0.9244, 1.5313, 0.0282, 1.0469, 1.4462, 1.8278, 1.088, 1.4848, 1.6931, 0.4698, 1.8172, 0.8672, 1.695, 0.4921, 1.663, 0.3942, 1.6666, 0.3611, 1.6892, 0.0, 1.5965, 22.4984, 23.6048, 22.6689, 23.8949, 22.1601, 23.8384, 22.9327, 22.8428, 22.1987, 23.9059, 22.7505, 22.119, 23.2317, 22.2932, 23.1845, 22.4469, 23.9291, 22.3945, 23.8019, 22.1098, 23.0452, 22.7978, 22.8392], [27.2441, 28.768, 27.7543, 28.327, 27.7374, 28.4108, 28.4782, 28.2384, 27.2567, 28.9559, 27.39, 28.9661, 27.3141, 28.7459, 27.5398, 28.8509, 27.2693, 28.6298, 27.8421, 28.9055, 27.1738, 28.154, 27.3102, 28.4495, 1.2556, 1.7682, 0.925, 1.627, 1.5824, 1.8234, 0.2707, 0.7908, 0.7509, 1.663, 0.2207, 1.7734, 0.69, 1.8315, 0.2257, 1.2965, 0.146, 1.7524, 0.1547, 1.7422, 1.4459, 1.5965, 0.0, 22.6791, 23.3504, 22.5076, 22.8248, 23.2246, 22.9764, 22.306, 23.8893, 23.1294, 22.7856, 22.4378, 23.6324, 22.1576, 22.9531, 22.1753, 23.9275, 22.4566, 23.9153, 22.2061, 23.4326, 22.2402, 23.9026, 22.3696], [19.6454, 49.93, 5.0833, 50.9664, 5.0627, 51.0882, 21.1623, 50.7178, 18.8978, 46.5566, 12.8502, 46.1358, 39.0965, 29.121, 44.2941, 32.8682, 37.481, 25.4886, 48.1762, 47.9906, 30.8334, 12.6908, 38.9674, 20.376, 22.16, 23.7615, 22.1111, 23.9167, 22.4752, 23.5451, 22.4435, 23.4674, 22.1551, 23.8965, 22.8934, 22.9432, 23.369, 23.3617, 22.8984, 22.1815, 22.8193, 22.8659, 22.8279, 22.8325, 23.9268, 22.4984, 22.6791, 0.0, 46.0267, 4.8392, 43.7294, 13.7343, 44.7771, 11.5522, 42.0472, 11.3907, 43.4025, 6.9879, 24.4024, 18.6994, 7.04, 17.5813, 36.4163, 39.4793, 35.335, 33.5712, 18.9723, 14.2699, 41.5642, 9.2443], [46.9432, 13.1903, 51.0975, 5.6202, 51.0866, 5.0626, 47.3065, 7.0913, 47.2657, 22.8378, 49.3997, 23.711, 32.2935, 43.025, 24.8602, 40.2819, 34.142, 45.2125, 16.5933, 19.4693, 40.2717, 50.046, 32.4477, 47.6332, 23.9005, 22.3241, 23.9254, 22.1389, 23.626, 22.5631, 23.5838, 22.5611, 23.8751, 22.165, 23.1375, 23.1819, 22.6604, 22.7578, 23.1325, 23.8832, 23.2113, 23.2575, 23.2027, 23.2898, 22.11, 23.6048, 23.3504, 46.0267, 0.0, 45.6462, 13.2696, 44.2877, 9.5533, 44.2546, 19.8445, 44.8916, 14.2341, 45.3122, 39.6639, 41.5745, 45.6682, 42.0827, 29.109, 22.6587, 30.4252, 30.6278, 42.4299, 43.39, 20.8788, 44.8495], [14.8103, 50.7955, 7.6996, 50.2939, 7.3314, 50.672, 25.8243, 49.7833, 14.0588, 48.5042, 8.2759, 48.1802, 35.4568, 33.3195, 41.3918, 36.7594, 33.6634, 29.9292, 46.1306, 49.5641, 26.452, 17.5231, 35.3128, 25.0702, 22.2461, 23.8566, 22.1099, 23.937, 22.6428, 23.6889, 22.306, 23.2918, 22.1114, 23.9331, 22.7058, 23.1356, 23.1853, 23.5304, 22.7106, 22.2786, 22.6359, 23.0582, 22.6439, 23.0244, 23.8795, 22.6689, 22.5076, 4.8392, 45.6462, 0.0, 41.9727, 18.2772, 43.4025, 6.8038, 43.786, 16.0164, 41.5472, 2.1661, 28.3708, 14.1737, 11.7833, 13.0114, 39.1757, 36.7706, 38.2418, 30.0735, 23.2764, 9.59, 43.4157, 4.4525], [39.1958, 26.3832, 48.7044, 13.3031, 48.5503, 15.5228, 50.8637, 11.0581, 39.723, 34.8703, 43.5769, 35.5907, 19.7842, 49.1229, 11.6009, 47.6007, 21.9638, 50.1439, 5.2031, 32.0226, 29.6252, 50.9115, 19.964, 50.9418, 23.8987, 22.7733, 23.701, 22.4282, 23.9028, 23.0793, 23.0953, 22.1969, 23.5572, 22.4938, 22.6153, 23.6494, 22.2519, 23.2857, 22.6107, 23.9131, 22.6845, 23.703, 22.6762, 23.7248, 22.2145, 23.8949, 22.8248, 43.7294, 13.2696, 41.9727, 0.0, 46.0368, 3.8328, 38.7152, 30.9762, 45.9348, 1.0107, 41.0359, 44.7193, 34.1083, 45.4184, 34.9135, 38.155, 10.1458, 39.0938, 19.4205, 45.7818, 37.1102, 31.8196, 39.9458], [32.5864, 44.4506, 15.5763, 49.7846, 16.0303, 49.1717, 7.6508, 50.2949, 31.9458, 38.2234, 26.5157, 37.5551, 47.0927, 15.6841, 49.8617, 19.9763, 46.0886, 11.7743, 51.0663, 40.6266, 41.4975, 6.2467, 47.0145, 7.0165, 22.1385, 23.3289, 22.3387, 23.655, 22.1507, 23.0275, 22.9551, 23.84, 22.4861, 23.5942, 23.4309, 22.4343, 23.7858, 22.8179, 23.4354, 22.1247, 23.363, 22.376, 23.3711, 22.3521, 23.8479, 22.1601, 23.2246, 13.7343, 44.2877, 18.2772, 46.0368, 0.0, 45.936, 24.3213, 34.5369, 2.4353, 46.0101, 20.245, 11.6447, 30.3987, 6.8534, 29.4745, 26.3543, 44.7489, 24.9211, 41.4421, 5.5944, 26.6783, 33.7635, 22.2781], [41.7704, 22.7305, 49.8188, 9.596, 49.7047, 11.7197, 50.2783, 7.5816, 42.2433, 31.6782, 45.6357, 32.4508, 23.5327, 47.7874, 15.4008, 45.8983, 25.6442, 49.1548, 7.4232, 28.6455, 32.9459, 51.1043, 23.7074, 50.4289, 23.9297, 22.6295, 23.7921, 22.3192, 23.8506, 22.9268, 23.2452, 22.2762, 23.6716, 22.3755, 22.7582, 23.5317, 22.3467, 23.1372, 22.7533, 23.935, 22.8313, 23.5937, 22.8227, 23.6194, 22.1528, 23.8384, 22.9764, 44.7771, 9.5533, 43.4025, 3.8328, 45.936, 0.0, 40.6553, 28.033, 46.037, 4.839, 42.6315, 43.652, 36.5645, 45.8895, 37.291, 35.8773, 13.8492, 36.9334, 22.8282, 45.2158, 39.2501, 28.939, 41.7131], [8.2685, 51.0688, 14.1406, 48.4146, 13.6889, 49.1456, 31.9654, 47.5455, 7.6319, 50.3433, 5.156, 50.1617, 29.7042, 38.6304, 36.553, 41.5652, 27.6997, 35.6567, 42.402, 50.8565, 19.872, 24.2208, 29.5423, 31.2773, 22.4258, 23.9291, 22.179, 23.8996, 22.9046, 23.841, 22.1682, 23.025, 22.121, 23.9189, 22.4661, 23.3949, 22.9149, 23.7284, 22.4702, 22.4709, 22.4076, 23.3231, 22.4142, 23.2912, 23.7514, 22.9327, 22.306, 11.5522, 44.2546, 6.8038, 38.7152, 24.3213, 40.6553, 0.0, 45.409, 22.2194, 38.1588, 4.654, 33.418, 7.5447, 18.2312, 6.3421, 42.3202, 32.2721, 41.611, 24.5914, 28.8912, 2.8301, 45.2042, 2.3684], [51.0699, 11.4674, 46.5282, 24.6213, 46.7331, 22.4787, 34.4826, 26.777, 51.0324, 5.0776, 50.239, 5.2499, 46.1298, 27.1439, 41.5169, 23.0676, 47.1298, 30.6936, 35.4554, 6.0992, 49.869, 40.7824, 46.2157, 35.1254, 23.3853, 22.1239, 23.7124, 22.2845, 22.8706, 22.1144, 23.9365, 23.3491, 23.8227, 22.2381, 23.7965, 22.4177, 23.4486, 22.1693, 23.7938, 23.3326, 23.8332, 22.4791, 23.8292, 22.5071, 22.5331, 22.8428, 23.8893, 42.0472, 19.8445, 43.786, 30.9762, 34.5369, 28.033, 45.409, 0.0, 36.0991, 31.7165, 44.4073, 25.7134, 46.0422, 38.6844, 46.0244, 10.8913, 37.7211, 12.5599, 42.454, 30.5814, 45.7909, 1.1531, 44.9575], [30.4867, 45.7144, 13.1492, 50.3229, 13.5994, 49.8361, 9.8084, 50.7021, 29.8209, 39.9499, 24.2158, 39.3208, 45.984, 18.1181, 49.2032, 22.3656, 44.8642, 14.1803, 50.8911, 42.1981, 39.8749, 5.1549, 45.8961, 9.0726, 22.1173, 23.4176, 22.2771, 23.7204, 22.1865, 23.1241, 22.8587, 23.7929, 22.4096, 23.6656, 23.3428, 22.5128, 23.7292, 22.9136, 23.3475, 22.1097, 23.272, 22.4493, 23.2803, 22.4229, 23.8843, 22.1987, 23.1294, 11.3907, 44.8916, 16.0164, 45.9348, 2.4353, 46.037, 22.2194, 36.0991, 0.0, 45.8548, 18.0294, 13.9845, 28.5271, 4.4356, 27.5623, 28.3143, 44.1132, 26.9339, 40.323, 8.0038, 24.6561, 35.372, 20.1157], [38.4728, 27.3205, 48.3549, 14.3079, 48.1904, 16.5335, 50.9599, 12.0401, 39.0137, 35.6736, 42.9845, 36.3793, 18.7818, 49.4189, 10.6264, 47.9953, 20.9745, 50.3473, 5.0633, 32.8786, 28.7181, 50.8024, 18.9624, 51.0187, 23.8866, 22.8124, 23.6738, 22.4599, 23.9126, 23.1193, 23.0552, 22.1799, 23.5245, 22.5276, 22.5793, 23.6777, 22.2305, 23.3237, 22.5748, 23.9033, 22.6471, 23.7288, 22.6391, 23.7495, 22.2347, 23.9059, 22.7856, 43.4025, 14.2341, 41.5472, 1.0107, 46.0101, 4.839, 38.1588, 31.7165, 45.8548, 0.0, 40.5677, 44.9491, 33.4212, 45.2416, 34.2462, 38.7114, 9.1575, 39.6182, 18.4994, 45.8781, 36.503, 32.5424, 39.4336], [12.6581, 51.0026, 9.6128, 49.8144, 9.1954, 50.3058, 27.8341, 49.1883, 11.9183, 49.2042, 6.557, 48.9247, 33.7056, 35.0863, 39.9475, 38.3744, 31.8398, 31.8194, 45.0519, 50.0926, 24.4079, 19.6782, 33.5554, 27.0987, 22.2963, 23.8876, 22.1231, 23.9335, 22.7235, 23.7441, 22.2546, 23.2088, 22.1054, 23.937, 22.6257, 23.2202, 23.1001, 23.5989, 22.6304, 22.3332, 22.5588, 23.1439, 22.5665, 23.1104, 23.8463, 22.7505, 22.4378, 6.9879, 45.3122, 2.1661, 41.0359, 20.245, 42.6315, 4.654, 44.4073, 18.0294, 40.5677, 0.0, 30.0454, 12.0971, 13.8642, 10.9192, 40.2704, 35.4262, 39.4057, 28.4, 25.1196, 7.4608, 44.0888, 2.2916], [41.4115, 36.699, 27.04, 45.2813, 27.4589, 44.0906, 8.8259, 46.3978, 40.9196, 28.5285, 36.5829, 27.703, 50.5717, 5.4659, 51.0763, 8.4769, 50.1609, 5.5575, 49.9217, 31.5669, 47.6618, 17.1337, 50.5424, 9.554, 22.3769, 22.8682, 22.7297, 23.2547, 22.1244, 22.5765, 23.409, 23.9364, 22.9216, 23.175, 23.776, 22.1625, 23.934, 22.4037, 23.7788, 22.337, 23.7317, 22.1381, 23.7371, 22.1296, 23.555, 22.119, 23.6324, 24.4024, 39.6639, 28.3708, 44.7193, 11.6447, 43.652, 33.418, 25.7134, 13.9845, 44.9491, 30.0454, 0.0, 38.1563, 18.1456, 37.4621, 15.949, 46.0347, 14.3194, 45.1684, 6.1459, 35.3016, 24.7488, 31.7446], [5.378, 50.0728, 21.6717, 45.1021, 21.2273, 46.205, 38.0079, 43.8587, 5.7125, 51.1027, 10.5848, 51.0838, 22.6331, 43.5572, 30.285, 45.8506, 20.4637, 41.1302, 37.2012, 50.9962, 12.3287, 31.1538, 22.4566, 37.4145, 22.6856, 23.9202, 22.3441, 23.7717, 23.2043, 23.9282, 22.1058, 22.7279, 22.227, 23.8149, 22.2579, 23.6427, 22.6251, 23.8768, 22.2608, 22.7397, 22.2184, 23.5842, 22.2227, 23.5574, 23.5368, 23.2317, 22.1576, 18.6994, 41.5745, 14.1737, 34.1083, 30.3987, 36.5645, 7.5447, 46.0422, 28.5271, 33.4212, 12.0971, 38.1563, 0.0, 24.9128, 1.2164, 44.7199, 26.4548, 44.278, 17.8806, 34.3752, 4.7386, 46.0261, 9.8711], [26.4611, 47.6922, 8.9014, 50.9448, 9.3135, 50.6913, 14.1316, 51.0824, 25.7556, 42.8142, 19.8901, 42.2612, 43.6384, 22.4961, 47.6535, 26.5968, 42.3166, 18.6158, 50.2092, 44.7628, 36.6404, 6.4097, 43.5338, 13.3371, 22.1058, 23.5671, 22.1872, 23.8195, 22.2761, 23.296, 22.688, 23.6859, 22.2886, 23.7769, 23.1733, 22.6699, 23.6066, 23.0901, 23.1783, 22.1096, 23.099, 22.5988, 23.1077, 22.5688, 23.9265, 22.2932, 22.9531, 7.04, 45.6682, 11.7833, 45.4184, 6.8534, 45.8895, 18.2312, 38.6844, 4.4356, 45.2416, 13.8642, 18.1456, 24.9128, 0.0, 23.8811, 31.6803, 42.6375, 30.4061, 37.9944, 12.3347, 20.7954, 38.0469, 16.0322], [5.0845, 50.3241, 20.4777, 45.7175, 20.0297, 46.7626, 37.1005, 44.5321, 5.2277, 51.0728, 9.4432, 51.0277, 23.807, 42.8409, 31.3475, 45.2421, 21.6579, 40.3209, 38.1058, 51.0661, 13.5305, 30.0876, 23.6324, 36.4906, 22.6407, 23.9281, 22.312, 23.798, 23.1568, 23.9204, 22.109, 22.7744, 22.2036, 23.8376, 22.2862, 23.6068, 22.6696, 23.8587, 22.2893, 22.6938, 22.2432, 23.5457, 22.248, 23.5179, 23.5757, 23.1845, 22.1753, 17.5813, 42.0827, 13.0114, 34.9135, 29.4745, 37.291, 6.3421, 46.0244, 27.5623, 34.2462, 10.9192, 37.4621, 1.2164, 23.8811, 0.0, 44.4149, 27.4411, 43.929, 18.9953, 33.5539, 3.527, 45.9778, 8.6795], [49.1908, 22.3586, 40.2586, 34.3795, 40.5646, 32.5326, 24.7422, 36.2001, 48.9587, 12.7023, 46.6246, 11.8139, 50.0095, 16.4657, 47.3582, 12.1811, 50.4562, 20.387, 43.1008, 16.1229, 51.0972, 32.4309, 50.0504, 25.499, 22.9598, 22.314, 23.3635, 22.6221, 22.4695, 22.1594, 23.8515, 23.7022, 23.5346, 22.5493, 23.9331, 22.1659, 23.7699, 22.1108, 23.9326, 22.9029, 23.9369, 22.1974, 23.9368, 22.2131, 22.9466, 22.4469, 23.9275, 36.4163, 29.109, 39.1757, 38.155, 26.3543, 35.8773, 42.3202, 10.8913, 28.3143, 38.7114, 40.2704, 15.949, 44.7199, 31.6803, 44.4149, 0.0, 42.8957, 1.7252, 45.4644, 21.5717, 43.3549, 9.7675, 41.3314], [31.1007, 35.2663, 44.1305, 23.4264, 43.8759, 25.5493, 50.7129, 21.1975, 31.7517, 42.1901, 36.6859, 42.7451, 9.6984, 51.0178, 5.1232, 50.5197, 11.8181, 51.0863, 11.2364, 39.9411, 19.9489, 48.6994, 9.8678, 50.5962, 23.7054, 23.1767, 23.3754, 22.7895, 23.9251, 23.4646, 22.6946, 22.1052, 23.1891, 22.87, 22.2986, 23.8725, 22.1119, 23.634, 22.2954, 23.7415, 22.3479, 23.8977, 22.3419, 23.9067, 22.4843, 23.9291, 22.4566, 39.4793, 22.6587, 36.7706, 10.1458, 44.7489, 13.8492, 32.2721, 37.7211, 44.1132, 9.1575, 35.4262, 46.0347, 26.4548, 42.6375, 27.4411, 42.8957, 0.0, 43.4924, 9.744, 45.734, 30.1926, 38.3705, 33.9186], [48.6403, 24.024, 39.0609, 35.7578, 39.3812, 33.9698, 23.088, 37.514, 48.3786, 14.4147, 45.8129, 13.5139, 50.367, 14.7409, 48.0409, 10.5112, 50.7237, 18.6777, 44.0929, 17.8469, 51.0287, 30.9478, 50.4006, 23.8577, 22.8914, 22.3603, 23.2994, 22.6855, 22.4156, 22.1856, 23.8208, 23.7455, 23.477, 22.6101, 23.9369, 22.1434, 23.8067, 22.1213, 23.9367, 22.835, 23.9353, 22.1693, 23.9358, 22.1825, 23.0152, 22.3945, 23.9153, 35.335, 30.4252, 38.2418, 39.0938, 24.9211, 36.9334, 41.611, 12.5599, 26.9339, 39.6182, 39.4057, 14.3194, 44.278, 30.4061, 43.929, 1.7252, 43.4924, 0.0, 45.7049, 20.0324, 42.7437, 11.4466, 40.5421], [21.9992, 42.2424, 37.7331, 32.3653, 37.3945, 34.2188, 48.2461, 30.3837, 22.7318, 47.3115, 28.4366, 47.6802, 5.6613, 50.5013, 12.5916, 51.0106, 5.0633, 49.6518, 20.9749, 45.7496, 10.2403, 44.3494, 5.5745, 47.948, 23.3964, 23.5338, 22.9957, 23.1771, 23.787, 23.7534, 22.3669, 22.1912, 22.8014, 23.2568, 22.1288, 23.9362, 22.15, 23.8582, 22.1277, 23.4473, 22.1492, 23.93,