[4, 80]
[[0.0, 34.8662, 15.8289, 38.1, 19.1263, 36.0264, 23.5131, 34.9406, 17.3576, 37.9781, 8.9026, 38.1985, 3.5541, 38.0204, 33.3859, 36.4257, 31.2125, 28.5207, 23.5872, 16.9661, 28.1666, 30.9831, 21.7217, 22.7247, 21.5871, 23.8131, 4.6063, 35.8364, 61.8373, 30.665, 57.7358, 27.0411, 65.1576, 49.0527, 45.7656, 47.4676, 64.9555, 32.8065, 64.2315, 28.2592, 62.3474, 29.0442, 54.7861, 40.2988, 65.1356, 51.4786, 65.1449, 54.7217, 65.1399, 32.6334, 50.6523, 50.268, 63.6665, 56.9328, 23.2006, 44.1228, 13.7476, 41.7991, 14.5627, 36.8101, 11.0723, 40.0577, 10.1758, 39.1015, 34.8938, 40.0131, 23.8527, 34.6576, 17.9778, 35.6673, 12.6039, 31.8953, 12.0952, 42.8699, 17.8301, 47.2203, 10.1734, 48.1251, 30.6866, 48.2937], [34.8662, 0.0, 38.2049, 18.1682, 38.0028, 3.1228, 37.0948, 0.183, 38.1571, 19.327, 37.5464, 14.9442, 33.2618, 12.1168, 3.3014, 25.4114, 7.3452, 34.8604, 17.7841, 38.1767, 12.0404, 33.0684, 19.8013, 37.3194, 19.9409, 37.0015, 36.4952, 65.1547, 49.482, 64.3615, 27.7698, 59.6453, 36.4607, 62.0561, 38.2947, 62.7901, 33.2527, 64.8862, 30.3004, 63.0983, 48.4526, 55.7522, 58.2958, 43.7622, 35.219, 32.7027, 37.0782, 29.8413, 35.3214, 51.5527, 61.1948, 33.8541, 45.1603, 28.2362, 48.3492, 10.1874, 47.2192, 11.6372, 47.4654, 17.4545, 45.9066, 13.5253, 44.447, 14.6629, 45.3823, 13.5774, 48.3145, 45.5011, 36.3786, 44.9709, 40.8685, 46.6774, 41.3432, 38.8427, 36.5005, 30.2184, 44.3995, 17.895, 24.505, 24.1569], [15.8289, 38.2049, 0.0, 33.5003, 3.7049, 38.0584, 8.924, 38.2034, 1.6968, 32.8406, 7.2906, 35.0718, 18.995, 36.1603, 38.0817, 28.3772, 37.5361, 15.4255, 33.9197, 1.2589, 36.33, 18.9373, 32.7914, 7.9581, 32.7072, 9.295, 11.5211, 26.9733, 50.026, 28.9289, 64.8498, 37.8319, 60.2227, 33.286, 59.3518, 31.9029, 62.0742, 27.6797, 63.5949, 31.6521, 51.0242, 43.3988, 39.4433, 55.4687, 60.9653, 62.5697, 59.8407, 63.9556, 60.9053, 48.3251, 34.8236, 61.9637, 53.9654, 64.6573, 10.267, 48.3774, 14.837, 48.079, 14.0075, 46.334, 18.567, 47.6011, 21.8703, 47.2722, 19.3799, 47.5866, 10.4073, 19.1032, 33.6724, 20.3044, 28.0349, 16.0716, 27.3261, 30.3691, 33.54, 38.9604, 21.9676, 45.997, 43.0638, 43.0041], [38.1, 18.1682, 33.5003, 0.0, 31.5611, 15.3602, 28.2831, 18.007, 32.6514, 1.3299, 36.3898, 3.5743, 38.1989, 6.5712, 21.0044, 8.7875, 24.2908, 23.2321, 31.7244, 32.8768, 27.8343, 19.9907, 32.9567, 28.9393, 33.0391, 28.0248, 37.4799, 59.0264, 31.5219, 62.3705, 43.3187, 65.1203, 27.2598, 48.0059, 55.9236, 49.5772, 28.5828, 61.0264, 30.9692, 63.8826, 30.7024, 64.8375, 41.5567, 59.7148, 27.6403, 50.8274, 27.1282, 47.2527, 27.6029, 63.6018, 46.334, 52.0222, 28.5914, 44.4359, 42.0351, 25.126, 46.6901, 29.1356, 46.3624, 35.4254, 47.7356, 31.611, 48.231, 32.8292, 32.5664, 31.6699, 41.6319, 32.8153, 47.0048, 31.7294, 48.2165, 35.5166, 48.2822, 21.7841, 47.049, 12.3858, 48.2402, 13.2068, 40.7382, 10.1937], [19.1263, 38.0028, 3.7049, 31.5611, 0.0, 37.5542, 5.2795, 37.9835, 2.0125, 30.7926, 10.8931, 33.437, 22.1201, 34.794, 38.2004, 25.7628, 38.0497, 11.9633, 35.4648, 2.45, 37.3053, 15.6302, 34.5381, 4.297, 34.4679, 5.6576, 14.9993, 27.7968, 46.5043, 31.4059, 65.1558, 41.5085, 57.8508, 30.3757, 61.4622, 29.2953, 60.1138, 29.5003, 62.1067, 34.8169, 47.5643, 47.0522, 35.8464, 58.186, 58.7441, 63.9241, 57.3971, 64.8048, 58.6714, 51.7355, 31.6578, 63.4908, 50.7416, 65.1168, 10.6645, 48.185, 18.3025, 48.3717, 17.3659, 47.4432, 22.2525, 48.2053, 25.5649, 48.034, 15.8226, 48.1984, 10.4504, 15.5667, 36.7521, 16.6898, 31.5115, 12.9161, 30.8399, 26.8311, 36.6312, 36.1129, 25.6609, 44.3747, 44.9517, 40.7286], [36.0264, 3.1228, 38.0584, 15.3602, 37.5542, 0.0, 36.2232, 2.9404, 37.8721, 16.5686, 37.9984, 12.0202, 34.6869, 9.1146, 6.4015, 22.9945, 10.3852, 33.4659, 20.4884, 37.9274, 14.9638, 31.3937, 22.4057, 36.5258, 22.5379, 36.0999, 37.297, 65.0259, 46.5011, 64.9385, 29.2967, 61.4056, 33.5975, 60.4301, 41.3976, 61.3375, 30.7633, 65.149, 28.4421, 64.1289, 45.428, 58.0358, 56.0453, 46.8395, 32.4737, 35.4748, 34.1667, 32.1356, 32.5652, 54.2283, 59.3942, 36.7399, 42.049, 30.0062, 48.0611, 11.0893, 47.9089, 13.8991, 48.0608, 20.5228, 46.9779, 16.2565, 45.8272, 17.5437, 43.9043, 16.317, 47.9619, 44.0484, 38.7753, 43.4097, 42.7926, 45.5151, 43.2062, 36.4525, 38.8865, 27.2421, 45.7885, 14.9822, 27.5738, 21.0347], [23.5131, 37.0948, 8.924, 28.2831, 5.2795, 36.2232, 0.0, 37.0506, 7.2653, 27.3719, 15.8489, 30.562, 26.2124, 32.2794, 37.7464, 21.617, 38.1611, 6.8346, 37.0882, 7.6951, 38.0868, 10.6628, 36.4638, 0.9902, 36.4147, 0.3821, 19.711, 30.7855, 41.25, 35.9934, 64.7116, 46.7556, 53.7937, 27.5927, 63.6818, 27.1573, 56.5763, 33.5064, 59.1866, 39.914, 42.3459, 51.9629, 31.2867, 61.3611, 54.8749, 65.0034, 53.2518, 65.1427, 54.7861, 56.1078, 28.2846, 64.8271, 45.7198, 64.8921, 14.0502, 47.1605, 23.5661, 48.0348, 22.5983, 48.2868, 27.4889, 48.3153, 30.6422, 48.3718, 11.6535, 48.3194, 13.5151, 11.4891, 40.6192, 12.2525, 36.0748, 10.274, 35.4751, 21.5756, 40.5174, 31.5543, 30.7321, 41.3854, 46.9518, 36.8822], [34.9406, 0.183, 38.2034, 18.007, 37.9835, 2.9404, 37.0506, 0.0, 38.1474, 19.169, 37.5798, 14.7756, 33.3515, 11.9431, 3.4837, 25.2745, 7.5247, 34.7852, 17.9458, 38.1691, 12.2139, 32.9764, 19.9576, 37.2798, 20.0968, 36.9555, 36.5489, 65.1571, 49.3115, 64.405, 27.8392, 59.7568, 36.2868, 61.9698, 38.4743, 62.7142, 33.0961, 64.9115, 30.1751, 63.1681, 48.279, 55.8932, 58.1717, 43.9443, 35.0504, 32.8562, 36.9023, 29.9613, 35.1523, 51.715, 61.098, 34.016, 44.9797, 28.3213, 48.3409, 10.2022, 47.2679, 11.748, 47.5086, 17.6304, 45.9773, 13.6728, 44.5356, 14.8227, 45.3036, 13.7257, 48.3024, 45.4239, 36.5248, 44.8873, 40.9882, 46.6174, 41.4594, 38.709, 36.6462, 30.0478, 44.4886, 17.7182, 24.6867, 23.9748], [17.3576, 38.1571, 1.6968, 32.6514, 2.0125, 37.8721, 7.2653, 38.1474, 0.0, 31.9411, 8.9491, 34.3641, 20.4485, 35.5769, 38.1807, 27.2131, 37.8153, 13.8579, 34.6671, 0.4382, 36.8193, 17.4449, 33.6298, 6.2907, 33.5519, 7.64, 13.1276, 27.2034, 48.4396, 29.9639, 65.0528, 39.5018, 59.1895, 31.8796, 60.3715, 30.6191, 61.2333, 28.389, 62.9733, 33.0391, 49.4693, 45.0836, 37.7745, 56.7584, 60.0027, 63.2491, 58.7738, 64.4059, 59.9367, 49.9147, 33.3158, 62.7211, 52.5271, 64.9303, 10.1974, 48.3434, 16.3775, 48.2669, 15.4863, 46.8935, 20.2427, 47.931, 23.5665, 47.6739, 17.7211, 47.92, 10.173, 17.4511, 35.1158, 18.6277, 29.6492, 14.5505, 28.9558, 28.7722, 34.9885, 37.6966, 23.6635, 45.3049, 43.9755, 42.0085], [37.9781, 19.327, 32.8406, 1.3299, 30.7926, 16.5686, 27.3719, 19.169, 31.9411, 0.0, 35.9627, 4.8962, 38.2007, 7.8773, 22.1026, 7.488, 25.3026, 22.1622, 32.4462, 32.1794, 28.7284, 18.8453, 33.6095, 28.0535, 33.6869, 27.104, 37.1992, 58.1453, 30.5351, 61.7486, 44.6411, 65.0171, 27.6427, 46.7252, 56.92, 48.3276, 29.322, 60.2847, 31.9941, 63.4462, 29.7924, 65.0096, 40.2288, 60.4971, 28.1657, 52.0137, 27.4386, 48.524, 28.1168, 64.0169, 45.0282, 53.1717, 27.9759, 45.7485, 41.2028, 26.4354, 46.233, 30.3833, 45.8665, 36.5057, 47.4407, 32.8032, 48.0747, 33.9893, 31.3681, 32.8607, 40.777, 31.6233, 47.3666, 30.5109, 48.323, 34.4029, 48.3579, 20.4565, 47.4047, 11.5329, 48.0881, 14.2909, 41.5951, 10.43], [8.9026, 37.5464, 7.2906, 36.3898, 10.8931, 37.9984, 15.8489, 37.5798, 8.9491, 35.9627, 0.0, 37.319, 12.3203, 37.8493, 36.7953, 32.7373, 35.4874, 21.812, 29.9413, 8.5224, 33.4061, 24.9213, 28.4475, 14.9426, 28.3381, 16.1958, 4.3582, 28.8492, 56.219, 26.9655, 62.7717, 31.3119, 63.6051, 40.2269, 53.9859, 38.5749, 64.5649, 27.4256, 65.0922, 27.4927, 57.032, 36.1662, 46.7234, 49.1203, 64.0177, 58.534, 63.3815, 60.8498, 63.9855, 41.1036, 41.9567, 57.6167, 59.3363, 62.2862, 14.5374, 47.4779, 10.3332, 46.235, 10.1912, 42.94, 12.1929, 45.1595, 14.8147, 44.5312, 26.6675, 45.1307, 15.1104, 26.3931, 26.8798, 27.5738, 20.7805, 23.2634, 20.0502, 36.7126, 26.7311, 43.5942, 14.9002, 47.985, 38.247, 46.3741], [38.1985, 14.9442, 35.0718, 3.5743, 33.437, 12.0202, 30.562, 14.7756, 34.3641, 4.8962, 37.319, 0.0, 37.9641, 3.0214, 17.9267, 12.2275, 21.4254, 25.9677, 29.5936, 34.5534, 25.2638, 22.949, 31.0041, 31.146, 31.0993, 30.3312, 38.0089, 61.1277, 34.5456, 63.7422, 39.7453, 65.0734, 26.9932, 51.3204, 53.0187, 52.7838, 27.2472, 62.7332, 28.6868, 64.7418, 33.5718, 64.0538, 45.1217, 57.3424, 26.959, 47.4809, 27.0663, 43.7364, 26.9559, 62.1769, 49.7435, 48.7569, 30.834, 40.864, 44.0382, 21.5573, 47.6522, 25.6707, 47.4308, 32.3437, 48.2542, 28.266, 48.3737, 29.5577, 35.6311, 28.3283, 43.6988, 35.8606, 45.7637, 34.8567, 47.6533, 38.3271, 47.8015, 25.3503, 45.8244, 15.2863, 48.3719, 10.9423, 38.2125, 10.8486], [3.5541, 33.2618, 18.995, 38.1989, 22.1201, 34.6869, 26.2124, 33.3515, 20.4485, 38.2007, 12.3203, 37.9641, 0.0, 37.5061, 31.5132, 37.3399, 29.0276, 30.7619, 20.689, 20.077, 25.6431, 32.9283, 18.7038, 25.4832, 18.5611, 26.4891, 8.1145, 39.2827, 63.3437, 33.509, 55.0735, 27.1591, 64.9513, 52.2797, 42.2314, 50.7966, 64.2882, 35.9961, 63.0796, 30.334, 63.719, 27.4784, 57.4826, 36.807, 64.7556, 48.1942, 65.0234, 51.7071, 64.7744, 29.9554, 53.7577, 46.9074, 64.6098, 54.1653, 26.7222, 42.1484, 16.9213, 39.4353, 17.8495, 33.8668, 13.4076, 37.4608, 11.1876, 36.3919, 37.7471, 37.4106, 27.3581, 37.5322, 14.6775, 38.4483, 10.624, 34.9935, 10.3988, 44.7228, 14.5453, 47.9811, 11.1382, 47.4766, 27.3119, 48.3534], [38.0204, 12.1168, 36.1603, 6.5712, 34.794, 9.1146, 32.2794, 11.9431, 35.5769, 7.8773, 37.8493, 3.0214, 37.5061, 0.0, 15.2024, 15.0516, 18.8568, 28.1026, 27.59, 35.7343, 22.9182, 25.2927, 29.1415, 32.7983, 29.2469, 32.0734, 38.1961, 62.579, 37.3871, 64.5477, 36.7862, 64.6652, 27.6479, 53.9295, 50.3415, 55.2788, 26.9619, 63.8328, 27.4432, 65.1034, 36.3359, 63.0334, 48.0603, 55.0562, 27.2649, 44.5232, 27.8864, 40.7154, 27.2913, 60.6348, 52.4594, 45.8443, 33.2487, 37.8721, 45.4498, 18.5581, 48.155, 22.6638, 48.0251, 29.5662, 48.3773, 25.3181, 48.1781, 26.654, 38.0153, 25.3823, 45.1671, 38.2262, 44.4189, 37.3018, 46.8666, 40.4706, 47.0833, 28.2973, 44.4931, 18.1275, 48.167, 10.1767, 35.8457, 12.6303], [33.3859, 3.3014, 38.0817, 21.0044, 38.2004, 6.4015, 37.7464, 3.4837, 38.1807, 22.1026, 36.7953, 17.9267, 31.5132, 15.2024, 0.0, 27.7816, 4.0779, 36.081, 14.7956, 38.1623, 8.8622, 34.5982, 16.9039, 37.8868, 17.0503, 37.6854, 35.382, 64.898, 52.4587, 63.3674, 26.9984, 57.4565, 39.6858, 63.4174, 35.1396, 63.9595, 36.2525, 64.2185, 32.8486, 61.6392, 51.4951, 53.0626, 60.3641, 40.461, 38.3791, 30.1813, 40.3273, 28.0463, 38.4878, 48.5139, 62.751, 31.1407, 48.3649, 27.1553, 48.3176, 10.77, 46.1632, 10.2934, 46.5071, 14.4282, 44.4582, 11.2767, 42.6846, 12.0919, 46.6333, 11.3114, 48.3513, 46.7244, 33.617, 46.3135, 38.5631, 47.5838, 39.0979, 41.117, 33.7491, 33.2093, 42.6282, 21.1573, 21.2053, 27.4083], [36.4257, 25.4114, 28.3772, 8.7875, 25.7628, 22.9945, 21.617, 25.2745, 27.2131, 7.488, 32.7373, 12.2275, 37.3399, 15.0516, 27.7816, 0.0, 30.4223, 15.633, 35.7705, 27.5189, 33.1075, 11.9662, 36.5184, 22.4262, 36.5661, 21.3009, 34.7704, 52.2472, 27.0969, 57.1553, 51.7683, 63.2131, 32.1806, 39.2459, 61.5882, 40.9053, 35.2558, 55.0774, 38.8857, 59.8292, 26.9748, 64.7507, 33.1152, 63.8245, 33.2869, 57.9624, 31.667, 55.1284, 33.1919, 65.1563, 37.547, 58.8603, 27.2754, 52.7483, 35.6655, 33.4518, 42.6636, 36.8836, 42.0892, 41.8566, 44.7526, 38.9039, 46.1498, 39.8692, 24.1281, 38.9511, 35.1251, 24.4071, 48.3746, 23.1983, 47.8697, 27.5107, 47.73, 13.4581, 48.3765, 10.8873, 46.1857, 21.4649, 45.5423, 15.3665], [31.2125, 7.3452, 37.5361, 24.2908, 38.0497, 10.3852, 38.1611, 7.5247, 37.8153, 25.3026, 35.4874, 21.4254, 29.0276, 18.8568, 4.0779, 30.4223, 0.0, 37.2158, 10.9513, 37.7503, 4.8449, 36.1303, 13.1502, 38.1961, 13.3036, 38.1408, 33.6412, 64.0274, 55.8126, 61.6108, 27.3717, 54.3296, 43.7634, 64.5684, 31.6341, 64.8647, 40.2438, 62.8511, 36.5426, 59.3374, 54.9526, 49.4091, 62.4394, 36.4595, 42.443, 27.9344, 44.4043, 26.9909, 42.5536, 44.5444, 64.1536, 28.5448, 52.1026, 27.1227, 47.8015, 13.2893, 44.4075, 10.7517, 44.8679, 11.445, 42.2386, 10.1742, 40.0993, 10.2825, 47.7214, 10.173, 47.9194, 47.7772, 29.9265, 47.5185, 35.3615, 48.235, 35.9632, 43.5372, 30.069, 36.6282, 40.0325, 25.2306, 17.1912, 31.2617], [28.5207, 34.8604, 15.4255, 23.2321, 11.9633, 33.4659, 6.8346, 34.7852, 13.8579, 22.1622, 21.812, 25.9677, 30.7619, 28.1026, 36.081, 15.633, 37.2158, 0.0, 38.1308, 14.2654, 38.011, 3.9278, 37.9157, 7.8065, 37.8953, 6.4583, 25.2478, 36.7003, 34.6028, 42.7529, 62.6173, 53.0622, 47.5934, 27.3676, 65.0773, 27.9299, 50.8837, 40.0188, 54.1527, 46.7331, 35.6114, 57.4562, 27.4897, 64.0986, 48.8517, 64.8663, 46.9717, 64.0409, 48.7474, 60.6596, 27.0316, 65.0299, 38.8859, 63.0737, 20.5161, 44.5548, 30.2353, 46.2905, 29.3266, 48.062, 33.8134, 47.1402, 36.5781, 47.4896, 10.5524, 47.1582, 19.8664, 10.6498, 44.5677, 10.3059, 41.0977, 12.371, 40.6159, 14.9637, 44.4943, 24.9918, 36.6555, 36.4357, 48.2673, 30.9961], [23.5872, 17.7841, 33.9197, 31.7244, 35.4648, 20.4884, 37.0882, 17.9458, 34.6671, 32.4462, 29.9413, 29.5936, 20.689, 27.59, 14.7956, 35.7705, 10.9513, 38.1308, 0.0, 34.4806, 6.2214, 38.1744, 2.3162, 36.838, 2.4794, 37.178, 27.0388, 58.7264, 62.5639, 54.1789, 34.4898, 44.082, 54.0665, 64.6099, 26.9568, 64.2247, 51.0202, 56.3357, 47.493, 50.688, 62.0722, 38.5035, 65.1362, 28.1273, 52.9544, 28.6934, 54.5936, 31.1551, 53.049, 33.7697, 64.9027, 28.0544, 60.2937, 33.4946, 43.8095, 23.8089, 37.3238, 19.6874, 38.0643, 13.2237, 34.0682, 17.0895, 31.1121, 15.8182, 48.0348, 17.0277, 44.145, 47.9922, 19.0173, 48.1583, 25.1327, 47.3434, 25.8568, 47.6995, 19.1675, 43.9629, 31.0229, 35.4433, 10.1774, 40.211], [16.9661, 38.1767, 1.2589, 32.8768, 2.45, 37.9274, 7.6951, 38.1691, 0.4382, 32.1794, 8.5224, 34.5534, 20.077, 35.7343, 38.1623, 27.5189, 37.7503, 14.2654, 34.4806, 0.0, 36.6999, 17.8336, 33.4196, 6.7225, 33.3401, 8.0689, 12.7152, 27.1198, 48.8536, 29.6795, 65.0105, 39.068, 59.4648, 32.2318, 60.1169, 30.9372, 61.4596, 28.1848, 63.1435, 32.67, 49.8756, 44.6503, 38.2024, 56.4328, 60.26, 63.0832, 59.0576, 64.2996, 60.1956, 49.5087, 33.6966, 62.5349, 52.9046, 64.87, 10.1739, 48.3609, 15.9709, 48.2271, 15.0933, 46.7574, 19.8076, 47.8544, 23.129, 47.5787, 18.1455, 47.8425, 10.1926, 17.8734, 34.7485, 19.0579, 29.236, 14.933, 28.5383, 29.1883, 34.6199, 38.0293, 23.2262, 45.4917, 43.7478, 42.273], [28.1666, 12.0404, 36.33, 27.8343, 37.3053, 14.9638, 38.0868, 12.2139, 36.8193, 28.7284, 33.4061, 25.2638, 25.6431, 22.9182, 8.8622, 33.1075, 4.8449, 38.011, 6.2214, 36.6999, 0.0, 37.4137, 8.4952, 37.996, 8.6545, 38.115, 31.0732, 62.2173, 59.2304, 58.8063, 29.5979, 50.0983, 48.5007, 65.1467, 28.4808, 65.1444, 45.0855, 60.4788, 41.3191, 55.9431, 58.5186, 44.7234, 64.1652, 32.1393, 47.2357, 26.9534, 49.1082, 27.6343, 47.3424, 39.6996, 65.0401, 27.0194, 56.0914, 28.9327, 46.5113, 17.6153, 41.7033, 13.8742, 42.294, 10.2007, 39.0225, 11.9021, 36.489, 11.1262, 48.3381, 11.8609, 46.727, 48.351, 25.238, 48.2774, 31.1164, 48.3239, 31.7845, 45.8091, 25.3887, 40.2186, 36.4112, 29.9195, 12.9489, 35.4927], [30.9831, 33.0684, 18.9373, 19.9907, 15.6302, 31.3937, 10.6628, 32.9764, 17.4449, 18.8453, 24.9213, 22.949, 32.9283, 25.2927, 34.5982, 11.9662, 36.1303, 3.9278, 38.1744, 17.8336, 37.4137, 0.0, 38.1978, 11.6101, 38.1941, 10.2954, 28.0619, 40.5621, 31.2978, 46.642, 60.6819, 56.233, 43.7353, 29.0364, 65.0957, 30.0718, 47.1986, 43.9466, 50.7442, 50.4471, 32.1585, 60.0243, 26.9618, 64.9119, 45.0476, 64.0069, 43.0923, 62.6445, 44.9383, 62.6002, 28.157, 64.3626, 35.1137, 61.2866, 24.4437, 42.4472, 33.7729, 44.6486, 32.9265, 47.2643, 37.0567, 45.8114, 39.5352, 46.3233, 12.7249, 45.8371, 23.7932, 12.9336, 46.2292, 12.0737, 43.4397, 15.5878, 43.0346, 11.9058, 46.1733, 21.067, 39.6037, 33.1299, 48.3518, 27.2735], [21.7217, 19.8013, 32.7914, 32.9567, 34.5381, 22.4057, 36.4638, 19.9576, 33.6298, 33.6095, 28.4475, 31.0041, 18.7038, 29.1415, 16.9039, 36.5184, 13.1502, 37.9157, 2.3162, 33.4196, 8.4952, 38.1978, 0.0, 36.156, 0.1635, 36.5761, 25.3526, 57.1267, 63.4676, 52.2125, 36.6478, 41.7689, 55.9129, 64.0475, 27.2566, 63.5233, 53.0537, 54.5219, 49.683, 48.538, 63.0635, 36.2625, 65.1308, 27.3202, 54.8751, 30.0867, 56.4022, 33.0153, 54.9636, 31.8288, 64.4862, 29.2394, 61.5478, 35.5869, 42.5242, 26.1036, 35.4688, 21.9972, 36.2584, 15.1706, 32.0302, 19.3419, 28.9482, 18.0107, 47.6095, 19.2777, 42.9016, 47.5467, 16.7773, 47.8008, 22.8257, 46.6714, 23.5585, 48.0941, 16.9216, 45.078, 28.8557, 37.2999, 10.488, 41.7213], [22.7247, 37.3194, 7.9581, 28.9393, 4.297, 36.5258, 0.9902, 37.2798, 6.2907, 28.0535, 14.9426, 31.146, 25.4832, 32.7983, 37.8868, 22.4262, 38.1961, 7.8065, 36.838, 6.7225, 37.996, 11.6101, 36.156, 0.0, 36.1029, 1.3721, 18.8561, 30.0923, 42.2402, 35.0711, 64.8732, 45.7891, 54.6069, 27.9597, 63.3405, 27.3875, 57.2995, 32.663, 59.8004, 38.9327, 43.335, 51.0818, 32.0614, 60.8346, 55.6558, 64.8794, 54.08, 65.1583, 55.5698, 55.3418, 28.7815, 64.6544, 46.687, 65.0128, 13.249, 47.4184, 22.5769, 48.1652, 21.6081, 48.1961, 26.5252, 48.3623, 29.7196, 48.3761, 12.2922, 48.3642, 12.7529, 12.1025, 39.9474, 12.9664, 35.2629, 10.5158, 34.6483, 22.5658, 39.8418, 32.446, 29.8108, 42.0021, 46.6418, 37.6514], [21.5871, 19.9409, 32.7072, 33.0391, 34.4679, 22.5379, 36.4147, 20.0968, 33.5519, 33.6869, 28.3381, 31.0993, 18.5611, 29.2469, 17.0503, 36.5661, 13.3036, 37.8953, 2.4794, 33.3401, 8.6545, 38.1941, 0.1635, 36.1029, 0.0, 36.5285, 25.2301, 57.0081, 63.5242, 52.0694, 36.8042, 41.6055, 56.038, 64.0005, 27.2954, 63.4667, 53.1928, 54.3888, 49.8343, 48.3831, 63.1264, 36.1078, 65.1229, 27.2799, 55.0057, 30.1974, 56.5245, 33.1546, 55.0938, 31.7, 64.4494, 29.3369, 61.6297, 35.7397, 42.428, 26.2639, 35.3337, 22.1607, 36.1266, 15.3169, 31.8829, 19.5033, 28.7928, 18.1694, 47.5732, 19.4391, 42.8083, 47.509, 16.6232, 47.7692, 22.6623, 46.6178, 23.3954, 48.1156, 16.7669, 45.1508, 28.7001, 37.4264, 10.539, 41.8226], [23.8131, 37.0015, 9.295, 28.0248, 5.6576, 36.0999, 0.3821, 36.9555, 7.64, 27.104, 16.1958, 30.3312, 26.4891, 32.0734, 37.6854, 21.3009, 38.1408, 6.4583, 37.178, 8.0689, 38.115, 10.2954, 36.5761, 1.3721, 36.5285, 0.0, 20.0373, 31.0667, 40.8684, 36.3548, 64.6397, 47.1256, 53.4738, 27.4723, 63.8042, 27.0911, 56.2901, 33.8408, 58.9417, 40.2943, 41.9639, 52.2975, 30.9999, 61.5556, 54.567, 65.0416, 52.9263, 65.127, 54.4772, 56.3964, 28.112, 64.8841, 45.3442, 64.8359, 14.3731, 47.0529, 23.947, 47.9763, 22.9802, 48.3136, 27.8579, 48.2889, 30.9942, 48.3618, 11.4317, 48.2937, 13.8251, 11.2783, 40.8718, 11.9977, 36.3825, 10.2184, 35.7887, 21.1939, 40.7714, 31.206, 31.0835, 41.1407, 47.0634, 36.5797], [4.6063, 36.4952, 11.5211, 37.4799, 14.9993, 37.297, 19.711, 36.5489, 13.1276, 37.1992, 4.3582, 38.0089, 8.1145, 38.1961, 35.382, 34.7704, 33.6412, 25.2478, 27.0388, 12.7152, 31.0732, 28.0619, 25.3526, 18.8561, 25.2301, 20.0373, 0.0, 31.8047, 59.2568, 28.0002, 60.6458, 28.5169, 64.7279, 44.584, 50.1648, 42.9239, 65.1269, 29.4144, 65.0451, 26.9867, 59.9306, 32.2863, 50.8313, 44.9025, 64.9313, 55.3592, 64.6055, 58.1628, 64.9167, 36.8052, 46.288, 54.2841, 61.7773, 59.9984, 18.6079, 46.1481, 10.7867, 44.3652, 11.2407, 40.2113, 10.2601, 42.9543, 11.5388, 42.1598, 30.8217, 42.9175, 19.2502, 30.5625, 22.5542, 31.6739, 16.5216, 27.5689, 15.8408, 39.9554, 22.4017, 45.6545, 11.5957, 48.3721, 34.7708, 47.6204], [35.8364, 65.1547, 26.9733, 59.0264, 27.7968, 65.0259, 30.7855, 65.1571, 27.2034, 58.1453, 28.8492, 61.1277, 39.2827, 62.579, 64.898, 52.2472, 64.0274, 36.7003, 58.7264, 27.1198, 62.2173, 40.5621, 57.1267, 30.0923, 57.0081, 31.0667, 31.8047, 0.0, 66.5762, 14.7086, 91.396, 39.7562, 84.2921, 31.8636, 81.3538, 28.0611, 87.3551, 8.1611, 89.8141, 24.1972, 68.3747, 51.4704, 46.1345, 74.3239, 85.5276, 87.1634, 83.6533, 89.699, 85.4282, 61.0687, 35.7475, 86.0655, 73.5866, 91.0198, 17.1327, 75.3113, 22.8446, 74.7127, 21.6476, 71.7835, 28.3778, 73.8855, 33.3924, 73.3324, 31.6435, 73.861, 17.4293, 31.2184, 51.6779, 33.063, 42.8915, 26.5476, 41.7928, 48.4575, 51.4707, 61.5089, 33.5411, 72.035, 66.5088, 67.5936], [61.8373, 49.482, 50.026, 31.5219, 46.5043, 46.5011, 41.25, 49.3115, 48.4396, 30.5351, 56.219, 34.5456, 63.3437, 37.3871, 52.4587, 27.0969, 55.8126, 34.6028, 62.5639, 48.8536, 59.2304, 31.2978, 63.4676, 42.2402, 63.5242, 40.8684, 59.2568, 66.5762, 0.0, 75.8867, 71.4422, 87.5303, 31.409, 40.4457, 87.4442, 44.0192, 39.2525, 71.9543, 47.2927, 80.9601, 2.6421, 90.7825, 25.7413, 90.69, 34.3885, 81.7632, 29.943, 77.1255, 34.1408, 92.0441, 36.6537, 83.2002, 10.8099, 73.1202, 53.3398, 54.621, 64.8066, 59.6821, 63.8471, 66.8843, 68.344, 62.631, 70.7755, 64.0301, 35.1368, 62.6996, 52.4697, 35.5668, 75.2878, 33.709, 73.9676, 40.3888, 73.6878, 19.6746, 75.2773, 19.2637, 70.8391, 36.5613, 72.0255, 27.0486], [30.665, 64.3615, 28.9289, 62.3705, 31.4059, 64.9385, 35.9934, 64.405, 29.9639, 61.7486, 26.9655, 63.7422, 33.509, 64.5477, 63.3674, 57.1553, 61.6108, 42.7529, 54.1789, 29.6795, 58.8063, 46.642, 52.2125, 35.0711, 52.0694, 36.3548, 28.0002, 14.7086, 75.8867, 0.0, 88.3938, 25.978, 89.141, 45.2552, 73.4119, 41.7105, 90.8995, 6.5944, 91.926, 9.6947, 77.353, 38.6119, 58.2732, 64.6818, 89.891, 81.2891, 88.7367, 85.2039, 89.8324, 49.2738, 48.8446, 79.7203, 81.4893, 87.5943, 22.592, 74.126, 17.2141, 72.3058, 16.8966, 67.3743, 20.3137, 70.7063, 24.4021, 69.7664, 40.9919, 70.6633, 23.4314, 40.5679, 42.9149, 42.3936, 33.572, 35.7482, 32.452, 56.6293, 42.6873, 67.4807, 24.5342, 74.5857, 60.2659, 71.9322], [57.7358, 27.7698, 64.8498, 43.3187, 65.1558, 29.2967, 64.7116, 27.8392, 65.0528, 44.6411, 62.7717, 39.7453, 55.0735, 36.7862, 26.9984, 51.7683, 27.3717, 62.6173, 34.4898, 65.0105, 29.5979, 60.6819, 36.6478, 64.8732, 36.8042, 64.6397, 60.6458, 91.396, 71.4422, 88.3938, 0.0, 77.5, 47.3347, 89.7165, 32.7438, 90.5418, 39.8539, 90.0215, 31.4549, 85.1765, 69.7451, 69.3942, 84.8441, 44.7433, 44.5701, 18.7107, 48.6616, 9.6231, 44.8034, 60.8263, 88.6786, 21.8614, 64.1252, 2.7072, 75.1155, 18.3503, 71.3008, 16.7878, 71.8784, 21.8449, 68.481, 17.6973, 65.5932, 18.6873, 73.12, 17.7373, 75.2, 73.2476, 51.1368, 72.6691, 58.9752, 74.4256, 59.8288, 65.0835, 51.3451, 53.227, 65.5018, 34.8819, 31.8704, 44.4307], [27.0411, 59.6453, 37.8319, 65.1203, 41.5085, 61.4056, 46.7556, 59.7568, 39.5018, 65.0171, 31.3119, 65.0734, 27.1591, 64.6652, 57.4565, 63.2131, 54.3296, 53.0622, 44.082, 39.068, 50.0983, 56.233, 41.7689, 45.7891, 41.6055, 47.1256, 28.5169, 39.7562, 87.5303, 25.978, 77.5, 0.0, 92.0662, 66.0446, 54.7414, 63.1792, 91.4094, 32.2381, 89.8411, 16.5326, 88.3172, 13.4591, 76.0262, 43.5607, 91.9113, 65.7719, 92.1017, 71.875, 91.9285, 25.325, 68.8865, 63.4705, 90.2921, 76.0034, 38.6166, 67.6017, 23.8862, 63.764, 25.2036, 55.6874, 19.2704, 60.9252, 17.0647, 59.376, 56.2668, 60.8526, 39.6116, 55.9144, 26.441, 57.4194, 18.9842, 51.7791, 18.3704, 68.0038, 26.2239, 74.0765, 17.0317, 74.6158, 45.959, 75.3109], [65.1576, 36.4607, 60.2227, 27.2598, 57.8508, 33.5975, 53.7937, 36.2868, 59.1895, 27.6427, 63.6051, 26.9932, 64.9513, 27.6479, 39.6858, 32.1806, 43.7634, 47.5934, 54.0665, 59.4648, 48.5007, 43.7353, 55.9129, 54.6069, 56.038, 53.4738, 64.7279, 84.2921, 31.409, 89.141, 47.3347, 92.0662, 0.0, 66.2408, 72.3325, 68.9712, 8.4857, 87.2512, 17.5053, 91.088, 28.9123, 90.6573, 54.3561, 79.7585, 3.1896, 62.3989, 1.5547, 55.3309, 2.9228, 87.7264, 63.2721, 64.7362, 21.0299, 49.6366, 67.8437, 35.4037, 73.8713, 41.6941, 73.4844, 51.8376, 74.9867, 45.6478, 75.3266, 47.6117, 54.3954, 45.7426, 67.2918, 54.7583, 71.8517, 53.1724, 74.5008, 58.6701, 74.6964, 38.321, 71.939, 23.1437, 75.3284, 18.6232, 60.6862, 17.2577], [49.0527, 62.0561, 33.286, 48.0059, 30.3757, 60.4301, 27.5927, 61.9698, 31.8796, 46.7252, 40.2269, 51.3204, 52.2797, 53.9295, 63.4174, 39.2459, 64.5684, 27.3676, 64.6099, 32.2318, 65.1467, 29.0364, 64.0475, 27.9597, 64.0005, 27.4723, 44.584, 31.8636, 40.4457, 45.2552, 89.7165, 66.0446, 66.2408, 0.0, 91.2743, 4.0203, 71.8555, 39.3955, 77.1974, 53.4478, 42.8028, 74.7176, 15.7073, 88.557, 68.4174, 92.0848, 65.151, 91.4056, 68.2384, 81.1525, 4.1744, 92.1056, 49.8783, 90.291, 27.7742, 71.4774, 42.8026, 73.5799, 41.3495, 75.2822, 48.6001, 74.507, 53.164, 74.8474, 16.8493, 74.5253, 26.8269, 16.8091, 66.957, 17.1045, 60.819, 17.534, 59.9885, 28.2296, 66.8232, 43.8183, 53.2928, 60.4791, 74.5342, 52.6758], [45.7656, 38.2947, 59.3518, 55.9236, 61.4622, 41.3976, 63.6818, 38.4743, 60.3715, 56.92, 53.9859, 53.0187, 42.2314, 50.3415, 35.1396, 61.5882, 31.6341, 65.0773, 26.9568, 60.1169, 28.4808, 65.0957, 27.2566, 63.3405, 27.2954, 63.8042, 50.1648, 81.3538, 87.4442, 73.4119, 32.7438, 54.7414, 72.3325, 91.2743, 0.0, 90.6466, 66.771, 77.2065, 60.1758, 67.1487, 86.5779, 43.3295, 92.05, 13.1996, 70.3143, 14.5726, 73.2848, 23.5701, 70.4864, 32.2643, 91.742, 11.3747, 83.4427, 30.1993, 68.4982, 36.9443, 58.5849, 30.64, 59.7191, 20.9574, 53.5941, 26.7044, 49.0592, 24.7954, 74.865, 26.6113, 69.0089, 74.8032, 30.5147, 75.0428, 39.8854, 73.8442, 40.9961, 74.1829, 30.7445, 68.2578, 48.9223, 54.9432, 16.8138, 62.3775], [47.4676, 62.7901, 31.9029, 49.5772, 29.2953, 61.3375, 27.1573, 62.7142, 30.6191, 48.3276, 38.5749, 52.7838, 50.7966, 55.2788, 63.9595, 40.9053, 64.8647, 27.9299, 64.2247, 30.9372, 65.1444, 30.0718, 63.5233, 27.3875, 63.4667, 27.0911, 42.9239, 28.0611, 44.0192, 41.7105, 90.5418, 63.1792, 68.9712, 4.0203, 90.6466, 0.0, 74.3024, 35.7239, 79.3171, 50.1226, 46.3219, 72.2952, 19.6538, 87.3666, 71.044, 92.0934, 67.931, 91.8152, 70.8738, 79.1732, 8.1866, 91.9732, 53.2106, 91.0003, 25.3902, 72.4226, 40.2934, 74.1998, 38.8212, 75.3293, 46.21, 74.9121, 50.9136, 75.1421, 17.4332, 74.9252, 24.4907, 17.295, 65.4399, 18.0001, 58.9032, 16.8856, 58.0293, 30.7162, 65.2955, 46.2642, 51.047, 62.3114, 74.0021, 54.8636], [64.9555, 33.2527, 62.0742, 28.5828, 60.1138, 30.7633, 56.5763, 33.0961, 61.2333, 29.322, 64.5649, 27.2472, 64.2882, 26.9619, 36.2525, 35.2558, 40.2438, 50.8837, 51.0202, 61.4596, 45.0855, 47.1986, 53.0537, 57.2995, 53.1928, 56.2901, 65.1269, 87.3551, 39.2525, 90.8995, 39.8539, 91.4094, 8.4857, 71.8555, 66.771, 74.3024, 0.0, 89.6001, 9.0998, 91.962, 36.8462, 88.7701, 60.9756, 75.1745, 5.3046, 55.8916, 10.0325, 48.3115, 5.571, 84.7664, 69.1699, 58.4243, 29.2021, 42.2773, 70.4986, 30.0399, 74.8977, 36.3331, 74.6755, 46.9067, 75.3297, 40.4003, 75.0947, 42.4469, 58.7699, 40.4986, 70.0479, 59.1003, 69.538, 57.6526, 73.1996, 62.6231, 73.5195, 43.6355, 69.6497, 28.0486, 75.0797, 16.832, 56.5094, 19.9388], [32.8065, 64.8862, 27.6797, 61.0264, 29.5003, 65.149, 33.5064, 64.9115, 28.389, 60.2847, 27.4256, 62.7332, 35.9961, 63.8328, 64.2185, 55.0774, 62.8511, 40.0188, 56.3357, 28.1848, 60.4788, 43.9466, 54.5219, 32.663, 54.3888, 33.8408, 29.4144, 8.1611, 71.9543, 6.5944, 90.0215, 32.2381, 87.2512, 39.3955, 77.2065, 35.7239, 89.6001, 0.0, 91.2721, 16.2276, 73.5742, 44.4999, 53.0167, 69.2108, 88.2212, 84.1818, 86.7404, 87.4907, 88.1441, 54.7189, 43.1283, 82.8191, 78.2059, 89.4093, 19.505, 74.8815, 19.0797, 73.6026, 18.2714, 69.5508, 23.6125, 72.3436, 28.2881, 71.5737, 36.8247, 72.3087, 20.1672, 36.395, 46.9317, 38.2505, 37.7637, 31.5665, 36.6409, 53.1112, 46.7118, 64.9996, 28.4314, 73.6671, 63.2369, 70.2014], [64.2315, 30.3004, 63.5949, 30.9692, 62.1067, 28.4421, 59.1866, 30.1751, 62.9733, 31.9941, 65.0922, 28.6868, 63.0796, 27.4432, 32.8486, 38.8857, 36.5426, 54.1527, 47.493, 63.1435, 41.3191, 50.7442, 49.683, 59.8004, 49.8343, 58.9417, 65.0451, 89.8141, 47.2927, 91.926, 31.4549, 89.8411, 17.5053, 77.1974, 60.1758, 79.3171, 9.0998, 91.2721, 0.0, 92.03, 45.006, 85.9071, 67.4979, 69.5483, 14.3634, 48.3851, 19.0292, 40.3274, 14.6269, 80.7909, 74.8408, 51.1034, 37.6896, 33.9858, 72.7225, 24.5863, 75.3265, 30.5669, 75.2833, 41.3251, 75.0209, 34.627, 74.1719, 36.7099, 62.9801, 34.7266, 72.3853, 63.2712, 66.4447, 61.9911, 71.151, 66.3319, 71.6006, 49.1054, 66.5813, 33.741, 74.139, 17.8012, 51.5811, 24.5305], [28.2592, 63.0983, 31.6521, 63.8826, 34.8169, 64.1289, 39.914, 63.1681, 33.0391, 63.4462, 27.4927, 64.7418, 30.334, 65.1034, 61.6392, 59.8292, 59.3374, 46.7331, 50.688, 32.67, 55.9431, 50.4471, 48.538, 38.9327, 48.3831, 40.2943, 26.9867, 24.1972, 80.9601, 9.6947, 85.1765, 16.5326, 91.088, 53.4478, 67.1487, 50.1226, 91.962, 16.2276, 92.03, 0.0, 82.1869, 29.5956, 65.4576, 57.4203, 91.5075, 76.2782, 90.8439, 81.0472, 91.4766, 40.8091, 56.7927, 74.421, 85.5563, 84.1092, 28.1536, 72.3608, 17.2276, 69.7649, 17.7409, 63.596, 17.1942, 67.6827, 19.5944, 66.5034, 46.9456, 67.6281, 29.1195, 46.5407, 36.8099, 48.2789, 27.5248, 41.8776, 26.4669, 61.3535, 36.5764, 70.5468, 19.6906, 75.2766, 55.4063, 73.8455], [62.3474, 48.4526, 51.0242, 30.7024, 47.5643, 45.428, 42.3459, 48.279, 49.4693, 29.7924, 57.032, 33.5718, 63.719, 36.3359, 51.4951, 26.9748, 54.9526, 35.6114, 62.0722, 49.8756, 58.5186, 32.1585, 63.0635, 43.335, 63.1264, 41.9639, 59.9306, 68.3747, 2.6421, 77.353, 69.7451, 88.3172, 28.9123, 42.8028, 86.5779, 46.3219, 36.8462, 73.5742, 45.006, 82.1869, 0.0, 91.1923, 28.2675, 90.1904, 31.9234, 80.5129, 27.4321, 75.6493, 31.6729, 92.1071, 39.0625, 82.0322, 8.1816, 71.4834, 54.7704, 53.1866, 65.8463, 58.3955, 64.9297, 65.8967, 69.1989, 61.4513, 71.4671, 62.9078, 36.8161, 61.5225, 53.9216, 37.2456, 75.3296, 35.3874, 74.3374, 42.0409, 74.0962, 20.8371, 75.3273, 18.3267, 71.5259, 34.8819, 71.3821, 25.4911], [29.0442, 55.7522, 43.3988, 64.8375, 47.0522, 58.0358, 51.9629, 55.8932, 45.0836, 65.0096, 36.1662, 64.0538, 27.4784, 63.0334, 53.0626, 64.7507, 49.4091, 57.4562, 38.5035, 44.6503, 44.7234, 60.0243, 36.2625, 51.0818, 36.1078, 52.2975, 32.2863, 51.4704, 90.7825, 38.6119, 69.3942, 13.4591, 90.6573, 74.7176, 43.3295, 72.2952, 88.7701, 44.4999, 85.9071, 29.5956, 91.1923, 0.0, 82.8091, 31.2343, 90.0385, 55.6434, 90.9195, 62.6863, 90.0944, 12.1128, 77.0821, 53.0355, 91.9847, 67.5839, 46.9584, 62.2315, 32.0073, 57.4983, 33.4845, 48.1359, 26.1178, 54.133, 21.7197, 52.3334, 62.7345, 54.0482, 47.8949, 62.4379, 19.487, 63.6984, 16.8841, 58.8947, 17.0976, 71.9141, 19.3409, 75.2712, 21.6035, 72.3829, 37.5621, 74.7902], [54.7861, 58.2958, 39.4433, 41.5567, 35.8464, 56.0453, 31.2867, 58.1717, 37.7745, 40.2288, 46.7234, 45.1217, 57.4826, 48.0603, 60.3641, 33.1152, 62.4394, 27.4897, 65.1362, 38.2024, 64.1652, 26.9618, 65.1308, 32.0614, 65.1229, 30.9999, 50.8313, 46.1345, 25.7413, 58.2732, 84.8441, 76.0262, 54.3561, 15.7073, 92.05, 19.6538, 60.9756, 53.0167, 67.4979, 65.4576, 28.2675, 82.8091, 0.0, 91.5811, 56.8985, 90.3596, 53.0932, 88.1262, 56.6884, 87.3944, 11.5779, 90.9308, 35.9426, 85.8614, 37.6903, 66.5563, 52.144, 69.8825, 50.8257, 73.7847, 57.2715, 71.628, 61.1556, 72.3922, 20.075, 71.6665, 36.6901, 20.3724, 71.747, 19.1581, 67.3072, 24.248, 66.6665, 19.7727, 71.6573, 33.883, 61.2631, 52.3569, 75.3136, 43.3929], [40.2988, 43.7622, 55.4687, 59.7148, 58.186, 46.8395, 61.3611, 43.9443, 56.7584, 60.4971, 49.1203, 57.3424, 36.807, 55.0562, 40.461, 63.8245, 36.4595, 64.0986, 28.1273, 56.4328, 32.1393, 64.9119, 27.3202, 60.8346, 27.2799, 61.5556, 44.9025, 74.3239, 90.69, 64.6818, 44.7433, 43.5607, 79.7585, 88.557, 13.1996, 87.3666, 75.1745, 69.2108, 69.5483, 57.4203, 90.1904, 31.2343, 91.5811, 0.0, 78.1152, 27.4556, 80.5248, 36.087, 78.2562, 19.5679, 89.6144, 24.3559, 88.1717, 42.3576, 63.4909, 45.2109, 51.5712, 39.0254, 52.875, 28.3049, 45.9608, 34.9457, 41.0215, 32.8663, 72.9642, 34.8461, 64.1514, 72.8284, 22.7447, 73.3886, 31.4951, 71.0461, 32.6107, 75.2857, 22.9391, 72.0289, 40.8746, 61.4969, 19.2693, 67.6253], [65.1356, 35.219, 60.9653, 27.6403, 58.7441, 32.4737, 54.8749, 35.0504, 60.0027, 28.1657, 64.0177, 26.959, 64.7556, 27.2649, 38.3791, 33.2869, 42.443, 48.8517, 52.9544, 60.26, 47.2357, 45.0476, 54.8751, 55.6558, 55.0057, 54.567, 64.9313, 85.5276, 34.3885, 89.891, 44.5701, 91.9113, 3.1896, 68.4174, 70.3143, 71.044, 5.3046, 88.2212, 14.3634, 91.5075, 31.9234, 90.0385, 56.8985, 78.1152, 0.0, 60.0153, 4.7428, 52.7478, 0.2669, 86.7014, 65.5521, 62.4284, 24.1226, 46.92, 68.9045, 33.378, 74.327, 39.6941, 74.0016, 50.0229, 75.1868, 43.7012, 75.3109, 45.7006, 56.0851, 43.7975, 68.39, 56.4363, 71.0493, 54.9, 74.0822, 60.2073, 74.3248, 40.3332, 71.1459, 24.9113, 75.3064, 17.6728, 59.169, 18.0199], [51.4786, 32.7027, 62.5697, 50.8274, 63.9241, 35.4748, 65.0034, 32.8562, 63.2491, 52.0137, 58.534, 47.4809, 48.1942, 44.5232, 30.1813, 57.9624, 27.9344, 64.8663, 28.6934, 63.0832, 26.9534, 64.0069, 30.0867, 64.8794, 30.1974, 65.0416, 55.3592, 87.1634, 81.7632, 81.2891, 18.7107, 65.7719, 62.3989, 92.0848, 14.5726, 92.0934, 55.8916, 84.1818, 48.3851, 76.2782, 80.5129, 55.6434, 90.3596, 27.4556, 60.0153, 0.0, 63.5336, 9.1858, 60.2175, 45.5073, 91.8901, 3.2295, 76.2202, 16.0518, 72.5028, 27.7589, 65.1147, 22.129, 66.0237, 16.8071, 60.9874, 19.2183, 57.0856, 18.0949, 75.2594, 19.1582, 72.8331, 75.281, 39.7749, 75.16, 48.8133, 75.2574, 49.8416, 71.2807, 40.0063, 62.5796, 56.9658, 46.6297, 21.0233, 55.2494], [65.1449, 37.0782, 59.8407, 27.1282, 57.3971, 34.1667, 53.2518, 36.9023, 58.7738, 27.4386, 63.3815, 27.0663, 65.0234, 27.8864, 40.3273, 31.667, 44.4043, 46.9717, 54.5936, 59.0576, 49.1082, 43.0923, 56.4022, 54.08, 56.5245, 52.9263, 64.6055, 83.6533, 29.943, 88.7367, 48.6616, 92.1017, 1.5547, 65.151, 73.2848, 67.931, 10.0325, 86.7404, 19.0292, 90.8439, 27.4321, 90.9195, 53.0932, 80.5248, 4.7428, 63.5336, 0.0, 56.566, 4.4763, 88.1879, 62.1332, 65.8329, 19.5133, 50.9392, 67.2993, 36.3919, 73.6188, 42.6606, 73.2021, 52.7047, 74.8582, 46.5843, 75.3031, 48.529, 53.5524, 46.6782, 66.7295, 53.9207, 72.2135, 52.3118, 74.6741, 57.8987, 74.8468, 37.3356, 72.2962, 22.3261, 75.308, 19.1891, 61.4024, 17.0111], [54.7217, 29.8413, 63.9556, 47.2527, 64.8048, 32.1356, 65.1427, 29.9613, 64.4059, 48.524, 60.8498, 43.7364, 51.7071, 40.7154, 28.0463, 55.1284, 26.9909, 64.0409, 31.1551, 64.2996, 27.6343, 62.6445, 33.0153, 65.1583, 33.1546, 65.127, 58.1628, 89.699, 77.1255, 85.2039, 9.6231, 71.875, 55.3309, 91.4056, 23.5701, 91.8152, 48.3115, 87.4907, 40.3274, 81.0472, 75.6493, 62.6863, 88.1262, 36.087, 52.7478, 9.1858, 56.566, 0.0, 52.9663, 53.2669, 90.7959, 12.3936, 70.6825, 6.9265, 74.1455, 22.5199, 68.4674, 18.2492, 69.2193, 17.9515, 64.9558, 16.906, 61.5259, 16.7895, 74.5839, 16.8912, 74.3571, 74.6577, 45.4715, 74.3112, 54.0048, 75.2244, 54.9555, 68.5863, 45.694, 58.2737, 61.4192, 40.9816, 25.9662, 50.1604], [65.1399, 35.3214, 60.9053, 27.6029, 58.6714, 32.5652, 54.7861, 35.1523, 59.9367, 28.1168, 63.9855, 26.9559, 64.7744, 27.2913, 38.4878, 33.1919, 42.5536, 48.7474, 53.049, 60.1956, 47.3424, 44.9383, 54.9636, 55.5698, 55.0938, 54.4772, 64.9167, 85.4282, 34.1408, 89.8324, 44.8034, 91.9285, 2.9228, 68.2384, 70.4864, 70.8738, 5.571, 88.1441, 14.6269, 91.4766, 31.6729, 90.0944, 56.6884, 78.2562, 0.2669, 60.2175, 4.4763, 52.9663, 0.0, 86.7912, 65.3644, 62.6243, 23.865, 47.1495, 68.8187, 33.5472, 74.2921, 39.8622, 73.9615, 50.1764, 75.1733, 43.8652, 75.3155, 45.8619, 55.9459, 43.9614, 68.301, 56.2981, 71.1195, 54.7576, 74.1204, 60.0811, 74.3591, 40.1655, 71.2153, 24.7594, 75.3115, 17.7405, 59.2983, 17.9437], [32.6334, 51.5527, 48.3251, 63.6018, 51.7355, 54.2283, 56.1078, 51.715, 49.9147, 64.0169, 41.1036, 62.1769, 29.9554, 60.6348, 48.5139, 65.1563, 44.5444, 60.6596, 33.7697, 49.5087, 39.6996, 62.6002, 31.8288, 55.3418, 31.7, 56.3964, 36.8052, 61.0687, 92.0441, 49.2738, 60.8263, 25.325, 87.7264, 81.1525, 32.2643, 79.1732, 84.7664, 54.7189, 80.7909, 40.8091, 92.1071, 12.1128, 87.3944, 19.5679, 86.7014, 45.5073, 88.1879, 53.2669, 86.7912, 0.0, 83.0438, 42.6714, 91.8207, 58.767, 53.9015, 56.3789, 39.7067, 50.9596, 41.1732, 40.7227, 33.6191, 47.2132, 28.5966, 45.2415, 67.5259, 47.1199, 54.7506, 67.2867, 16.7822, 68.2967, 20.3467, 64.3658, 21.1645, 74.1938, 16.7803, 75.0347, 28.453, 69.1231, 29.8831, 73.02], [50.6523, 61.1948, 34.8236, 46.334, 31.6578, 59.3942, 28.2846, 61.098, 33.3158, 45.0282, 41.9567, 49.7435, 53.7577, 52.4594, 62.751, 37.547, 64.1536, 27.0316, 64.9027, 33.6966, 65.0401, 28.157, 64.4862, 28.7815, 64.4494, 28.112, 46.288, 35.7475, 36.6537, 48.8446, 88.6786, 68.8865, 63.2721, 4.1744, 91.742, 8.1866, 69.1699, 43.1283, 74.8408, 56.7927, 39.0625, 77.0821, 11.5779, 89.6144, 65.5521, 91.8901, 62.1332, 90.7959, 65.3644, 83.0438, 0.0, 92.0573, 46.3176, 89.3725, 30.3447, 70.3608, 45.3628, 72.7959, 43.937, 75.089, 51.0117, 73.9438, 55.4149, 74.398, 16.8772, 73.9675, 29.366, 16.9433, 68.408, 16.7803, 62.6998, 18.7655, 61.9167, 25.7354, 68.2854, 41.2287, 55.5386, 58.4692, 74.944, 50.32], [50.268, 33.8541, 61.9637, 52.0222, 63.4908, 36.7399, 64.8271, 34.016, 62.7211, 53.1717, 57.6167, 48.7569, 46.9074, 45.8443, 31.1407, 58.8603, 28.5448, 65.0299, 28.0544, 62.5349, 27.0194, 64.3626, 29.2394, 64.6544, 29.3369, 64.8841, 54.2841, 86.0655, 83.2002, 79.7203, 21.8614, 63.4705, 64.7362, 92.1056, 11.3747, 91.9732, 58.4243, 82.8191, 51.1034, 74.421, 82.0322, 53.0355, 90.9308, 24.3559, 62.4284, 3.2295, 65.8329, 12.3936, 62.6243, 42.6714, 92.0573, 0.0, 77.9867, 19.2221, 71.7634, 29.7407, 63.795, 23.8455, 64.7566, 17.1463, 59.4638, 20.581, 55.4087, 19.2001, 75.3276, 20.5098, 72.1345, 75.3308, 37.7332, 75.2894, 46.9029, 75.0997, 47.9543, 72.0699, 37.9662, 63.9615, 55.2847, 48.5457, 19.5962, 56.9317], [63.6665, 45.1603, 53.9654, 28.5914, 50.7416, 42.049, 45.7198, 44.9797, 52.5271, 27.9759, 59.3363, 30.834, 64.6098, 33.2487, 48.3649, 27.2754, 52.1026, 38.8859, 60.2937, 52.9046, 56.0914, 35.1137, 61.5478, 46.687, 61.6297, 45.3442, 61.7773, 73.5866, 10.8099, 81.4893, 64.1252, 90.2921, 21.0299, 49.8783, 83.4427, 53.2106, 29.2021, 78.2059, 37.6896, 85.5563, 8.1816, 91.9847, 35.9426, 88.1717, 24.1226, 76.2202, 19.5133, 70.6825, 23.865, 91.8207, 46.3176, 77.9867, 0.0, 66.0409, 58.9626, 48.5258, 68.7502, 54.15, 67.9724, 62.5241, 71.5091, 57.5143, 73.2578, 59.1385, 41.9775, 57.5934, 58.1862, 42.398, 75.0851, 40.5724, 75.1139, 47.0413, 74.9938, 25.1508, 75.1082, 16.8018, 73.3011, 29.7196, 69.0398, 21.1151], [56.9328, 28.2362, 64.6573, 44.4359, 65.1168, 30.0062, 64.8921, 28.3213, 64.9303, 45.7485, 62.2862, 40.864, 54.1653, 37.8721, 27.1553, 52.7483, 27.1227, 63.0737, 33.4946, 64.87, 28.9327, 61.2866, 35.5869, 65.0128, 35.7397, 64.8359, 59.9984, 91.0198, 73.1202, 87.5943, 2.7072, 76.0034, 49.6366, 90.291, 30.1993, 91.0003, 42.2773, 89.4093, 33.9858, 84.1092, 71.4834, 67.5839, 85.8614, 42.3576, 46.92, 16.0518, 50.9392, 6.9265, 47.1495, 58.767, 89.3725, 19.2221, 66.0409, 0.0, 74.9216, 19.3178, 70.5775, 16.8619, 71.205, 20.5493, 67.5592, 17.135, 64.5148, 17.8464, 73.6084, 17.1607, 75.0419, 73.721, 49.5843, 73.2071, 57.6326, 74.7286, 58.5149, 66.135, 49.7971, 54.6953, 64.419, 36.6028, 30.1736, 46.0746], [23.2006, 48.3492, 10.267, 42.0351, 10.6645, 48.0611, 14.0502, 48.3409, 10.1974, 41.2028, 14.5374, 44.0382, 26.7222, 45.4498, 48.3176, 35.6655, 47.8015, 20.5161, 43.8095, 10.1739, 46.5113, 24.4437, 42.5242, 13.249, 42.428, 14.3731, 18.6079, 17.1327, 53.3398, 22.592, 75.1155, 38.6166, 67.8437, 27.7742, 68.4982, 25.3902, 70.4986, 19.505, 72.7225, 28.1536, 54.7704, 46.9584, 37.6903, 63.4909, 68.9045, 72.5028, 67.2993, 74.1455, 68.8187, 53.9015, 30.3447, 71.7634, 58.9626, 74.9216, 0.0, 58.5342, 15.0396, 58.3421, 13.5998, 56.4415, 20.8446, 57.8555, 25.5263, 57.4989, 18.7997, 57.8401, 1.0017, 18.3919, 40.9831, 20.1473, 33.7603, 13.7371, 32.8353, 34.0387, 40.8159, 45.4948, 25.6604, 54.9628, 52.5813, 50.8977], [44.1228, 10.1874, 48.3774, 25.126, 48.185, 11.0893, 47.1605, 10.2022, 48.3434, 26.4354, 47.4779, 21.5573, 42.1484, 18.5581, 10.77, 33.4518, 13.2893, 44.5548, 23.8089, 48.3609, 17.6153, 42.4472, 26.1036, 47.4184, 26.2639, 47.0529, 46.1481, 75.3113, 54.621, 74.126, 18.3503, 67.6017, 35.4037, 71.4774, 36.9443, 72.4226, 30.0399, 74.8815, 24.5863, 72.3608, 53.1866, 62.2315, 66.5563, 45.2109, 33.378, 27.7589, 36.3919, 22.5199, 33.5472, 56.3789, 70.3608, 29.7407, 48.5258, 19.3178, 58.5342, 0.0, 56.9266, 6.3188, 57.2555, 16.9066, 55.1931, 10.3636, 53.2833, 12.4071, 54.9894, 10.4616, 58.5019, 55.1356, 42.7751, 54.4823, 48.6239, 56.5749, 49.2414, 46.8199, 42.9344, 35.7682, 53.2213, 18.8729, 26.9948, 27.7272], [13.7476, 47.2192, 14.837, 46.6901, 18.3025, 47.9089, 23.5661, 47.2679, 16.3775, 46.233, 10.3332, 47.6522, 16.9213, 48.155, 46.1632, 42.6636, 44.4075, 30.2353, 37.3238, 15.9709, 41.7033, 33.7729, 35.4688, 22.5769, 35.3337, 23.947, 10.7867, 22.8446, 64.8066, 17.2141, 71.3008, 23.8862, 73.8713, 42.8026, 58.5849, 40.2934, 74.8977, 19.0797, 75.3265, 17.2276, 65.8463, 32.0073, 52.144, 51.5712, 74.327, 65.1147, 73.6188, 68.4674, 7