[4, 90]
[[0.0, 68.2244, 25.7943, 65.5705, 31.3729, 65.3431, 18.6743, 67.3238, 27.7721, 67.9129, 14.4369, 60.8497, 27.4879, 65.3054, 9.7772, 62.6436, 36.3309, 68.6308, 38.2251, 67.4677, 62.5024, 64.1748, 12.4086, 33.5152, 40.3099, 62.0609, 59.2788, 24.2777, 63.317, 29.1414, 26.9612, 62.3649, 42.7797, 56.8376, 12.4314, 62.5771, 39.9541, 63.5141, 24.0398, 40.9851, 17.0242, 62.3134, 38.4698, 63.2055, 5.9598, 37.8907, 9.5204, 15.1369, 28.4572, 49.9975, 59.6213, 55.747, 13.6412, 50.0109, 37.3172, 63.5422, 5.085, 45.7823, 30.8694, 26.4117, 12.6589, 47.5607, 15.276, 54.8272, 13.1448, 59.1348, 25.5272, 54.3378, 38.7471, 58.2221, 24.401, 57.9375, 27.8195, 57.5784, 23.7337, 45.0639, 36.225, 57.5637, 22.876, 38.4851, 37.1044, 46.8875, 44.781, 52.1386, 14.0222, 59.0978, 47.2411, 52.2708, 39.2261, 41.8204], [68.2244, 0.0, 60.4188, 13.019, 64.0892, 13.7613, 63.6205, 20.5703, 65.4078, 17.2258, 68.2672, 24.9395, 59.5255, 28.0786, 68.5913, 21.0605, 61.8303, 7.2547, 60.8178, 5.1749, 34.9751, 17.2076, 68.4488, 55.8933, 59.5983, 22.3836, 40.8253, 61.1743, 33.2053, 58.6012, 54.6783, 7.7639, 42.5432, 35.0219, 63.503, 19.0885, 45.2378, 12.2883, 56.2656, 53.0846, 62.9495, 20.34, 46.5465, 15.2705, 62.8484, 47.0387, 63.6533, 60.1243, 59.8659, 34.1364, 29.0814, 25.0294, 63.394, 34.1182, 55.519, 11.9033, 63.3995, 39.3461, 58.8723, 54.99, 59.6029, 41.8499, 56.6973, 19.6631, 59.5698, 9.0946, 51.7859, 31.6044, 41.9657, 21.1767, 57.2895, 22.2471, 50.4037, 12.9494, 57.5012, 35.2227, 51.7179, 12.9894, 57.7588, 42.2104, 51.1442, 32.9114, 44.858, 24.9098, 59.4939, 9.1433, 42.2215, 24.6747, 49.6494, 38.9014], [25.7943, 60.4188, 0.0, 53.1463, 52.0143, 52.6642, 7.5159, 67.3984, 49.324, 66.6556, 38.5956, 44.4586, 1.8375, 68.4497, 34.5916, 47.5139, 55.551, 63.5215, 56.8457, 57.7921, 68.5748, 50.3266, 36.8681, 8.5485, 58.2309, 46.4976, 67.9319, 1.6287, 68.6271, 3.6514, 5.7409, 53.0309, 22.2164, 63.4442, 34.3887, 62.4092, 18.7769, 60.5289, 4.9789, 56.2305, 38.4685, 62.663, 17.0258, 61.4617, 21.3546, 16.3533, 31.579, 11.157, 47.6304, 31.6809, 63.6441, 40.2055, 35.4951, 31.6995, 53.8895, 60.3947, 25.3564, 26.0262, 49.4109, 5.4589, 31.4902, 57.5215, 13.5996, 42.2488, 32.0528, 51.9853, 9.1691, 59.5968, 20.0072, 58.8845, 42.4469, 59.0717, 10.0696, 47.69, 41.9037, 27.7238, 51.131, 47.6565, 41.1964, 19.7099, 51.705, 30.1503, 56.1913, 37.7801, 33.0205, 51.85, 57.3788, 37.9882, 53.0438, 23.632], [65.5705, 13.019, 53.1463, 0.0, 67.5829, 0.7568, 57.5821, 32.6173, 68.1632, 29.5153, 68.3665, 12.3577, 51.9645, 39.4484, 67.7889, 8.2872, 66.358, 20.0691, 65.7464, 7.901, 45.5417, 4.292, 68.1541, 47.3235, 64.9721, 9.67, 50.5492, 54.1618, 43.9962, 50.7607, 47.5374, 7.8869, 32.8777, 44.4027, 63.216, 30.0315, 35.9944, 23.4186, 49.6265, 58.7695, 63.6138, 31.2081, 37.5309, 26.3745, 59.7925, 38.113, 62.7376, 55.0837, 62.8823, 23.4966, 39.1933, 13.8992, 63.3602, 23.4768, 60.4077, 23.0275, 61.1568, 29.2528, 62.3925, 47.9427, 59.0213, 49.0274, 52.2227, 11.0772, 59.1171, 13.2411, 45.3548, 40.3617, 33.4342, 30.7512, 59.3932, 31.7808, 43.5782, 9.1692, 59.4611, 25.9119, 56.3682, 9.1578, 59.5336, 33.7157, 55.9863, 23.4368, 51.403, 15.414, 59.2648, 13.0424, 49.3258, 15.197, 54.9566, 29.9608], [31.3729, 64.0892, 52.0143, 67.5829, 0.0, 67.7106, 46.7982, 53.784, 3.989, 55.8753, 17.8307, 68.6298, 53.1945, 48.4352, 22.357, 68.5312, 5.6962, 61.1348, 7.9412, 65.758, 42.6307, 68.1979, 19.8196, 57.1862, 10.4604, 68.5923, 36.9123, 50.9371, 44.2098, 54.3228, 50.1798, 61.3445, 59.5521, 37.5759, 19.0647, 50.3686, 58.1307, 54.5395, 48.1252, 14.7731, 14.4409, 49.5295, 57.3334, 52.7846, 32.29, 57.0135, 22.116, 41.2858, 5.0889, 62.4631, 42.9245, 63.6348, 17.8323, 62.4673, 10.5565, 54.7592, 28.4732, 60.9049, 5.2312, 49.8003, 20.7499, 26.6357, 38.419, 59.535, 20.1649, 56.3052, 46.7716, 37.498, 54.9974, 46.101, 10.1322, 45.3056, 48.3835, 58.4138, 10.5139, 57.8474, 13.1027, 58.4252, 11.0638, 54.8614, 13.9398, 58.4846, 22.8394, 59.6123, 19.156, 56.3956, 26.1837, 59.6223, 16.1409, 56.494], [65.3431, 13.7613, 52.6642, 0.7568, 67.7106, 0.0, 57.1668, 33.2812, 68.2472, 30.1968, 68.296, 11.6125, 51.467, 40.0653, 67.6666, 7.5354, 66.5472, 20.7916, 65.9595, 8.6523, 46.1051, 3.5364, 68.0609, 46.7725, 65.212, 8.9201, 51.058, 53.6937, 44.5744, 50.2482, 47.0701, 8.4392, 32.2816, 44.9, 63.1291, 30.6404, 35.4188, 24.0556, 49.186, 59.035, 63.5818, 31.8105, 36.9666, 27.0008, 59.5486, 37.5532, 62.6148, 54.7298, 62.9879, 22.8579, 39.7398, 13.2608, 63.2879, 22.838, 60.625, 23.6657, 60.9586, 28.6368, 62.5279, 47.4804, 58.9231, 49.3931, 51.9064, 10.7109, 59.0263, 13.7192, 44.9333, 40.8319, 32.9078, 31.2891, 59.4507, 32.3135, 43.1361, 9.3242, 59.5102, 25.3554, 56.5775, 9.3091, 59.5718, 33.191, 56.2073, 22.8779, 51.7287, 14.9013, 59.1868, 13.515, 49.6868, 14.6878, 55.2059, 29.4169], [18.6743, 63.6205, 7.5159, 57.5821, 46.7982, 57.1668, 0.0, 68.4111, 43.8013, 68.045, 32.1486, 49.9169, 9.3397, 68.5841, 27.8922, 52.6516, 50.8033, 65.9851, 52.2926, 61.4983, 67.8579, 55.134, 30.307, 15.9544, 53.9028, 51.7461, 66.4532, 5.8948, 68.1331, 11.1346, 10.9926, 56.5566, 28.4939, 62.4863, 28.3938, 63.4099, 25.1564, 62.3215, 8.2541, 52.6391, 32.7405, 63.5169, 23.4378, 62.907, 14.9264, 22.7735, 25.4341, 5.8365, 42.7491, 37.4791, 63.4426, 45.3364, 29.5667, 37.4965, 49.8729, 62.2325, 18.9816, 32.1432, 44.7448, 10.4545, 26.0488, 55.4738, 9.7439, 46.5227, 26.6333, 54.8411, 12.2408, 58.9568, 25.5563, 59.5743, 37.73, 59.6269, 14.1803, 51.2729, 37.1359, 33.098, 47.5239, 51.2442, 36.3647, 25.2571, 48.198, 35.4042, 53.6974, 42.4925, 27.6428, 54.7322, 55.2771, 42.6824, 49.7905, 29.145], [67.3238, 20.5703, 67.3984, 32.6173, 53.784, 33.2812, 68.4111, 0.0, 56.1709, 3.478, 63.0132, 42.9571, 67.0276, 8.0178, 64.738, 39.6701, 50.06, 13.5339, 48.4898, 25.4487, 15.6684, 36.3298, 63.804, 65.2607, 46.6578, 40.8, 22.4133, 67.6867, 13.6763, 66.614, 61.923, 25.1287, 54.7317, 17.8438, 59.2452, 5.0044, 56.5425, 9.4156, 62.5954, 40.1957, 57.2311, 5.0201, 57.3871, 6.8707, 63.0144, 57.6983, 60.3771, 63.6333, 50.6675, 48.5821, 11.4905, 41.2494, 58.7444, 48.5681, 43.6982, 9.7794, 62.2389, 52.4741, 48.9544, 62.0627, 56.1751, 27.7458, 59.6497, 34.7515, 55.9412, 21.084, 58.2302, 16.4154, 52.5901, 9.1128, 49.809, 9.4099, 57.5866, 27.8462, 50.2303, 47.7761, 40.6814, 27.8938, 50.7594, 52.7536, 39.8544, 46.0057, 31.4505, 39.4503, 55.5183, 21.3202, 28.1942, 39.2474, 37.7557, 50.4722], [27.7721, 65.4078, 49.324, 68.1632, 3.989, 68.2472, 43.8013, 56.1709, 0.0, 58.0971, 13.9486, 68.4897, 50.5841, 51.1794, 18.5478, 68.6305, 9.6618, 62.8442, 11.89, 66.7889, 45.6847, 68.5301, 15.9671, 54.884, 14.3851, 68.6104, 40.2128, 48.1776, 47.1862, 51.7931, 47.8302, 62.2283, 58.1484, 40.4762, 15.6535, 52.5369, 56.5298, 56.3493, 45.6359, 18.1806, 11.1055, 51.7603, 55.6346, 54.7562, 29.0899, 55.2776, 18.7158, 38.4222, 5.5953, 61.6448, 45.5684, 63.4139, 14.4273, 61.6502, 13.8685, 56.5474, 25.1744, 59.7286, 7.2848, 47.4237, 17.8468, 29.535, 35.784, 59.6557, 17.2776, 57.3439, 44.5851, 40.0616, 53.582, 48.1864, 9.0648, 47.4451, 46.3129, 59.0132, 9.2066, 56.915, 15.7256, 59.0214, 9.4792, 53.4279, 16.6464, 57.7123, 25.7824, 59.3812, 16.3037, 57.4192, 29.0906, 59.4069, 18.9863, 55.3013], [67.9129, 17.2258, 66.6556, 29.5153, 55.8753, 30.1968, 68.045, 3.478, 58.0971, 0.0, 64.3104, 40.1894, 66.194, 11.4617, 65.8095, 36.781, 52.3749, 10.1068, 50.8888, 22.186, 19.0344, 33.3324, 65.0033, 64.1003, 49.1485, 37.9509, 25.6718, 67.0248, 17.067, 65.6915, 61.0968, 22.1997, 53.0208, 20.8149, 60.3467, 5.604, 54.9935, 6.9055, 61.9284, 42.6288, 58.5663, 6.346, 55.9223, 5.1976, 63.3926, 56.2662, 61.3201, 63.4503, 52.5475, 46.4466, 14.4051, 38.7587, 59.9089, 46.4318, 45.9746, 7.209, 62.8364, 50.5888, 50.9446, 61.2665, 57.1096, 30.2584, 59.5285, 32.3423, 56.9081, 18.5425, 57.5079, 18.9004, 51.1188, 10.0703, 51.3845, 10.6918, 56.7347, 25.2982, 51.7734, 45.94, 42.7911, 25.3463, 52.2603, 51.2973, 42.0006, 44.0628, 33.8832, 37.1976, 56.541, 18.7747, 30.6988, 36.9869, 39.9873, 48.8243], [14.4369, 68.2672, 38.5956, 68.3665, 17.8307, 68.296, 32.1486, 63.0132, 13.9486, 64.3104, 0.0, 66.1652, 40.1012, 59.4047, 4.7311, 67.1394, 23.2698, 67.1386, 25.3795, 68.605, 55.1405, 67.8563, 2.068, 45.3637, 27.7236, 66.8363, 50.677, 37.2379, 56.3302, 41.5602, 38.3618, 63.6627, 51.6971, 49.569, 5.3509, 58.7289, 49.4341, 61.1827, 35.7425, 29.9395, 5.8094, 58.1925, 48.2217, 60.1991, 17.2837, 47.7445, 7.2634, 27.4405, 16.1939, 57.1443, 53.6184, 60.9539, 5.0096, 57.1539, 25.7899, 61.2998, 13.246, 54.0288, 18.7428, 37.8727, 9.6453, 39.1288, 25.8255, 58.5162, 9.4161, 59.4796, 35.8468, 48.0581, 47.252, 54.2508, 13.9895, 53.7213, 37.9214, 59.5657, 13.4117, 52.174, 25.9416, 59.5626, 12.6966, 47.0394, 26.9111, 53.5078, 35.7445, 57.0204, 9.1272, 59.5002, 38.7336, 57.1003, 29.2854, 49.6986], [60.8497, 24.9395, 44.4586, 12.3577, 68.6298, 11.6125, 49.9169, 42.9571, 68.4897, 40.1894, 66.1652, 0.0, 43.0428, 48.9159, 64.751, 4.1155, 68.4275, 31.5586, 68.2169, 20.0474, 54.0423, 8.1116, 65.5858, 37.6, 67.8913, 2.7225, 58.0817, 45.6869, 52.7616, 41.614, 39.1951, 18.0969, 22.7024, 51.8565, 60.8342, 39.5549, 26.0889, 33.5414, 41.6863, 62.2091, 62.1214, 40.6035, 27.7805, 36.2547, 54.9, 28.4251, 59.7755, 48.4699, 63.6476, 12.928, 47.5359, 5.212, 61.2138, 12.9083, 63.0351, 33.1793, 56.9893, 18.8415, 63.6527, 39.6748, 56.5346, 54.2784, 46.2903, 9.8946, 56.7493, 21.9675, 37.8331, 47.4742, 24.4883, 39.1782, 59.442, 40.097, 35.7557, 15.3589, 59.371, 16.8279, 58.9441, 15.3143, 59.2651, 24.788, 58.7583, 14.523, 55.9621, 9.1837, 57.1038, 21.7309, 54.4956, 9.1294, 58.208, 20.8584], [27.4879, 59.5255, 1.8375, 51.9645, 53.1945, 51.467, 9.3397, 67.0276, 50.5841, 66.194, 40.1012, 43.0428, 0.0, 68.2916, 36.1663, 46.1709, 56.6102, 62.8029, 57.855, 56.7803, 68.6246, 49.0591, 38.4047, 6.7222, 59.1825, 45.1294, 68.1691, 3.4652, 68.6223, 1.8151, 5.1046, 52.0731, 20.6549, 63.5631, 35.7968, 62.0511, 17.2053, 59.9807, 5.3758, 57.0068, 39.8022, 62.3403, 15.4566, 60.9966, 22.9122, 14.7869, 33.0304, 12.6786, 48.7386, 30.2104, 63.5777, 38.8801, 36.8843, 30.2293, 54.7742, 59.8357, 26.8826, 24.4919, 50.4629, 4.9982, 32.7825, 57.9198, 14.8008, 41.1331, 33.3376, 51.1956, 8.9792, 59.6468, 18.6689, 58.6107, 43.53, 58.8304, 9.4596, 46.7314, 43.0006, 26.3808, 51.9235, 46.6967, 42.3105, 18.375, 52.4719, 28.8276, 56.7014, 36.5677, 34.2917, 51.0542, 57.7906, 36.7798, 53.7459, 22.2751], [65.3054, 28.0786, 68.4497, 39.4484, 48.4352, 40.0653, 68.5841, 8.0178, 51.1794, 11.4617, 59.4047, 48.9159, 68.2916, 0.0, 61.6327, 45.9412, 44.2324, 21.3015, 42.4837, 32.7207, 7.755, 42.8833, 60.4133, 67.2955, 40.4583, 46.9678, 14.6817, 68.5487, 5.7257, 68.0874, 63.2243, 31.6898, 58.1446, 11.0595, 56.1296, 9.4418, 59.5641, 16.0864, 63.523, 34.2092, 53.5972, 8.3266, 60.2061, 13.0886, 61.5282, 60.4387, 57.6156, 63.4349, 45.8445, 53.0366, 5.7891, 46.5997, 55.4888, 53.0246, 38.0344, 16.4823, 60.2552, 56.312, 43.8951, 63.2935, 53.4861, 21.8344, 59.3574, 40.0267, 53.1801, 27.0026, 59.3382, 11.3511, 55.4847, 10.4301, 45.7122, 9.8545, 59.0002, 33.5655, 46.2037, 51.565, 35.4642, 33.6107, 46.824, 55.6119, 34.5644, 50.0608, 25.6364, 44.2994, 52.6332, 27.237, 22.2893, 44.1171, 32.2983, 53.7972], [9.7772, 68.5913, 34.5916, 67.7889, 22.357, 67.6666, 27.8922, 64.738, 18.5478, 65.8095, 4.7311, 64.751, 36.1663, 61.6327, 0.0, 65.9987, 27.6654, 67.9602, 29.7149, 68.5722, 57.8262, 66.9859, 2.6659, 41.7055, 31.9856, 65.6025, 53.7469, 33.1752, 58.8989, 37.6963, 34.8021, 63.5508, 49.0263, 52.1932, 5.5089, 60.2787, 46.5669, 62.2478, 32.0666, 33.6957, 8.8937, 59.8289, 45.2589, 61.4804, 13.2568, 44.7457, 5.0518, 23.4939, 20.2401, 55.0822, 55.8484, 59.5471, 6.2026, 55.0931, 29.6781, 62.3363, 9.3802, 51.5901, 22.7724, 34.2901, 8.9899, 42.0679, 22.3337, 57.5895, 9.0563, 59.6545, 32.5952, 50.3434, 44.6817, 55.813, 17.2263, 55.361, 34.7603, 59.2026, 16.5875, 50.0904, 29.389, 59.1956, 15.779, 44.4516, 30.3383, 51.5924, 38.8603, 55.6946, 9.2905, 59.6564, 41.695, 55.792, 32.6506, 47.3487], [62.6436, 21.0605, 47.5139, 8.2872, 68.5312, 7.5354, 52.6516, 39.6701, 68.6305, 36.781, 67.1394, 4.1155, 46.1709, 45.9412, 65.9987, 0.0, 67.9876, 27.8472, 67.6427, 16.0753, 51.4082, 4.0104, 66.6801, 40.9753, 67.1665, 1.3947, 55.7848, 48.6758, 50.0347, 44.8117, 42.1115, 14.5823, 26.1553, 49.5599, 61.8475, 36.5191, 29.4697, 30.2772, 44.4786, 61.2887, 62.8433, 37.6148, 31.1177, 33.0849, 56.7274, 31.7445, 60.9782, 50.8464, 63.6232, 16.4218, 44.9264, 7.3249, 62.1501, 16.4017, 62.3882, 29.9034, 58.5831, 22.348, 63.4635, 42.5684, 57.5633, 52.72, 48.4258, 8.9964, 57.7393, 18.9486, 40.461, 45.2666, 27.5106, 36.4909, 59.6374, 37.4518, 38.4738, 12.6991, 59.6124, 19.7931, 58.2957, 12.6599, 59.5655, 27.8068, 58.0438, 17.3662, 54.6411, 10.5159, 58.0263, 18.716, 52.9652, 10.3762, 57.3316, 23.896], [36.3309, 61.8303, 55.551, 66.358, 5.6962, 66.5472, 50.8033, 50.06, 9.6618, 52.3749, 23.2698, 68.4275, 56.6102, 44.2324, 27.6654, 67.9876, 0.0, 58.3353, 2.2559, 63.9002, 38.0196, 67.3236, 25.2048, 60.1384, 4.7947, 68.1641, 31.9828, 54.5789, 39.7003, 57.6165, 53.2453, 59.7254, 61.2102, 33.2254, 23.9061, 46.9815, 60.0788, 51.6389, 51.4029, 10.0397, 19.3092, 46.0584, 59.426, 49.6637, 36.6874, 59.1611, 26.8944, 45.141, 8.0812, 63.2677, 38.905, 63.5793, 22.6904, 63.2701, 6.4222, 51.8881, 33.0416, 62.2302, 6.1494, 52.9066, 24.9559, 22.4345, 41.9855, 59.0217, 24.3682, 54.5013, 49.6358, 33.6504, 56.706, 42.8703, 13.1173, 42.0033, 51.0711, 57.2237, 13.6859, 58.8484, 10.1228, 57.2396, 14.4411, 56.5967, 10.6939, 59.2529, 18.6561, 59.6006, 23.3482, 54.6126, 21.9795, 59.588, 12.4318, 57.875], [68.6308, 7.2547, 63.5215, 20.0691, 61.1348, 20.7916, 65.9851, 13.5339, 62.8442, 10.1068, 67.1386, 31.5586, 62.8029, 21.3015, 67.9602, 27.8472, 58.3353, 0.0, 57.1153, 12.38, 28.5372, 24.1342, 67.537, 59.7901, 55.6669, 29.1162, 34.765, 64.1202, 26.6702, 62.049, 57.8082, 13.5564, 47.2838, 29.278, 62.6708, 12.9018, 49.6966, 6.7514, 59.0901, 49.0923, 61.5961, 14.1377, 50.856, 9.2688, 63.5697, 51.2897, 63.169, 61.9955, 57.2511, 39.5775, 23.0484, 30.9828, 62.4224, 39.5605, 51.9309, 6.4693, 63.6588, 44.3822, 55.9927, 58.0627, 59.0113, 37.2504, 58.325, 25.0165, 58.907, 11.8243, 54.59, 26.3599, 46.1286, 15.9437, 55.2402, 16.9603, 53.4526, 17.8576, 55.5284, 39.9793, 48.3449, 17.9045, 55.8849, 46.3477, 47.6745, 37.8264, 40.5531, 30.2011, 58.7077, 12.004, 37.6555, 29.9726, 45.9469, 43.3599], [38.2251, 60.8178, 56.8457, 65.7464, 7.9412, 65.9595, 52.2926, 48.4898, 11.89, 50.8888, 25.3795, 68.2169, 57.855, 42.4837, 29.7149, 67.6427, 2.2559, 57.1153, 0.0, 63.0427, 36.1209, 66.849, 27.2894, 61.1929, 2.5417, 67.8646, 29.9695, 55.9171, 37.8387, 58.8111, 54.3591, 58.9712, 61.751, 31.444, 25.7941, 45.5524, 60.7367, 50.3931, 52.6045, 8.3031, 21.2326, 44.5978, 60.1424, 48.3346, 38.3632, 59.8998, 28.7466, 46.5839, 9.7992, 63.4665, 37.242, 63.4369, 24.5902, 63.4682, 5.3491, 50.6535, 34.7936, 62.6372, 7.5657, 54.0373, 26.6137, 20.772, 43.3257, 58.7084, 26.0291, 53.6863, 50.6801, 32.0759, 57.2777, 41.5157, 14.5673, 40.6224, 52.0424, 56.6462, 15.1741, 59.1354, 9.3856, 56.6637, 15.9704, 57.1791, 9.7784, 59.4468, 17.0392, 59.4849, 25.0128, 53.8056, 20.3193, 59.4634, 11.1878, 58.3145], [67.4677, 5.1749, 57.7921, 7.901, 65.758, 8.6523, 61.4983, 25.4487, 66.7889, 22.186, 68.605, 20.0474, 56.7803, 32.7207, 68.5722, 16.0753, 63.9002, 12.38, 63.0427, 0.0, 39.328, 12.1491, 68.6308, 52.7312, 61.9948, 17.4279, 44.8689, 58.6543, 37.6397, 55.7408, 52.0757, 5.1056, 38.8793, 38.8965, 63.6647, 23.4893, 41.755, 16.675, 53.8697, 55.5738, 63.487, 24.7211, 43.1606, 19.696, 61.9065, 43.6908, 63.5658, 58.3813, 61.3246, 30.0384, 33.2163, 20.6539, 63.6559, 30.0194, 57.7026, 16.2789, 62.7834, 35.4955, 60.5269, 52.426, 59.6263, 44.8723, 55.1589, 15.9609, 59.6443, 9.4544, 49.4452, 35.1957, 38.735, 24.9982, 58.3698, 26.0661, 47.8991, 10.2333, 58.5253, 31.6325, 53.7844, 10.2604, 58.7105, 38.9959, 53.2843, 29.2338, 47.6442, 21.0884, 59.6569, 9.3714, 45.2167, 20.8538, 51.9672, 35.4875], [62.5024, 34.9751, 68.5748, 45.5417, 42.6307, 46.1051, 67.8579, 15.6684, 45.6847, 19.0344, 55.1405, 54.0423, 68.6246, 7.755, 57.8262, 51.4082, 38.0196, 28.5372, 36.1209, 39.328, 0.0, 48.6635, 56.3467, 68.387, 33.9349, 52.3216, 7.0121, 68.4895, 2.039, 68.6255, 63.6645, 37.666, 60.6948, 5.6688, 52.3922, 15.8893, 61.7169, 22.7127, 63.5977, 28.0067, 49.3925, 14.6409, 62.1544, 19.7085, 59.2948, 62.3079, 54.2008, 62.4217, 40.596, 56.6631, 6.5087, 51.1807, 51.6247, 56.6532, 32.0848, 23.1044, 57.5574, 59.2979, 38.4454, 63.6645, 50.2129, 16.2141, 58.3192, 44.6671, 49.8415, 32.5761, 59.6547, 8.9788, 57.5837, 14.9192, 41.1936, 13.9603, 59.617, 38.7623, 41.7453, 54.5855, 30.0414, 38.8044, 42.4442, 57.674, 29.0899, 53.3609, 19.9108, 48.4563, 49.1827, 32.8004, 16.6457, 48.2968, 26.7128, 56.3365], [64.1748, 17.2076, 50.3266, 4.292, 68.1979, 3.5364, 55.134, 36.3298, 68.5301, 33.3324, 67.8563, 8.1116, 49.0591, 42.8833, 66.9859, 4.0104, 67.3236, 24.1342, 66.849, 12.1491, 48.6635, 0.0, 67.5156, 44.1224, 66.2277, 5.4018, 53.3534, 51.4198, 47.2042, 47.7727, 44.8123, 11.2243, 29.4491, 47.1533, 62.6223, 33.4415, 32.6759, 27.0041, 47.0495, 60.181, 63.3306, 34.5789, 34.2736, 29.8912, 58.3137, 34.8802, 61.9406, 52.9889, 63.3805, 19.8516, 42.2319, 10.3413, 62.8488, 19.8316, 61.5433, 26.6208, 59.935, 25.7195, 63.0607, 45.2451, 58.3717, 51.0257, 50.3478, 9.4054, 58.5092, 16.0899, 42.8967, 42.9693, 30.4088, 33.7663, 59.626, 34.7634, 41.0068, 10.5589, 59.6459, 22.7454, 57.4669, 10.5295, 59.6567, 30.699, 57.1517, 20.2719, 53.1707, 12.6416, 58.7293, 15.8676, 51.2971, 12.4522, 56.2844, 26.8474], [12.4086, 68.4488, 36.8681, 68.1541, 19.8196, 68.0609, 30.307, 63.804, 15.9671, 65.0033, 2.068, 65.5858, 38.4047, 60.4133, 2.6659, 66.6801, 25.2048, 67.537, 27.2894, 68.6308, 56.3467, 67.5156, 0.0, 43.7912, 29.6028, 66.3362, 52.0485, 35.4839, 57.4859, 39.8956, 36.8271, 63.6509, 50.5595, 50.7447, 4.9665, 59.4405, 48.2093, 61.6838, 34.1552, 31.597, 6.9932, 58.9416, 46.9543, 60.7942, 15.5172, 46.4611, 6.0141, 25.728, 17.9621, 56.2761, 54.6242, 60.3744, 5.1214, 56.2863, 27.5017, 61.7885, 11.5229, 52.9941, 20.5084, 36.3276, 9.145, 40.4339, 24.3024, 58.1445, 9.0383, 59.5901, 34.4423, 49.0837, 46.1545, 54.9644, 15.367, 54.4685, 36.5584, 59.4411, 14.7563, 51.2925, 27.4556, 59.4363, 13.9912, 45.9341, 28.4177, 52.7008, 37.1241, 56.4734, 8.9749, 59.6025, 40.0482, 56.561, 30.7678, 48.6991], [33.5152, 55.8933, 8.5485, 47.3235, 57.1862, 46.7725, 15.9544, 65.2607, 54.884, 64.1003, 45.3637, 37.6, 6.7222, 67.2955, 41.7055, 40.9753, 60.1384, 59.7901, 61.1929, 52.7312, 68.387, 44.1224, 43.7912, 0.0, 62.3017, 39.8479, 68.62, 10.1621, 68.185, 4.9135, 7.075, 48.2551, 14.9057, 63.6113, 40.7407, 60.364, 11.5159, 57.6113, 9.64, 59.501, 44.4465, 60.7811, 9.8595, 58.925, 28.5138, 9.2432, 38.1534, 18.403, 52.4992, 24.6721, 62.948, 33.8051, 41.7518, 24.6918, 57.6789, 57.4276, 32.3292, 18.7804, 54.0073, 7.5231, 37.3545, 59.0311, 19.5546, 36.8272, 37.8768, 48.0071, 10.5132, 59.4729, 13.9974, 57.2592, 47.2457, 57.5965, 9.3985, 42.9569, 46.7707, 21.4181, 54.5171, 42.9183, 46.1493, 13.7353, 54.9678, 23.8968, 58.2295, 31.9485, 38.7717, 47.844, 58.9522, 32.173, 55.9963, 17.367], [40.3099, 59.5983, 58.2309, 64.9721, 10.4604, 65.212, 53.9028, 46.6578, 14.3851, 49.1485, 27.7236, 67.8913, 59.1825, 40.4583, 31.9856, 67.1665, 4.7947, 55.6669, 2.5417, 61.9948, 33.9349, 66.2277, 29.6028, 62.3017, 0.0, 67.4392, 27.6624, 57.3525, 35.6922, 60.0809, 55.5445, 58.0457, 62.2809, 29.4004, 27.8954, 43.8845, 61.3998, 48.9252, 53.891, 6.5769, 23.3857, 42.8958, 60.8722, 46.7756, 40.2039, 60.6551, 30.8017, 48.1506, 11.8612, 63.6088, 35.3226, 63.1947, 26.7076, 63.6097, 4.9791, 49.1978, 36.7256, 63.0152, 9.4543, 55.2421, 28.4667, 18.914, 44.7842, 58.2814, 27.8878, 52.7009, 51.7939, 30.2718, 57.8495, 39.941, 16.3018, 39.0196, 53.072, 55.9242, 16.9371, 59.3839, 8.9919, 55.9437, 17.7638, 57.7632, 9.134, 59.5901, 15.2721, 59.2792, 26.8796, 52.8291, 18.4675, 59.2478, 10.0418, 58.736], [62.0609, 22.3836, 46.4976, 9.67, 68.5923, 8.9201, 51.7461, 40.8, 68.6104, 37.9509, 66.8363, 2.7225, 45.1294, 46.9678, 65.6025, 1.3947, 68.1641, 29.1162, 67.8646, 17.4279, 52.3216, 5.4018, 66.3362, 39.8479, 67.4392, 0.0, 56.5857, 47.6825, 50.979, 43.7461, 41.1396, 15.7696, 24.993, 50.3579, 61.5289, 37.5619, 28.334, 31.3943, 43.5498, 61.6251, 62.6238, 38.6421, 29.9978, 34.1715, 56.1308, 30.631, 60.595, 50.0612, 63.657, 15.2319, 45.8284, 6.4387, 61.8577, 15.2119, 62.6324, 31.0243, 58.0664, 21.1642, 63.5531, 41.6044, 57.2373, 53.2687, 47.7206, 9.1589, 57.4264, 19.9654, 39.5848, 46.0318, 26.491, 37.4141, 59.5947, 38.3613, 37.5659, 13.5617, 59.5541, 18.7777, 58.5384, 13.5202, 59.4872, 26.7887, 58.3088, 16.3816, 55.1101, 9.9456, 57.7365, 19.7308, 53.5045, 9.8308, 57.6511, 22.866], [59.2788, 40.8253, 67.9319, 50.5492, 36.9123, 51.058, 66.4532, 22.4133, 40.2128, 25.6718, 50.677, 58.0817, 68.1691, 14.6817, 53.7469, 55.7848, 31.9828, 34.765, 29.9695, 44.8689, 7.0121, 53.3534, 52.0485, 68.62, 27.6624, 56.5857, 0.0, 67.6808, 9.0373, 68.3555, 63.3649, 42.6759, 62.3366, 6.2282, 48.443, 21.8842, 62.9878, 28.559, 62.9685, 22.1412, 45.0554, 20.6377, 63.2354, 25.6435, 56.627, 63.3157, 50.5225, 60.8219, 35.4194, 59.3236, 11.7565, 54.767, 47.5696, 59.3157, 26.3855, 28.9369, 54.4894, 61.3494, 33.1135, 63.3024, 46.7247, 11.7391, 56.7535, 48.4068, 46.2989, 37.352, 59.2983, 10.6523, 58.8635, 19.8963, 36.6992, 18.8385, 59.5325, 43.09, 37.2973, 56.7345, 24.9253, 43.1284, 38.0576, 58.9192, 23.9497, 55.7777, 14.9325, 51.7089, 45.5471, 37.5628, 12.0843, 51.5722, 21.5373, 58.0293], [24.2777, 61.1743, 1.6287, 54.1618, 50.9371, 53.6937, 5.8948, 67.6867, 48.1776, 67.0248, 37.2379, 45.6869, 3.4652, 68.5487, 33.1752, 48.6758, 54.5789, 64.1202, 55.9171, 58.6543, 68.4895, 51.4198, 35.4839, 10.1621, 57.3525, 47.6825, 67.6808, 0.0, 68.5902, 5.2767, 6.6245, 53.8485, 23.5926, 63.301, 33.1216, 62.6894, 20.1679, 60.9788, 5.0965, 55.5091, 37.2643, 62.9116, 18.4188, 61.8372, 19.9674, 17.7459, 30.2754, 9.8449, 46.6202, 32.9671, 63.6651, 41.3571, 34.2438, 32.9855, 53.0735, 60.8542, 23.992, 27.3739, 48.4493, 6.2358, 30.3315, 57.1349, 12.5947, 43.2147, 30.9001, 52.6553, 9.5544, 59.5176, 21.2031, 59.0927, 41.4637, 59.251, 10.7739, 48.5127, 40.9088, 28.9057, 50.3992, 48.4802, 40.1866, 20.904, 50.9956, 31.3109, 55.7066, 38.8352, 31.8788, 52.5256, 56.9804, 39.0396, 52.3909, 24.8337], [63.317, 33.2053, 68.6271, 43.9962, 44.2098, 44.5744, 68.1331, 13.6763, 47.1862, 17.067, 56.3302, 52.7616, 68.6223, 5.7257, 58.8989, 50.0347, 39.7003, 26.6702, 37.8387, 37.6397, 2.039, 47.2042, 57.4859, 68.185, 35.6922, 50.979, 9.0373, 68.5902, 0.0, 68.5693, 63.6273, 36.1387, 60.0991, 6.7805, 53.4392, 14.1548, 61.227, 20.9826, 63.6566, 29.6679, 50.5585, 12.9187, 61.7188, 17.9657, 59.9551, 61.8933, 55.1652, 62.7651, 42.0248, 55.7793, 5.4829, 50.0388, 52.704, 55.7688, 33.686, 21.3768, 58.3376, 58.5859, 39.9242, 63.6456, 51.1333, 17.6548, 58.6629, 43.498, 50.7786, 31.1382, 59.6439, 9.2032, 57.1014, 13.5836, 42.4284, 12.6855, 59.5272, 37.4368, 42.9651, 53.8569, 31.4939, 37.4798, 43.6444, 57.2015, 30.5538, 52.557, 21.4084, 47.42, 50.1483, 31.3657, 18.097, 47.2544, 28.1999, 55.7368], [29.1414, 58.6012, 3.6514, 50.7607, 54.3228, 50.2482, 11.1346, 66.614, 51.7931, 65.6915, 41.5602, 41.614, 1.8151, 68.0874, 37.6963, 44.8117, 57.6165, 62.049, 58.8111, 55.7408, 68.6255, 47.7727, 39.8956, 4.9135, 60.0809, 43.7461, 68.3555, 5.2767, 68.5693, 0.0, 4.9907, 51.0908, 19.106, 63.636, 37.1639, 61.654, 15.6547, 59.3974, 6.2143, 57.7338, 41.0926, 61.9781, 13.9149, 60.4947, 24.4405, 13.2512, 34.4429, 14.2077, 49.7995, 28.7392, 63.4676, 37.5447, 38.232, 28.7584, 55.6099, 59.2418, 28.375, 22.964, 51.4671, 5.0886, 34.0416, 58.2734, 16.0396, 40.005, 34.5887, 50.3811, 9.062, 59.6551, 17.3649, 58.2999, 44.5716, 58.5517, 9.0878, 45.7536, 44.0563, 25.0466, 52.6713, 45.7178, 43.384, 17.0761, 53.1938, 27.5092, 57.1663, 35.3486, 35.5281, 50.2336, 58.1577, 35.5643, 54.4029, 20.9373], [26.9612, 54.6783, 5.7409, 47.5374, 50.1798, 47.0701, 10.9926, 61.923, 47.8302, 61.0968, 38.3618, 39.1951, 5.1046, 63.2243, 34.8021, 42.1115, 53.2453, 57.8082, 54.3591, 52.0757, 63.6645, 44.8123, 36.8271, 7.075, 55.5445, 41.1396, 63.3649, 6.6245, 63.6273, 4.9907, 0.0, 47.2995, 17.5014, 58.6565, 33.6864, 56.9466, 14.1764, 54.9037, 2.9963, 52.9995, 37.3715, 57.2378, 12.4708, 55.8997, 21.7053, 11.8123, 31.132, 11.8612, 45.5374, 26.5892, 58.5505, 34.7881, 34.6885, 26.6071, 50.9976, 54.7622, 25.4233, 21.1642, 47.1029, 0.5679, 30.2795, 53.3062, 12.5364, 36.5939, 30.8019, 46.252, 4.0755, 54.691, 14.7176, 53.5145, 40.2881, 53.7406, 4.3743, 41.9596, 39.7998, 22.3788, 47.9626, 41.9263, 39.1626, 14.4173, 48.4585, 24.7583, 52.2419, 32.2171, 31.6981, 46.1156, 53.1945, 32.4206, 49.6069, 18.3415], [62.3649, 7.7639, 53.0309, 7.8869, 61.3445, 8.4392, 56.5566, 25.1287, 62.2283, 22.1997, 63.6627, 18.0969, 52.0731, 31.6898, 63.5508, 14.5823, 59.7254, 13.5564, 58.9712, 5.1056, 37.666, 11.2243, 63.6509, 48.2551, 58.0457, 15.7696, 42.6759, 53.8485, 36.1387, 51.0908, 47.2995, 0.0, 34.784, 36.5429, 58.6844, 22.2516, 37.5042, 15.7812, 49.0123, 51.718, 58.6061, 23.4068, 38.8346, 18.6703, 56.8009, 39.3367, 58.5354, 53.348, 56.8137, 26.4226, 31.3074, 17.4965, 58.6993, 26.4047, 53.6221, 15.399, 57.6886, 31.5847, 56.1191, 47.6336, 54.62, 41.5267, 50.0912, 11.9059, 54.6486, 5.5019, 44.5641, 32.5487, 34.2928, 22.8644, 53.6932, 23.8949, 43.078, 5.342, 53.8252, 27.4671, 49.6432, 5.3764, 53.9811, 34.5429, 49.1932, 25.1486, 44.0693, 17.1559, 54.6808, 5.3309, 41.8433, 16.9211, 48.004, 31.177], [42.7797, 42.5432, 22.2164, 32.8777, 59.5521, 32.2816, 28.4939, 54.7317, 58.1484, 53.0208, 51.6971, 22.7024, 20.6549, 58.1446, 49.0263, 26.1553, 61.2102, 47.2838, 61.751, 38.8793, 60.6948, 29.4491, 50.5595, 14.9057, 62.2809, 24.993, 62.3366, 23.5926, 60.0991, 19.106, 17.5014, 34.784, 0.0, 56.6572, 46.4868, 50.1118, 3.4517, 46.2153, 20.3386, 58.1121, 49.1679, 50.7534, 5.1983, 48.0167, 36.9791, 5.8683, 44.5532, 28.462, 54.5098, 9.777, 54.6421, 19.1092, 47.2293, 9.7968, 57.3444, 45.9698, 40.0417, 3.8774, 55.4042, 18.0426, 42.4169, 54.5314, 27.5038, 22.9537, 42.8133, 35.5072, 17.4314, 52.2173, 4.5664, 47.7416, 49.4552, 48.2934, 15.1229, 29.6811, 49.1443, 7.3299, 53.6069, 29.6377, 48.7325, 4.7296, 53.8052, 9.6523, 54.691, 17.7935, 43.4869, 35.3136, 54.5667, 18.0276, 54.21, 4.3626], [56.8376, 35.0219, 63.4442, 44.4027, 37.5759, 44.9, 62.4863, 17.8438, 40.4762, 20.8149, 49.569, 51.8565, 63.5631, 11.0595, 52.1932, 49.5599, 33.2254, 29.278, 31.444, 38.8965, 5.6688, 47.1533, 50.7447, 63.6113, 29.4004, 50.3579, 6.2282, 63.301, 6.7805, 63.636, 58.6565, 36.5429, 56.6572, 0.0, 46.7494, 16.4018, 57.4617, 22.8474, 58.4656, 23.1893, 43.8052, 15.1941, 57.7938, 20.0341, 53.67, 57.9078, 48.5381, 56.9935, 35.2736, 53.3093, 6.4106, 48.5743, 45.9936, 53.3009, 27.0972, 23.212, 51.8984, 55.5196, 33.2028, 58.6321, 44.5451, 10.9501, 52.8944, 42.1953, 44.1751, 31.184, 54.6183, 4.5173, 53.3269, 13.9035, 35.654, 12.8332, 54.69, 36.8669, 36.1939, 50.8656, 24.7629, 36.9051, 36.8785, 53.3977, 23.8315, 49.8253, 14.7374, 45.5601, 43.5198, 31.392, 11.3991, 45.4195, 21.4989, 52.3236], [12.4314, 63.503, 34.3887, 63.216, 19.0647, 63.1291, 28.3938, 59.2452, 15.6535, 60.3467, 5.3509, 60.8342, 35.7968, 56.1296, 5.5089, 61.8475, 23.9061, 62.6708, 25.7941, 63.6647, 52.3922, 62.6223, 4.9665, 40.7407, 27.8954, 61.5289, 48.443, 33.1216, 53.4392, 37.1639, 33.6864, 58.6844, 46.4868, 46.7494, 0.0, 54.8062, 44.2988, 56.8796, 31.1887, 28.9232, 4.6279, 54.3446, 43.1302, 56.0578, 13.5235, 42.6708, 3.0631, 23.2779, 16.0358, 51.8072, 50.3465, 55.6224, 1.2327, 51.8166, 25.0834, 56.9762, 9.5428, 48.7528, 18.4728, 33.2197, 4.3004, 36.7321, 21.2051, 53.2641, 4.1136, 54.632, 30.9561, 44.8475, 42.0171, 50.337, 12.2769, 49.8748, 32.9646, 54.4837, 11.6145, 46.8406, 24.3905, 54.4792, 10.7687, 41.8099, 25.3171, 48.1611, 33.6094, 51.6969, 4.0121, 54.6432, 36.3688, 51.7791, 27.5702, 44.4073], [62.5771, 19.0885, 62.4092, 30.0315, 50.3686, 30.6404, 63.4099, 5.0044, 52.5369, 5.604, 58.7289, 39.5549, 62.0511, 9.4418, 60.2787, 36.5191, 46.9815, 12.9018, 45.5524, 23.4893, 15.8893, 33.4415, 59.4405, 60.364, 43.8845, 37.5619, 21.8842, 62.6894, 14.1548, 61.654, 56.9466, 22.2516, 50.1118, 16.4018, 54.8062, 0.0, 51.8226, 6.829, 57.5991, 37.3333, 52.9782, 1.2539, 52.622, 3.8192, 58.1748, 52.9167, 55.8284, 58.6488, 46.9787, 44.3204, 10.1483, 37.4308, 54.3526, 44.3072, 40.5674, 7.2226, 57.4945, 47.9832, 45.406, 57.0817, 51.6194, 25.0789, 54.6734, 30.8704, 51.4067, 17.6018, 53.2403, 13.8232, 47.8344, 4.4781, 45.7807, 5.0976, 52.6161, 24.2346, 46.1694, 43.259, 37.3045, 24.2806, 46.6572, 47.99, 36.5315, 41.5781, 28.6156, 35.3498, 51.0217, 17.8374, 25.5091, 35.1567, 34.5654, 45.82], [39.9541, 45.2378, 18.7769, 35.9944, 58.1307, 35.4188, 25.1564, 56.5425, 56.5298, 54.9935, 49.4341, 26.0889, 17.2053, 59.5641, 46.5669, 29.4697, 60.0788, 49.6966, 60.7367, 41.755, 61.7169, 32.6759, 48.2093, 11.5159, 61.3998, 28.334, 62.9878, 20.1679, 61.227, 15.6547, 14.1764, 37.5042, 3.4517, 57.4617, 44.2988, 51.8226, 0.0, 48.2634, 17.0655, 57.5245, 47.1973, 52.3997, 1.7511, 49.9191, 34.2344, 2.4237, 42.2288, 25.394, 53.1349, 13.1636, 55.8085, 22.3398, 45.0978, 13.1831, 56.5078, 48.0367, 37.4485, 7.3149, 54.1681, 14.7268, 40.3236, 54.6824, 24.7106, 25.7943, 40.7479, 37.8779, 14.4535, 53.081, 4.1363, 49.2231, 48.0016, 49.7147, 12.1466, 32.3091, 47.6534, 10.1392, 52.8793, 32.2674, 47.1941, 4.0686, 53.1378, 12.5863, 54.6017, 20.7383, 41.4707, 37.6942, 54.6889, 20.9689, 53.6922, 6.3499], [63.5141, 12.2883, 60.5289, 23.4186, 54.5395, 24.0556, 62.3215, 9.4156, 56.3493, 6.9055, 61.1827, 33.5414, 59.9807, 16.0864, 62.2478, 30.2772, 51.6389, 6.7514, 50.3931, 16.675, 22.7127, 27.0041, 61.6838, 57.6113, 48.9252, 31.3943, 28.559, 60.9788, 20.9826, 59.3974, 54.9037, 15.7812, 46.2153, 22.8474, 56.8796, 6.829, 48.2634, 0.0, 55.8921, 42.3496, 55.5591, 8.0728, 49.2387, 3.0212, 58.6907, 49.6018, 57.5589, 57.9671, 50.7541, 39.5418, 16.8056, 31.9162, 56.5625, 39.527, 45.2276, 0.3965, 58.4806, 43.7238, 49.4256, 55.102, 53.3671, 30.5072, 54.1431, 25.4665, 53.225, 11.7064, 51.4294, 19.7075, 44.439, 9.2393, 48.9405, 10.277, 50.5302, 18.4747, 49.2568, 39.0934, 41.6827, 18.5226, 49.6507, 44.6263, 40.9958, 37.1866, 33.8018, 30.2947, 52.9618, 11.9413, 30.9103, 30.0846, 39.2351, 42.0519], [24.0398, 56.2656, 4.9789, 49.6265, 48.1252, 49.186, 8.2541, 62.5954, 45.6359, 61.9284, 35.7425, 41.6863, 5.3758, 63.523, 32.0666, 44.4786, 51.4029, 59.0901, 52.6045, 53.8697, 63.5977, 47.0495, 34.1552, 9.64, 53.891, 43.5498, 62.9685, 5.0965, 63.6566, 6.2143, 2.9963, 49.0123, 20.3386, 58.4656, 31.1887, 57.5991, 17.0655, 55.8921, 0.0, 51.6425, 35.0122, 57.8276, 15.3824, 56.7411, 18.8931, 14.7319, 28.5512, 8.9112, 43.5873, 29.2258, 58.6874, 37.1562, 32.2261, 29.2433, 49.4475, 55.7696, 22.6895, 23.9314, 45.2535, 2.429, 27.9381, 52.6146, 9.9852, 38.6096, 28.4768, 47.6766, 4.5012, 54.6201, 17.3022, 54.0195, 38.358, 54.1877, 6.0504, 43.6881, 37.8439, 24.8608, 46.5638, 43.6568, 37.1741, 17.0031, 47.1061, 27.1862, 51.3506, 34.4153, 29.4022, 47.5513, 52.4788, 34.6111, 48.3712, 20.893], [40.9851, 53.0846, 56.2305, 58.7695, 14.7731, 59.035, 52.6391, 40.1957, 18.1806, 42.6288, 29.9395, 62.2091, 57.0068, 34.2092, 33.6957, 61.2887, 10.0397, 49.0923, 8.3031, 55.5738, 28.0067, 60.181, 31.597, 59.501, 6.5769, 61.6251, 22.1412, 55.5091, 29.6679, 57.7338, 52.9995, 51.718, 58.1121, 23.1893, 28.9232, 37.3333, 57.5245, 42.3496, 51.6425, 0.0, 24.806, 36.3571, 57.1502, 40.2014, 39.913, 56.9929, 31.5492, 46.8077, 13.8689, 58.6798, 28.9398, 57.6428, 27.8441, 58.6793, 4.3224, 42.6231, 36.8423, 58.5322, 11.3789, 52.7529, 28.5037, 12.4689, 43.1463, 52.4868, 27.9651, 46.3331, 49.0904, 23.7859, 53.7957, 33.3679, 16.6524, 32.4506, 50.1357, 49.788, 17.3179, 54.6684, 5.1192, 49.8094, 18.1708, 53.7365, 4.5411, 54.68, 8.7504, 53.7939, 27.0234, 46.4679, 12.0164, 53.7476, 4.0349, 54.3623], [17.0242, 62.9495, 38.4685, 63.6138, 14.4409, 63.5818, 32.7405, 57.2311, 11.1055, 58.5663, 5.8094, 62.1214, 39.8022, 53.5972, 8.8937, 62.8433, 19.3092, 61.5961, 21.2326, 63.487, 49.3925, 63.3306, 6.9932, 44.4465, 23.3857, 62.6238, 45.0554, 37.2643, 50.5585, 41.0926, 37.3715, 58.6061, 49.1679, 43.8052, 4.6279, 52.9782, 47.1973, 55.5591, 35.0122, 24.806, 0.0, 52.4262, 46.1352, 54.5106, 17.9848, 45.716, 7.6752, 27.454, 11.534, 53.8217, 47.8104, 56.928, 3.398, 53.8298, 20.8212, 55.6858, 14.0794, 51.1785, 14.0225, 36.9318, 7.0929, 33.4455, 25.0553, 54.075, 6.5825, 54.263, 34.389, 42.2517, 44.6358, 48.5009, 8.3861, 47.9573, 36.2809, 54.6891, 7.7676, 48.9139, 20.5199, 54.6887, 6.998, 44.4486, 21.4753, 50.0486, 30.1318, 52.94, 5.7533, 54.2943, 33.0582, 53.003, 23.8083, 46.7773], [62.3134, 20.34, 62.663, 31.2081, 49.5295, 31.8105, 63.5169, 5.0201, 51.7603, 6.346, 58.1925, 40.6035, 62.3403, 8.3266, 59.8289, 37.6148, 46.0584, 14.1377, 44.5978, 24.7211, 14.6409, 34.5789, 58.9416, 60.7811, 42.8958, 38.6421, 20.6377, 62.9116, 12.9187, 61.9781, 57.2378, 23.4068, 50.7534, 15.1941, 54.3446, 1.2539, 52.3997, 8.0728, 57.8276, 36.3571, 52.4262, 0.0, 53.1656, 5.0696, 57.9943, 53.4473, 55.4284, 58.6874, 46.2162, 45.1324, 8.911, 38.3881, 53.8667, 45.1196, 39.6519, 8.4653, 57.2286, 48.6945, 44.601, 57.361, 51.2229, 24.0491, 54.6906, 31.82, 50.9975, 18.6767, 53.4948, 12.7428, 48.3879, 4.0937, 45.1337, 4.4732, 52.922, 25.2627, 45.5351, 43.961, 36.4469, 25.3083, 46.0394, 48.5376, 35.6592, 42.3241, 27.6237, 36.2276, 50.5907, 18.9113, 24.4834, 36.038, 33.6585, 46.445], [38.4698, 46.5465, 17.0258, 37.5309, 57.3334, 36.9666, 23.4378, 57.3871, 55.6346, 55.9223, 48.2217, 27.7805, 15.4566, 60.2061, 45.2589, 31.1177, 59.426, 50.856, 60.1424, 43.1606, 62.1544, 34.2736, 46.9543, 9.8595, 60.8722, 29.9978, 63.2354, 18.4188, 61.7188, 13.9149, 12.4708, 38.8346, 5.1983, 57.7938, 43.1302, 52.622, 1.7511, 49.2387, 15.3824, 57.1502, 46.1352, 53.1656, 0.0, 50.8181, 32.7967, 0.673, 40.9937, 23.8039, 52.367, 14.8642, 56.3264, 23.9493, 43.9568, 14.8837, 56.0086, 49.0217, 36.0833, 9.0491, 53.4693, 13.0251, 39.2092, 54.6871, 23.2648, 27.2052, 39.6472, 39.0318, 12.9432, 53.4494, 4.8036, 49.9101, 47.2013, 50.3706, 10.6531, 33.6016, 46.8346, 11.6252, 52.4406, 33.5608, 46.3518, 4.6336, 52.7293, 14.0954, 54.4846, 22.2125, 40.3938, 38.8532, 54.679, 22.4408, 53.359, 7.6734], [63.2055, 15.2705, 61.4617, 26.3745, 52.7846, 27.0008, 62.907, 6.8707, 54.7562, 5.1976, 60.1991, 36.2547, 60.9966, 13.0886, 61.4804, 33.0849, 49.6637, 9.2688, 48.3346, 19.696, 19.7085, 29.8912, 60.7942, 58.925, 46.7756, 34.1715, 25.6435, 61.8372, 17.9657, 60.4947, 55.8997, 18.6703, 48.0167, 20.0341, 56.0578, 3.8192, 49.9191, 3.0212, 56.7411, 40.2014, 54.5106, 5.0696, 50.8181, 0.0, 58.561, 51.1516, 56.8899, 58.366, 49.169, 41.7223, 13.8885, 34.4095, 55.6798, 41.7081, 43.2418, 3.4171, 58.1425, 45.6816, 47.7302, 56.0703, 52.683, 28.1531, 54.4681, 27.8963, 52.5094, 14.3069, 52.3164, 17.12, 46.0149, 6.8372, 47.624, 7.7953, 51.5373, 21.0454, 47.9729, 41.0008, 39.8144, 21.0926, 48.409, 46.1886, 39.0882, 39.1905, 31.5614, 32.5797, 52.1918, 14.5438, 28.5691, 32.3767, 37.2334, 43.7886], [5.9598, 62.8484, 21.3546, 59.7925, 32.29, 59.5486, 14.9264, 63.0144, 29.0899, 63.3926, 17.2837, 54.9, 22.9122, 61.5282, 13.2568, 56.7274, 36.6874, 63.5697, 38.3632, 61.9065, 59.2948, 58.3137, 15.5172, 28.5138, 40.2039, 56.1308, 56.627, 19.9674, 59.9551, 24.4405, 21.7053, 56.8009, 36.9791, 53.67, 13.5235, 58.1748, 34.2344, 58.6907, 18.8931, 39.913, 17.9848, 57.9943, 32.7967, 58.561, 0.0, 32.2364, 10.5243, 10.2371, 28.6135, 44.0555, 55.9452, 49.8052, 14.72, 44.0687, 36.6352, 58.6961, 4.0575, 39.9096, 30.8122, 21.1767, 11.7497, 45.0444, 9.5321, 48.9891, 12.334, 53.7542, 19.8904, 50.8362, 32.8799, 53.9033, 23.9088, 53.6961, 22.1515, 51.9333, 23.2682, 39.115, 34.9201, 51.9169, 22.4403, 32.6224, 35.7197, 40.9291, 42.6009, 46.2172, 13.3508, 53.7066, 44.765, 46.3521, 37.6394, 35.906], [37.8907, 47.0387, 16.3533, 38.113, 57.0135, 37.5532, 22.7735, 57.6983, 55.2776, 56.2662, 47.7445, 28.4251, 14.7869, 60.4387, 44.7457, 31.7445, 59.1611, 51.2897, 59.8998, 43.6908, 62.3079, 34.8802, 46.4611, 9.2432, 60.6551, 30.631, 63.3157, 17.7459, 61.8933, 13.2512, 11.8123, 39.3367, 5.8683, 57.9078, 42.6708, 52.9167, 2.4237, 49.6018, 14.7319, 56.9929, 45.716, 53.4473, 0.673, 51.1516, 32.2364, 0.0, 40.5093, 23.1872, 52.0595, 15.5143, 56.5121, 24.5621, 43.5079, 15.5337, 55.8035, 49.3887, 35.5502, 9.7135, 53.1881, 12.3681, 38.7718, 54.676, 22.7046, 27.7416, 39.2149, 39.4662, 12.3646, 53.5783, 5.1741, 50.1624, 46.8827, 50.6108, 10.0854, 34.0907, 46.509, 12.2015, 52.2597, 34.0502, 46.0172, 4.9764, 52.5599, 14.6764, 54.4267, 22.7749, 39.9706, 39.2896, 54.6623, 23.0022, 53.2183, 8.2088], [9.5204, 63.6533, 31.579, 62.7376, 22.116, 62.6148, 25.4341, 60.3771, 18.7158, 61.3201, 7.2634, 59.7755, 33.0304, 57.6156, 5.0518, 60.9782, 26.8944, 63.169, 28.7466, 63.5658, 54.2008, 61.9406, 6.0141, 38.1534, 30.8017, 60.595, 50.5225, 30.2754, 55.1652, 34.4429, 31.132, 58.5354, 44.5532, 48.5381, 3.0631, 55.8284, 42.2288, 57.5589, 28.5512, 31.5492, 7.6752, 55.4284, 40.9937, 56.8899, 10.5243, 40.5093, 0.0, 20.4343, 18.9605, 50.2965, 51.8528, 54.5679, 4.2934, 50.3068, 27.8185, 57.6353, 6.5074, 46.9804, 21.3551, 30.6491, 4.2105, 38.7851, 18.6008, 52.5461, 4.4455, 54.6902, 28.5833, 46.414, 40.1422, 51.3813, 14.918, 50.9747, 30.6613, 54.1623, 14.2503, 45.3096, 26.881, 54.1551, 13.3932, 39.9226, 27.7841, 46.7484, 35.8006, 50.6985, 5.0184, 54.6882, 38.439, 50.793, 29.9741, 42.6885], [15.1369, 60.1243, 11.157, 55.0837, 41.2858, 54.7298, 5.8365, 63.6333, 38.4222, 63.4503, 27.4405, 48.4699, 12.6786, 63.4349, 23.4939, 50.8464, 45.141, 61.9955, 46.5839, 58.3813, 62.4217, 52.9889, 25.728, 18.403, 48.1506, 50.0612, 60.8219, 9.8449, 62.7651, 14.2077, 11.8612, 53.348, 28.462, 56.9935, 23.2779, 58.6488, 25.394, 57.9671, 8.9112, 46.8077, 27.454, 58.6874, 23.8039, 58.366, 10.2371, 23.1872, 20.4343, 0.0, 37.1135, 36.6152, 58.1868, 43.6242, 24.4045, 36.6309, 44.0723, 57.9033, 14.2079, 31.791, 39.0534, 11.3044, 20.585, 49.7494, 4.103, 44.0192, 21.1613, 51.1824, 11.0514, 53.5689, 24.8382, 54.6904, 32.0393, 54.6838, 13.3474, 48.1614, 31.4573, 31.8993, 41.6915, 48.1367, 30.702, 24.553, 42.3629, 34.0186, 47.9113, 40.4368, 22.1549, 51.092, 49.5439, 40.6067, 43.9549, 28.2262], [28.4572, 59.8659, 47.6304, 62.8823, 5.0889, 62.9879, 42.7491, 50.6675, 5.5953, 52.5475, 16.1939, 63.6476, 48.7386, 45.8445, 20.2401, 63.6232, 8.0812, 57.2511, 9.7992, 61.3246, 40.596, 63.3805, 17.9621, 52.4992, 11.8612, 63.657, 35.4194, 46.6202, 42.0248, 49.7995, 45.5374, 56.8137, 54.5098, 35.2736, 16.0358, 46.9787, 53.1349, 50.7541, 43.5873, 13.8689, 11.534, 46.2162, 52.367, 49.169, 28.6135, 52.0595, 18.9605, 37.1135, 0.0, 57.3758, 40.1867, 58.6303, 14.8464, 57.38, 9.6312, 50.9521, 25.0022, 55.8293, 2.5491, 45.1769, 16.8762, 24.3861, 34.0396, 54.6306, 16.2888, 51.8731, 42.0365, 34.6504, 49.9597, 42.6155, 5.254, 41.8841, 43.5819, 53.7186, 5.7436, 52.7587, 10.5612, 53.7284, 6.4345, 49.8274, 11.523, 53.3988, 20.7052, 54.6038, 15.2691, 51.9533, 23.9514, 54.6175, 13.9256, 51.4212], [49.9975, 34.1364, 31.6809, 23.4966, 62.4631, 22.8579, 37.4791, 48.5821, 61.6448, 46.4466, 57.1443, 12.928, 30.2104, 53.0366, 55.0822, 16.4218, 63.2677, 39.5775, 63.4665, 30.0384, 56.6631, 19.8516, 56.2761, 24.6721, 63.6088, 15.2319, 59.3236, 32.9671, 55.7793, 28.7392, 26.5892, 26.4226, 9.777, 53.3093, 51.8072, 44.3204, 13.1636, 39.5418, 29.2258, 58.6798, 53.8217, 45.1324, 14.8642, 41.7223, 44.0555, 15.5143, 50.2965, 36.6152, 57.3758, 0.0, 50.307, 9.5979, 52.3753, 0.0201, 58.6319, 39.2479, 46.6314, 5.9324, 57.8599, 27.0943, 47.5568, 53.0804, 34.9344, 14.5789, 47.8662, 28.1458, 25.6763, 48.7923, 11.9282, 42.6533, 52.6462, 43.3649, 23.4773, 21.7203, 52.447, 4.9923, 54.662, 21.6733, 52.1779, 12.2263, 54.6862, 4.0201, 53.9174, 9.3798, 48.3874, 27.9286, 53.1963, 9.6067, 54.6591, 8.4002], [59.6213, 29.0814, 63.6441, 39.1933, 42.9245, 39.7398, 63.4426, 11.4905, 45.5684, 14.4051, 53.6184, 47.5359, 63.5777, 5.7891, 55.8484, 44.9264, 38.905, 23.0484, 37.242, 33.2163, 6.5087, 42.2319, 54.6242, 62.948, 35.3226, 45.8284, 11.7565, 63.6651, 5.4829, 63.4676, 58.5505, 31.3074, 54.6421, 6.4106, 50.3465, 10.1483, 55.8085, 16.8056, 58.6874, 28.9398, 47.8104, 8.911, 56.3264, 13.8885, 55.9452, 56.5121, 51.8528, 58.1868, 40.1867, 50.307, 0.0, 44.6845, 49.7016, 50.2967, 32.6218