[4, 10]
[[0.0, 46.2483, 56.8554, 44.1217, 44.2703, 25.6045, 59.7463, 37.5709, 45.8426, 12.4491], [46.2483, 0.0, 10.607, 2.1266, 25.0014, 42.9157, 25.0063, 10.7369, 5.7333, 35.628], [56.8554, 10.607, 0.0, 12.7336, 30.3645, 52.1236, 23.5182, 20.5194, 12.7077, 46.1303], [44.1217, 2.1266, 12.7336, 0.0, 24.3438, 41.1508, 25.8238, 9.0032, 5.8449, 33.5304], [44.2703, 25.0014, 30.3645, 24.3438, 0.0, 27.2546, 17.4008, 29.1271, 30.1855, 39.3614], [25.6045, 42.9157, 52.1236, 41.1508, 27.2546, 0.0, 44.6554, 39.6044, 45.6778, 29.1344], [59.7463, 25.0063, 23.5182, 25.8238, 17.4008, 44.6554, 0.0, 34.1418, 30.624, 52.665], [37.5709, 10.7369, 20.5194, 9.0032, 29.1271, 39.6044, 34.1418, 0.0, 8.3505, 26.0622], [45.8426, 5.7333, 12.7077, 5.8449, 30.1855, 45.6778, 30.624, 8.3505, 0.0, 34.4126], [12.4491, 35.628, 46.1303, 33.5304, 39.3614, 29.1344, 52.665, 26.0622, 34.4126, 0.0]]
[[0.0, 3.5415, 18.0244, 69.833, 65.606, 96.1762, 65.0797, 20.9617, 23.0182, 20.7884], [3.5415, 0.0, 21.5659, 73.3744, 66.1689, 98.8146, 65.033, 20.7921, 21.7306, 21.1989], [18.0244, 21.5659, 0.0, 51.8085, 65.6916, 83.7869, 68.2278, 29.3965, 34.8109, 27.0769], [69.833, 73.3744, 51.8085, 0.0, 89.2503, 65.0347, 97.3614, 75.5182, 82.401, 72.2238], [65.606, 66.1689, 65.6916, 89.2503, 0.0, 62.1613, 11.3299, 45.7115, 48.0014, 44.9729], [96.1762, 98.8146, 83.7869, 65.0347, 62.1613, 0.0, 73.4912, 85.9052, 92.094, 82.9814], [65.0797, 65.033, 68.2278, 97.3614, 11.3299, 73.4912, 0.0, 44.2489, 44.843, 44.371], [20.9617, 20.7921, 29.3965, 75.5182, 45.7115, 85.9052, 44.2489, 0.0, 7.1348, 3.4331], [23.0182, 21.7306, 34.8109, 82.401, 48.0014, 92.094, 44.843, 7.1348, 0.0, 10.5679], [20.7884, 21.1989, 27.0769, 72.2238, 44.9729, 82.9814, 44.371, 3.4331, 10.5679, 0.0]]
[[0.0, 71.6487, 45.4091, 20.5245, 64.0602, 32.023, 36.6192, 90.7721, 75.5299, 71.4205], [71.6487, 0.0, 26.2396, 51.1242, 7.6083, 39.6333, 35.037, 72.0673, 83.5727, 93.104], [45.4091, 26.2396, 0.0, 24.8846, 18.6562, 13.4003, 8.8088, 71.5378, 72.9674, 78.5515], [20.5245, 51.1242, 24.8846, 0.0, 43.5367, 11.506, 16.0994, 79.4843, 70.8663, 71.2287], [64.0602, 7.6083, 18.6562, 43.5367, 0.0, 32.0393, 27.4426, 71.4391, 80.2246, 88.7556], [32.023, 39.6333, 13.4003, 11.506, 32.0393, 0.0, 4.5967, 75.3851, 71.2819, 74.1595], [36.6192, 35.037, 8.8088, 16.0994, 27.4426, 4.5967, 0.0, 73.9841, 71.759, 75.5953], [90.7721, 72.0673, 71.5378, 79.4843, 71.4391, 75.3851, 73.9841, 0.0, 30.1856, 46.1511], [75.5299, 83.5727, 72.9674, 70.8663, 80.2246, 71.2819, 71.759, 30.1856, 0.0, 15.9655], [71.4205, 93.104, 78.5515, 71.2287, 88.7556, 74.1595, 75.5953, 46.1511, 15.9655, 0.0]]
[[0.0, 35.2465, 28.1317, 25.8043, 30.4335, 41.3246, 25.0807, 52.9382, 53.0681, 63.5977], [35.2465, 0.0, 7.1148, 9.4423, 12.6952, 11.7058, 16.5413, 64.94, 66.1205, 88.1901], [28.1317, 7.1148, 0.0, 2.3274, 10.7445, 15.9353, 12.0502, 61.0858, 62.1107, 82.6065], [25.8043, 9.4423, 2.3274, 0.0, 11.0663, 17.7244, 11.1884, 59.9546, 60.9222, 80.8322], [30.4335, 12.6952, 10.7445, 11.0663, 0.0, 11.4291, 5.8105, 52.2702, 53.4772, 76.4668], [41.3246, 11.7058, 15.9353, 17.7244, 11.4291, 0.0, 17.2396, 59.7463, 61.1797, 86.2338], [25.0807, 16.5413, 12.0502, 11.1884, 5.8105, 17.2396, 0.0, 49.057, 50.1099, 71.6899], [52.9382, 64.94, 61.0858, 59.9546, 52.2702, 59.7463, 49.057, 0.0, 1.9993, 32.8836], [53.0681, 66.1205, 62.1107, 60.9222, 53.4772, 61.1797, 50.1099, 1.9993, 0.0, 30.8843], [63.5977, 88.1901, 82.6065, 80.8322, 76.4668, 86.2338, 71.6899, 32.8836, 30.8843, 0.0]]
