[4, 20]
[[0.0, 69.7689, 9.2388, 3.4626, 59.9271, 30.5636, 33.9326, 28.6289, 20.5203, 21.0146, 34.5529, 49.3621, 23.6206, 23.3782, 43.1736, 82.2125, 70.9448, 47.3713, 49.2846, 80.9782], [69.7689, 0.0, 79.0076, 73.2314, 9.8417, 39.2053, 35.8363, 53.3387, 76.5084, 66.7948, 46.2775, 31.8497, 84.575, 84.1194, 82.0123, 43.174, 45.227, 99.1569, 63.0861, 43.192], [9.2388, 79.0076, 0.0, 5.7762, 69.1659, 39.8024, 43.1714, 35.7958, 20.7763, 25.283, 42.4068, 57.9213, 20.3608, 20.2937, 44.1595, 90.2054, 78.4776, 44.3752, 54.3464, 88.9308], [3.4626, 73.2314, 5.7762, 0.0, 63.3897, 34.0262, 37.3952, 31.1875, 20.1257, 22.2638, 37.4224, 52.543, 22.0045, 21.8187, 43.3155, 85.1786, 73.7226, 46.0545, 51.0448, 83.9279], [59.9271, 9.8417, 69.1659, 63.3897, 0.0, 29.3635, 25.9945, 44.3793, 67.0629, 57.4865, 37.6581, 25.0047, 75.0523, 74.6004, 73.8267, 44.3249, 43.326, 90.3987, 56.3143, 44.0183], [30.5636, 39.2053, 39.8024, 34.0262, 29.3635, 0.0, 3.369, 22.5527, 40.0327, 31.6918, 20.2684, 24.8059, 47.4209, 46.9965, 52.8737, 58.4495, 50.2603, 66.1051, 43.7048, 57.4789], [33.9326, 35.8363, 43.1714, 37.3952, 25.9945, 3.369, 0.0, 24.2624, 42.9788, 34.3616, 20.9477, 22.9977, 50.492, 50.062, 54.8875, 56.2335, 48.6217, 68.6915, 44.3536, 55.3127], [28.6289, 53.3387, 35.7958, 31.1875, 44.3793, 22.5527, 24.2624, 0.0, 24.4167, 14.2938, 7.7233, 24.7074, 32.7481, 32.2789, 30.7386, 54.692, 42.6884, 46.0522, 23.3058, 53.3764], [20.5203, 76.5084, 20.7763, 20.1257, 67.0629, 40.0327, 42.9788, 24.4167, 0.0, 10.1229, 32.14, 49.1241, 8.3314, 7.8623, 23.4159, 77.5194, 64.5978, 27.7533, 36.1303, 76.1317], [21.0146, 66.7948, 25.283, 22.2638, 57.4865, 31.6918, 34.3616, 14.2938, 10.1229, 0.0, 22.0171, 39.0012, 18.4543, 17.9851, 23.8332, 67.9214, 55.26, 34.4308, 29.0635, 66.5549], [34.5529, 46.2775, 42.4068, 37.4224, 37.6581, 20.2684, 20.9477, 7.7233, 32.14, 22.0171, 0.0, 16.9841, 40.4714, 40.0023, 36.3115, 47.7995, 36.4281, 52.8795, 23.4581, 46.5305], [49.3621, 31.8497, 57.9213, 52.543, 25.0047, 24.8059, 22.9977, 24.7074, 49.1241, 39.0012, 16.9841, 0.0, 57.4555, 56.9863, 50.5952, 33.9259, 25.641, 68.5652, 31.3939, 32.8736], [23.6206, 84.575, 20.3608, 22.0045, 75.0523, 47.4209, 50.492, 32.7481, 8.3314, 18.4543, 40.4714, 57.4555, 0.0, 0.4691, 26.1884, 85.5096, 72.4416, 24.1298, 42.8757, 84.1097], [23.3782, 84.1194, 20.2937, 21.8187, 74.6004, 46.9965, 50.062, 32.2789, 7.8623, 17.9851, 40.0023, 56.9863, 0.4691, 0.0, 25.9692, 85.058, 71.997, 24.2723, 42.4809, 83.6586], [43.1736, 82.0123, 44.1595, 43.3155, 73.8267, 52.8737, 54.8875, 30.7386, 23.4159, 23.8332, 36.3115, 50.5952, 26.1884, 25.9692, 0.0, 69.9235, 56.2553, 19.536, 23.7295, 68.4687], [82.2125, 43.174, 90.2054, 85.1786, 44.3249, 58.4495, 56.2335, 54.692, 77.5194, 67.9214, 47.7995, 33.9259, 85.5096, 85.058, 69.9235, 0.0, 13.6681, 89.4594, 46.1939, 1.4547], [70.9448, 45.227, 78.4776, 73.7226, 43.326, 50.2603, 48.6217, 42.6884, 64.5978, 55.26, 36.4281, 25.641, 72.4416, 71.997, 56.2553, 13.6681, 0.0, 75.7913, 32.5258, 12.2134], [47.3713, 99.1569, 44.3752, 46.0545, 90.3987, 66.1051, 68.6915, 46.0522, 27.7533, 34.4308, 52.8795, 68.5652, 24.1298, 24.2723, 19.536, 89.4594, 75.7913, 0.0, 43.2655, 88.0047], [49.2846, 63.0861, 54.3464, 51.0448, 56.3143, 43.7048, 44.3536, 23.3058, 36.1303, 29.0635, 23.4581, 31.3939, 42.8757, 42.4809, 23.7295, 46.1939, 32.5258, 43.2655, 0.0, 44.7392], [80.9782, 43.192, 88.9308, 83.9279, 44.0183, 57.4789, 55.3127, 53.3764, 76.1317, 66.5549, 46.5305, 32.8736, 84.1097, 83.6586, 68.4687, 1.4547, 12.2134, 88.0047, 44.7392, 0.0]]
[[0.0, 65.7572, 11.1283, 25.8771, 41.3186, 42.6697, 62.0046, 27.2959, 85.3169, 69.8622, 72.2724, 17.5252, 19.1146, 17.498, 69.5159, 24.7965, 68.5876, 88.0476, 29.6143, 25.5983], [65.7572, 0.0, 54.6289, 39.8802, 24.4386, 23.0876, 3.7526, 47.7938, 24.7714, 17.3343, 17.7857, 64.8535, 59.9952, 70.9616, 22.6465, 79.1653, 22.6693, 29.7731, 51.8786, 58.3939], [11.1283, 54.6289, 0.0, 14.7488, 30.1903, 31.5414, 50.8763, 19.9404, 74.4516, 59.1411, 61.522, 18.9478, 17.4571, 22.3298, 59.106, 31.0402, 58.1995, 77.3466, 24.0028, 22.6608], [25.8771, 39.8802, 14.7488, 0.0, 15.4416, 16.7926, 36.1276, 17.8547, 60.1998, 45.2361, 47.5427, 28.4506, 24.6184, 33.6945, 45.8325, 42.5111, 44.9807, 63.3915, 23.6438, 26.5948], [41.3186, 24.4386, 30.1903, 15.4416, 0.0, 1.351, 20.686, 26.5036, 45.6182, 31.5111, 33.6189, 41.7995, 37.2522, 47.6247, 33.2937, 56.1846, 32.5802, 49.2787, 31.7381, 37.0991], [42.6697, 23.0876, 31.5414, 16.7926, 1.351, 0.0, 19.335, 27.5444, 44.3701, 30.3888, 32.4661, 43.0341, 38.4552, 48.8867, 32.3164, 57.4236, 31.6229, 48.0828, 32.6988, 38.1781], [62.0046, 3.7526, 50.8763, 36.1276, 20.686, 19.335, 0.0, 44.314, 27.592, 18.1434, 19.0704, 61.2437, 56.4109, 67.3274, 22.9498, 75.5771, 22.8112, 32.3354, 48.5301, 54.9543], [27.2959, 47.7938, 19.9404, 17.8547, 26.5036, 27.5444, 44.314, 0.0, 62.385, 46.5304, 49.0148, 17.9422, 12.8874, 24.2573, 44.8773, 31.7413, 43.9019, 64.1398, 5.8118, 10.7147], [85.3169, 24.7714, 74.4516, 60.1998, 45.6182, 44.3701, 27.592, 62.385, 0.0, 15.8545, 13.3702, 80.3272, 75.2724, 86.6423, 18.6423, 93.8166, 19.5847, 5.6325, 64.7051, 71.8314], [69.8622, 17.3343, 59.1411, 45.2361, 31.5111, 30.3888, 18.1434, 46.5304, 15.8545, 0.0, 2.4844, 64.4726, 59.4178, 70.7877, 5.7729, 77.9939, 6.1796, 18.2059, 48.9243, 56.0349], [72.2724, 17.7857, 61.522, 47.5427, 33.6189, 32.4661, 19.0704, 49.0148, 13.3702, 2.4844, 0.0, 66.957, 61.9022, 73.2721, 7.0247, 80.4725, 7.687, 15.8515, 51.3941, 58.5081], [17.5252, 64.8535, 18.9478, 28.4506, 41.7995, 43.0341, 61.2437, 17.9422, 80.3272, 64.4726, 66.957, 0.0, 5.0548, 6.3151, 62.7255, 14.393, 61.7465, 82.0318, 16.7514, 10.2518], [19.1146, 59.9952, 17.4571, 24.6184, 37.2522, 38.4552, 56.4109, 12.8874, 75.2724, 59.4178, 61.9022, 5.0548, 0.0, 11.3699, 57.6913, 19.1702, 56.713, 76.9887, 12.0801, 6.5338], [17.498, 70.9616, 22.3298, 33.6945, 47.6247, 48.8867, 67.3274, 24.2573, 86.6423, 70.7877, 73.2721, 6.3151, 11.3699, 0.0, 69.0192, 8.8681, 68.0395, 88.334, 22.8183, 15.9647], [69.5159, 22.6465, 59.106, 45.8325, 33.2937, 32.3164, 22.9498, 44.8773, 18.6423, 5.7729, 7.0247, 62.7255, 57.6913, 69.0192, 0.0, 75.8233, 0.9827, 19.3616, 46.6411, 53.7901], [24.7965, 79.1653, 31.0402, 42.5111, 56.1846, 57.4236, 75.5771, 31.7413, 93.8166, 77.9939, 80.4725, 14.393, 19.1702, 8.8681, 75.8233, 0.0, 74.8406, 95.185, 29.1823, 22.0333], [68.5876, 22.6693, 58.1995, 44.9807, 32.5802, 31.6229, 22.8112, 43.9019, 19.5847, 6.1796, 7.687, 61.7465, 56.713, 68.0395, 0.9827, 74.8406, 0.0, 20.3444, 45.6583, 52.8073], [88.0476, 29.7731, 77.3466, 63.3915, 49.2787, 48.0828, 32.3354, 64.1398, 5.6325, 18.2059, 15.8515, 82.0318, 76.9887, 88.334, 19.3616, 95.185, 20.3444, 0.0, 66.0027, 73.1517], [29.6143, 51.8786, 24.0028, 23.6438, 31.7381, 32.6988, 48.5301, 5.8118, 64.7051, 48.9243, 51.3941, 16.7514, 12.0801, 22.8183, 46.6411, 29.1823, 45.6583, 66.0027, 0.0, 7.149], [25.5983, 58.3939, 22.6608, 26.5948, 37.0991, 38.1781, 54.9543, 10.7147, 71.8314, 56.0349, 58.5081, 10.2518, 6.5338, 15.9647, 53.7901, 22.0333, 52.8073, 73.1517, 7.149, 0.0]]
[[0.0, 13.6945, 44.5882, 33.7776, 38.7847, 2.1034, 52.0229, 75.8497, 77.0377, 66.4324, 67.7971, 68.9641, 65.6825, 80.3635, 27.2848, 31.5639, 46.4293, 48.9604, 28.2943, 48.8776], [13.6945, 0.0, 58.2827, 20.083, 52.4792, 15.7979, 65.7174, 70.0097, 70.8476, 65.7777, 65.7492, 74.2968, 67.3074, 88.9628, 39.6236, 44.2247, 33.6533, 62.1929, 17.8298, 62.1086], [44.5882, 58.2827, 0.0, 78.3657, 5.8035, 42.4848, 7.4347, 105.4768, 107.3036, 85.4039, 89.9202, 69.7663, 78.7995, 65.697, 25.5966, 21.698, 89.9201, 14.3851, 70.5039, 14.3717], [33.7776, 20.083, 78.3657, 0.0, 72.5623, 35.881, 85.8005, 65.8066, 65.9944, 69.8435, 67.8251, 85.5496, 74.3339, 103.5766, 58.814, 63.5717, 17.6204, 81.8737, 16.9832, 81.7884], [38.7847, 52.4792, 5.8035, 72.5623, 0.0, 36.6813, 13.2382, 101.0002, 102.7755, 81.8157, 86.0605, 68.0277, 75.747, 66.1047, 21.0171, 17.7232, 84.1945, 16.3375, 64.83, 16.2949], [2.1034, 15.7979, 42.4848, 35.881, 36.6813, 0.0, 49.9195, 76.9236, 78.1578, 66.7817, 68.3497, 68.3515, 65.6828, 79.1699, 25.5124, 29.7006, 48.4361, 46.9515, 30.1319, 46.8689], [52.0229, 65.7174, 7.4347, 85.8005, 13.2382, 49.9195, 0.0, 111.3908, 113.2746, 90.3377, 95.1536, 72.6132, 83.1393, 65.9218, 32.048, 27.7482, 97.2686, 15.1165, 77.8006, 15.1463], [75.8497, 70.0097, 105.4768, 65.8066, 101.0002, 76.9236, 111.3908, 0.0, 2.3221, 27.9405, 21.1155, 58.9942, 38.9904, 84.2643, 100.6554, 103.7043, 80.1242, 116.4999, 81.0088, 116.4369], [77.0377, 70.8476, 107.3036, 65.9944, 102.7755, 78.1578, 113.2746, 2.3221, 0.0, 30.2626, 23.4376, 61.3163, 41.3125, 86.5864, 102.0849, 105.2004, 79.9764, 118.2009, 81.4274, 118.1372], [66.4324, 65.7777, 85.4039, 69.8435, 81.8157, 66.7817, 90.3377, 27.9405, 30.2626, 0.0, 6.825, 31.0537, 11.0499, 56.3238, 86.5439, 88.5414, 86.8911, 98.0513, 81.1783, 98.0011], [67.7971, 65.7492, 89.9202, 67.8251, 86.0605, 68.3497, 95.1536, 21.1155, 23.4376, 6.825, 0.0, 37.8788, 17.8749, 63.1488, 89.3925, 91.6925, 84.4387, 102.1607, 80.244, 102.1068], [68.9641, 74.2968, 69.7663, 85.5496, 68.0277, 68.3515, 72.6132, 58.9942, 61.3163, 31.0537, 37.8788, 0.0, 20.0038, 25.2701, 79.9114, 80.1982, 103.1415, 83.9454, 91.9373, 83.9189], [65.6825, 67.3074, 78.7995, 74.3339, 75.747, 65.6828, 83.1393, 38.9904, 41.3125, 11.0499, 17.8749, 20.0038, 0.0, 45.2739, 82.9214, 84.3658, 91.8035, 92.0843, 83.8548, 92.0413], [80.3635, 88.9628, 65.697, 103.5766, 66.1047, 79.1699, 65.9218, 84.2643, 86.5864, 56.3238, 63.1488, 25.2701, 45.2739, 0.0, 83.1308, 81.9112, 120.7246, 79.8815, 106.7306, 79.881], [27.2848, 39.6236, 25.5966, 58.814, 21.0171, 25.5124, 32.048, 100.6554, 102.0849, 86.5439, 89.3925, 79.9114, 82.9214, 83.1308, 0.0, 4.8915, 67.4979, 23.5592, 47.765, 23.4726], [31.5639, 44.2247, 21.698, 63.5717, 17.7232, 29.7006, 27.7482, 103.7043, 105.2004, 88.5414, 91.6925, 80.1982, 84.3658, 81.9112, 4.8915, 0.0, 72.3894, 18.6677, 52.6565, 18.5811], [46.4293, 33.6533, 89.9201, 17.6204, 84.1945, 48.4361, 97.2686, 80.1242, 79.9764, 86.8911, 84.4387, 103.1415, 91.8035, 120.7246, 67.4979, 72.3894, 0.0, 91.0571, 19.7329, 90.9705], [48.9604, 62.1929, 14.3851, 81.8737, 16.3375, 46.9515, 15.1165, 116.4999, 118.2009, 98.0513, 102.1607, 83.9454, 92.0843, 79.8815, 23.5592, 18.6677, 91.0571, 0.0, 71.3242, 0.0866], [28.2943, 17.8298, 70.5039, 16.9832, 64.83, 30.1319, 77.8006, 81.0088, 81.4274, 81.1783, 80.244, 91.9373, 83.8548, 106.7306, 47.765, 52.6565, 19.7329, 71.3242, 0.0, 71.2376], [48.8776, 62.1086, 14.3717, 81.7884, 16.2949, 46.8689, 15.1463, 116.4369, 118.1372, 98.0011, 102.1068, 83.9189, 92.0413, 79.881, 23.4726, 18.5811, 90.9705, 0.0866, 71.2376, 0.0]]
[[0.0, 59.0768, 6.5513, 1.2247, 26.782, 41.1142, 11.1861, 58.345, 43.6236, 42.7593, 48.5099, 45.2595, 74.9747, 78.0047, 103.1241, 65.1914, 70.4503, 73.9557, 57.9332, 84.6474], [59.0768, 0.0, 52.5255, 60.3015, 32.2947, 17.9626, 70.2629, 46.6067, 65.076, 69.0759, 55.5131, 60.8471, 42.5926, 42.9764, 63.53, 64.6805, 60.817, 59.264, 85.2132, 57.8915], [6.5513, 52.5255, 0.0, 7.776, 20.2308, 34.5629, 17.7374, 54.0686, 42.6321, 42.5514, 45.7153, 43.448, 69.6772, 72.5995, 97.7688, 62.4376, 66.9246, 70.0592, 58.6957, 79.9885], [1.2247, 60.3015, 7.776, 0.0, 28.0068, 42.3389, 9.9614, 59.1907, 43.915, 42.9091, 49.1118, 45.6945, 75.9867, 79.0345, 104.1405, 65.7659, 71.157, 74.7253, 57.8718, 85.5459], [26.782, 32.2947, 20.2308, 28.0068, 0.0, 14.3321, 37.9682, 44.5053, 45.7737, 47.9342, 42.6445, 43.9694, 55.0488, 57.4339, 82.3303, 57.9217, 59.3722, 60.9691, 65.2813, 67.6116], [41.1142, 17.9626, 34.5629, 42.3389, 14.3321, 0.0, 52.3003, 42.5235, 52.7954, 56.0187, 46.0617, 49.608, 47.2564, 48.9589, 72.8276, 58.8662, 57.8332, 58.0414, 73.044, 61.4207], [11.1861, 70.2629, 17.7374, 9.9614, 37.9682, 52.3003, 0.0, 66.5085, 47.4072, 45.3547, 54.7836, 50.2118, 84.4277, 87.5964, 112.561, 71.0525, 77.3864, 81.4003, 58.3336, 93.1305], [58.345, 46.6067, 54.0686, 59.1907, 44.5053, 42.5235, 66.5085, 0.0, 30.1628, 35.3361, 16.5924, 24.425, 21.7947, 25.4398, 47.9339, 18.2204, 15.3211, 16.5027, 46.0971, 26.6859], [43.6236, 65.076, 42.6321, 43.915, 45.7737, 52.7954, 47.4072, 30.1628, 0.0, 5.1734, 13.5704, 5.7377, 51.9574, 55.6026, 77.1197, 25.4294, 34.0758, 39.4009, 20.2962, 54.2229], [42.7593, 69.0759, 42.5514, 42.9091, 47.9342, 56.0187, 45.3547, 35.3361, 5.1734, 0.0, 18.7437, 10.9111, 57.1308, 60.7759, 82.1964, 29.7225, 38.7668, 44.213, 17.3476, 59.2036], [48.5099, 55.5131, 45.7153, 49.1118, 42.6445, 46.0617, 54.7836, 16.5924, 13.5704, 18.7437, 0.0, 7.8326, 38.3871, 42.0322, 63.8767, 16.7307, 22.7858, 27.4107, 30.9428, 41.3833], [45.2595, 60.8471, 43.448, 45.6945, 43.9694, 49.608, 50.2118, 24.425, 5.7377, 10.9111, 7.8326, 0.0, 46.2197, 49.8648, 71.5054, 21.1341, 29.0652, 34.1874, 24.4469, 48.7458], [74.9747, 42.5926, 69.6772, 75.9867, 55.0488, 47.2564, 84.4277, 21.7947, 51.9574, 57.1308, 38.3871, 46.2197, 0.0, 3.6451, 28.1572, 35.1711, 26.4145, 21.9039, 67.0454, 15.3187], [78.0047, 42.9764, 72.5995, 79.0345, 57.4339, 48.9589, 87.5964, 25.4398, 55.6026, 60.7759, 42.0322, 49.8648, 3.6451, 0.0, 25.1769, 38.4851, 29.46, 24.6416, 70.5991, 15.7333], [103.1241, 63.53, 97.7688, 104.1405, 82.3303, 72.8276, 112.561, 47.9339, 77.1197, 82.1964, 63.8767, 71.5054, 28.1572, 25.1769, 0.0, 55.2854, 45.1445, 39.2819, 88.8976, 23.569], [65.1914, 64.6805, 62.4376, 65.7659, 57.9217, 58.8662, 71.0525, 18.2204, 25.4294, 29.7225, 16.7307, 21.1341, 35.1711, 38.4851, 55.2854, 0.0, 10.1409, 16.0035, 33.6121, 31.7165], [70.4503, 60.817, 66.9246, 71.157, 59.3722, 57.8332, 77.3864, 15.3211, 34.0758, 38.7668, 22.7858, 29.0652, 26.4145, 29.46, 45.1445, 10.1409, 0.0, 5.8626, 43.753, 21.5756], [73.9557, 59.264, 70.0592, 74.7253, 60.9691, 58.0414, 81.4003, 16.5027, 39.4009, 44.213, 27.4107, 34.1874, 21.9039, 24.6416, 39.2819, 16.0035, 5.8626, 0.0, 49.6156, 15.713], [57.9332, 85.2132, 58.6957, 57.8718, 65.2813, 73.044, 58.3336, 46.0971, 20.2962, 17.3476, 30.9428, 24.4469, 67.0454, 70.5991, 88.8976, 33.6121, 43.753, 49.6156, 0.0, 65.3286], [84.6474, 57.8915, 79.9885, 85.5459, 67.6116, 61.4207, 93.1305, 26.6859, 54.2229, 59.2036, 41.3833, 48.7458, 15.3187, 15.7333, 23.569, 31.7165, 21.5756, 15.713, 65.3286, 0.0]]
