[4, 30]
[[0.0, 64.1205, 68.5303, 3.5178, 55.2086, 26.4968, 10.5665, 23.2561, 23.5111, 31.6198, 84.452, 67.9575, 63.5132, 63.5282, 75.7601, 68.3803, 80.4583, 82.9219, 71.5747, 83.4547, 39.5995, 50.2269, 66.6478, 19.054, 28.8385, 37.6083, 17.9067, 59.4723, 43.2466, 17.8563], [64.1205, 0.0, 4.4098, 67.6383, 8.9119, 90.6173, 74.687, 40.8644, 40.6094, 32.5007, 63.99, 108.8771, 88.0536, 92.6137, 67.3812, 74.2601, 65.1055, 64.3392, 70.5995, 64.2071, 33.864, 24.7739, 17.8549, 72.9913, 88.5851, 35.7921, 65.2469, 19.3242, 30.5032, 66.3262], [68.5303, 4.4098, 0.0, 72.0481, 13.3217, 95.0271, 79.0968, 45.2742, 45.0192, 36.9105, 64.715, 112.4903, 91.1671, 95.874, 68.9924, 76.6449, 66.2362, 65.2192, 72.6427, 65.033, 37.6829, 28.0118, 18.3695, 77.2746, 92.9087, 39.675, 69.4989, 21.4024, 34.1763, 70.5832], [3.5178, 67.6383, 72.0481, 0.0, 58.7264, 22.979, 7.0487, 26.7738, 27.0289, 35.1376, 86.8142, 66.7771, 63.7793, 63.4398, 77.7389, 69.7696, 82.6685, 85.2297, 73.2699, 85.782, 42.7688, 53.5295, 70.0433, 18.1279, 26.1668, 40.7386, 18.51, 62.8367, 46.4732, 18.2464], [55.2086, 8.9119, 13.3217, 58.7264, 0.0, 81.7054, 65.7751, 31.9525, 31.6975, 23.5888, 63.4419, 101.7668, 82.1246, 86.337, 64.9223, 70.0427, 63.6971, 63.4654, 67.168, 63.4473, 26.708, 19.6737, 19.9961, 64.387, 79.8763, 28.4181, 56.7276, 17.9193, 23.8549, 57.793], [26.4968, 90.6173, 95.0271, 22.979, 81.7054, 0.0, 15.9303, 49.7529, 50.0079, 58.1166, 103.8671, 63.4754, 69.9854, 67.5293, 92.9316, 82.0388, 98.9854, 102.0193, 87.0706, 102.6656, 64.3685, 75.5822, 92.449, 26.6937, 18.2651, 62.2137, 33.091, 85.1194, 68.262, 32.1526], [10.5665, 74.687, 79.0968, 7.0487, 65.7751, 15.9303, 0.0, 33.8226, 34.0776, 42.1863, 91.7707, 64.9228, 64.8857, 63.8484, 82.0148, 72.9852, 87.3556, 90.0898, 77.0387, 90.6765, 49.2619, 60.2204, 76.8802, 18.2784, 21.5573, 47.1756, 21.4739, 69.6237, 53.0502, 20.8717], [23.2561, 40.8644, 45.2742, 26.7738, 31.9525, 49.7529, 33.8226, 0.0, 0.2551, 8.3638, 71.2751, 79.3241, 66.5779, 68.7942, 65.9867, 63.48, 68.6487, 70.2366, 64.2051, 70.594, 21.5627, 29.665, 44.6783, 34.8333, 49.2529, 20.3884, 28.2497, 37.937, 24.0635, 29.1274], [23.5111, 40.6094, 45.0192, 27.0289, 31.6975, 50.0079, 34.0776, 0.2551, 0.0, 8.1087, 71.1592, 79.4775, 66.6557, 68.8932, 65.917, 63.4714, 68.5516, 70.1275, 64.1664, 70.4825, 21.4208, 29.4617, 44.4446, 35.0526, 49.4907, 20.2665, 28.4479, 37.7122, 23.8933, 29.3293], [31.6198, 32.5007, 36.9105, 35.1376, 23.5888, 58.1166, 42.1863, 8.3638, 8.1087, 0.0, 67.8721, 84.61, 69.5734, 72.441, 64.191, 63.7321, 65.9076, 67.074, 63.4578, 67.3459, 18.2393, 23.5305, 37.162, 42.2329, 57.1283, 17.9159, 35.1312, 30.81, 19.4716, 36.1014], [84.452, 63.99, 64.715, 86.8142, 63.4419, 103.8671, 91.7707, 71.2751, 71.1592, 67.8721, 0.0, 80.1101, 52.6892, 59.0987, 14.3327, 30.2251, 6.2585, 2.3464, 22.6041, 1.5227, 49.9413, 46.4264, 46.3645, 77.2761, 90.6824, 50.9, 70.96, 45.5956, 48.4306, 71.823], [67.9575, 108.8771, 112.4903, 66.7771, 101.7668, 63.4754, 64.9228, 79.3241, 79.4775, 84.61, 80.1101, 0.0, 27.4209, 21.0114, 65.7774, 49.885, 73.8516, 77.7637, 57.506, 78.5874, 75.1221, 84.6359, 99.618, 48.9048, 45.6173, 73.3496, 52.3446, 93.0277, 78.3741, 51.8026], [63.5132, 88.0536, 91.1671, 63.7793, 82.1246, 69.9854, 64.8857, 66.5779, 66.6557, 69.5734, 52.6892, 27.4209, 0.0, 6.4095, 38.3566, 22.4641, 46.4307, 50.3428, 30.0852, 51.1665, 55.8624, 63.2797, 76.2757, 46.6075, 52.3319, 54.5949, 45.6163, 70.4184, 58.2928, 45.6717], [63.5282, 92.6137, 95.874, 63.4398, 86.337, 67.5293, 63.8484, 68.7942, 68.8932, 72.441, 59.0987, 21.0114, 6.4095, 0.0, 44.766, 28.8736, 52.8402, 56.7523, 36.4946, 57.576, 59.7964, 67.8824, 81.5046, 45.7042, 49.4997, 58.3679, 45.8284, 75.4179, 62.489, 45.7266], [75.7601, 67.3812, 68.9924, 77.7389, 64.9223, 92.9316, 82.0148, 65.9867, 65.917, 64.191, 14.3327, 65.7774, 38.3566, 44.766, 0.0, 15.8924, 8.0742, 11.9863, 8.2714, 12.81, 45.9869, 45.9196, 50.9684, 66.2445, 78.6231, 46.3367, 60.6785, 48.0892, 45.6299, 61.4244], [68.3803, 74.2601, 76.6449, 69.7696, 70.0427, 82.0388, 72.9852, 63.48, 63.4714, 63.7321, 30.2251, 49.885, 22.4641, 28.8736, 15.8924, 0.0, 23.9666, 27.8787, 7.621, 28.7024, 46.6318, 50.3692, 59.7914, 55.7954, 66.3177, 46.2108, 51.5898, 55.2446, 47.6479, 52.1243], [80.4583, 65.1055, 66.2362, 82.6685, 63.6971, 98.9854, 87.3556, 68.6487, 68.5516, 65.9076, 6.2585, 73.8516, 46.4307, 52.8402, 8.0742, 23.9666, 0.0, 3.9121, 16.3456, 4.7358, 47.728, 45.6557, 47.9041, 72.3168, 85.3302, 48.4409, 66.2857, 46.1566, 46.69, 67.1042], [82.9219, 64.3392, 65.2192, 85.2297, 63.4654, 102.0193, 90.0898, 70.2366, 70.1275, 67.074, 2.3464, 77.7637, 50.3428, 56.7523, 11.9863, 27.8787, 3.9121, 0.0, 20.2577, 0.8237, 49.0296, 46.0394, 46.8498, 75.3941, 88.6619, 49.9004, 69.1782, 45.7064, 47.6894, 70.0256], [71.5747, 70.5995, 72.6427, 73.2699, 67.168, 87.0706, 77.0387, 64.2051, 64.1664, 63.4578, 22.6041, 57.506, 30.0852, 36.4946, 8.2714, 7.621, 16.3456, 20.2577, 0.0, 21.0814, 45.6382, 47.6294, 55.1666, 60.5112, 72.0437, 45.585, 55.5678, 51.326, 46.0111, 56.2166], [83.4547, 64.2071, 65.033, 85.782, 63.4473, 102.6656, 90.6765, 70.594, 70.4825, 67.3459, 1.5227, 78.5874, 51.1665, 57.576, 12.81, 28.7024, 4.7358, 0.8237, 21.0814, 0.0, 49.3389, 46.1621, 46.6665, 76.0518, 89.3694, 50.2411, 69.7999, 45.6538, 47.9378, 70.6529], [39.5995, 33.864, 37.6829, 42.7688, 26.708, 64.3685, 49.2619, 21.5627, 21.4208, 18.2393, 49.9413, 75.1221, 55.8624, 59.7964, 45.9869, 46.6318, 47.728, 49.0296, 45.6382, 49.3389, 0.0, 11.6004, 28.8658, 41.9992, 57.9925, 2.246, 33.9818, 21.3831, 4.0429, 35.1031], [50.2269, 24.7739, 28.0118, 53.5295, 19.6737, 75.5822, 60.2204, 29.665, 29.4617, 23.5305, 46.4264, 84.6359, 63.2797, 67.8824, 45.9196, 50.3692, 45.6557, 46.0394, 47.6294, 46.1621, 11.6004, 0.0, 17.2654, 53.5995, 69.5929, 13.8464, 45.5822, 9.7827, 7.5574, 46.7035], [66.6478, 17.8549, 18.3695, 70.0433, 19.9961, 92.449, 76.8802, 44.6783, 44.4446, 37.162, 46.3645, 99.618, 76.2757, 81.5046, 50.9684, 59.7914, 47.9041, 46.8498, 55.1666, 46.6665, 28.8658, 17.2654, 0.0, 70.865, 86.8583, 31.1118, 62.8476, 7.4827, 24.8229, 63.9689], [19.054, 72.9913, 77.2746, 18.1279, 64.387, 26.6937, 18.2784, 34.8333, 35.0526, 42.2329, 77.2761, 48.9048, 46.6075, 45.7042, 66.2445, 55.7954, 72.3168, 75.3941, 60.5112, 76.0518, 41.9992, 53.5995, 70.865, 0.0, 15.9933, 39.7531, 8.0174, 63.3822, 46.0421, 6.896], [28.8385, 88.5851, 92.9087, 26.1668, 79.8763, 18.2651, 21.5573, 49.2529, 49.4907, 57.1283, 90.6824, 45.6173, 52.3319, 49.4997, 78.6231, 66.3177, 85.3302, 88.6619, 72.0437, 89.3694, 57.9925, 69.5929, 86.8583, 15.9933, 0.0, 55.7465, 24.0107, 79.3755, 62.0354, 22.8894], [37.6083, 35.7921, 39.675, 40.7386, 28.4181, 62.2137, 47.1756, 20.3884, 20.2665, 17.9159, 50.9, 73.3496, 54.5949, 58.3679, 46.3367, 46.2108, 48.4409, 49.9004, 45.585, 50.2411, 2.246, 13.8464, 31.1118, 39.7531, 55.7465, 0.0, 31.7357, 23.6291, 6.289, 32.8571], [17.9067, 65.2469, 69.4989, 18.51, 56.7276, 33.091, 21.4739, 28.2497, 28.4479, 35.1312, 70.96, 52.3446, 45.6163, 45.8284, 60.6785, 51.5898, 66.2857, 69.1782, 55.5678, 69.7999, 33.9818, 45.5822, 62.8476, 8.0174, 24.0107, 31.7357, 0.0, 55.3648, 38.0247, 1.1214], [59.4723, 19.3242, 21.4024, 62.8367, 17.9193, 85.1194, 69.6237, 37.937, 37.7122, 30.81, 45.5956, 93.0277, 70.4184, 75.4179, 48.0892, 55.2446, 46.1566, 45.7064, 51.326, 45.6538, 21.3831, 9.7827, 7.4827, 63.3822, 79.3755, 23.6291, 55.3648, 0.0, 17.3401, 56.4862], [43.2466, 30.5032, 34.1763, 46.4732, 23.8549, 68.262, 53.0502, 24.0635, 23.8933, 19.4716, 48.4306, 78.3741, 58.2928, 62.489, 45.6299, 47.6479, 46.69, 47.6894, 46.0111, 47.9378, 4.0429, 7.5574, 24.8229, 46.0421, 62.0354, 6.289, 38.0247, 17.3401, 0.0, 39.1461], [17.8563, 66.3262, 70.5832, 18.2464, 57.793, 32.1526, 20.8717, 29.1274, 29.3293, 36.1014, 71.823, 51.8026, 45.6717, 45.7266, 61.4244, 52.1243, 67.1042, 70.0256, 56.2166, 70.6529, 35.1031, 46.7035, 63.9689, 6.896, 22.8894, 32.8571, 1.1214, 56.4862, 39.1461, 0.0]]
[[0.0, 41.6538, 75.6476, 75.0388, 40.9823, 12.2078, 6.3558, 76.8995, 29.777, 85.4245, 90.1684, 89.8405, 93.452, 113.301, 96.6209, 89.831, 122.5643, 108.4517, 123.721, 89.5256, 52.138, 77.3063, 57.0695, 42.1174, 81.7401, 46.2115, 38.9937, 87.1613, 48.8631, 38.65], [41.6538, 0.0, 33.9937, 33.385, 0.6715, 53.8617, 48.0096, 35.2456, 11.8768, 43.7706, 94.6402, 102.2318, 90.7194, 93.7282, 89.661, 102.1778, 98.9027, 91.6243, 99.6309, 99.5227, 38.5351, 45.8886, 38.0717, 44.7957, 48.8896, 41.0768, 50.4936, 52.9135, 39.6228, 61.5508], [75.6476, 33.9937, 0.0, 0.6088, 34.6653, 87.8554, 82.0034, 1.2519, 45.8706, 9.7769, 110.4661, 122.3325, 101.9354, 89.7194, 97.7371, 122.2562, 89.8704, 90.6584, 90.0375, 118.4006, 55.226, 38.9692, 50.4571, 69.052, 38.2054, 62.3945, 77.2074, 38.162, 58.9427, 90.7344], [75.0388, 33.385, 0.6088, 0.0, 34.0565, 87.2467, 81.3946, 1.8606, 45.2618, 10.3857, 110.1104, 121.9183, 101.6455, 89.6795, 97.4942, 121.8423, 89.9272, 90.5637, 90.1056, 118.0029, 54.7865, 38.8431, 50.0596, 68.5449, 38.1575, 61.9132, 76.6784, 38.2109, 58.4792, 90.1822], [40.9823, 0.6715, 34.6653, 34.0565, 0.0, 53.1902, 47.3381, 35.9171, 11.2053, 44.4422, 94.4241, 101.9091, 90.6123, 93.9297, 89.6241, 101.8556, 99.1902, 91.7702, 99.9276, 99.2309, 38.4359, 46.2671, 38.093, 44.4453, 49.3139, 40.829, 50.0549, 53.3822, 39.4415, 61.0245], [12.2078, 53.8617, 87.8554, 87.2467, 53.1902, 0.0, 5.8521, 89.1073, 41.9849, 97.6323, 92.4428, 89.6176, 97.6642, 121.1704, 101.8485, 89.6233, 131.2073, 115.7844, 132.4438, 90.1026, 61.1342, 88.1371, 66.6648, 48.6126, 92.7181, 54.0777, 43.3179, 98.2883, 57.3129, 38.4557], [6.3558, 48.0096, 82.0034, 81.3946, 47.3381, 5.8521, 0.0, 83.2552, 36.1328, 91.7803, 91.1558, 89.5171, 95.4736, 117.3054, 99.1896, 89.5154, 126.9911, 112.1634, 128.1914, 89.6192, 56.672, 82.8974, 61.9504, 45.2051, 87.4149, 50.0903, 40.8488, 92.9205, 53.0801, 38.0635], [76.8995, 35.2456, 1.2519, 1.8606, 35.9171, 89.1073, 83.2552, 0.0, 47.1224, 8.525, 111.2044, 123.1892, 102.5404, 89.8143, 98.2466, 123.1124, 89.7665, 90.8658, 89.9104, 119.2238, 56.1397, 39.2568, 51.2877, 70.0999, 38.3342, 63.391, 78.299, 38.0918, 59.904, 91.8723], [29.777, 11.8768, 45.8706, 45.2618, 11.2053, 41.9849, 36.1328, 47.1224, 0.0, 55.6474, 91.4739, 97.0519, 89.5536, 97.9118, 89.7503, 97.0087, 104.5096, 94.8753, 105.3889, 94.9328, 38.5095, 53.4388, 40.1393, 39.8325, 57.0974, 38.2288, 43.6179, 61.7578, 38.0716, 52.7311], [85.4245, 43.7706, 9.7769, 10.3857, 44.4422, 97.6323, 91.7803, 8.525, 55.6474, 0.0, 116.4657, 129.1952, 106.9591, 90.9176, 102.0577, 129.1145, 89.5224, 92.716, 89.5063, 125.0193, 62.6733, 42.1623, 57.3517, 77.3974, 40.2488, 70.3947, 85.8491, 38.7024, 66.7074, 99.6939], [90.1684, 94.6402, 110.4661, 110.1104, 94.4241, 92.4428, 91.1558, 111.2044, 91.4739, 116.4657, 0.0, 18.649, 15.9612, 58.5608, 25.4831, 18.5371, 72.8227, 50.3336, 74.507, 12.7661, 57.078, 76.3235, 60.3833, 51.9357, 80.1267, 53.6716, 51.502, 84.8731, 55.0999, 54.3798], [89.8405, 102.2318, 122.3325, 121.9183, 101.9091, 89.6176, 89.5171, 123.1892, 97.0519, 129.1952, 18.649, 0.0, 34.6102, 77.2098, 44.1321, 0.1119, 91.4717, 68.9826, 93.156, 5.8829, 67.2897, 90.9722, 71.9246, 57.5403, 95.1805, 61.6367, 53.9398, 100.3445, 64.186, 51.4547], [93.452, 90.7194, 101.9354, 101.6455, 90.6123, 97.6642, 95.4736, 102.5404, 89.5536, 106.9591, 15.9612, 34.6102, 0.0, 42.5996, 9.5219, 34.4983, 56.8615, 34.3724, 58.5458, 28.7272, 52.1858, 65.4236, 53.7739, 52.1977, 68.6588, 51.4488, 54.634, 72.8237, 51.5827, 61.4373], [113.301, 93.7282, 89.7194, 89.6795, 93.9297, 121.1704, 117.3054, 89.8143, 97.9118, 90.9176, 58.5608, 77.2098, 42.5996, 0.0, 33.0777, 77.0979, 14.2619, 8.2272, 15.9462, 71.3268, 61.574, 51.4907, 58.0736, 72.7468, 51.5245, 67.2162, 79.792, 52.2163, 64.4516, 91.9279], [96.6209, 89.661, 97.7371, 97.4942, 89.6241, 101.8485, 99.1896, 98.2466, 89.7503, 102.0577, 25.4831, 44.1321, 9.5219, 33.0777, 0.0, 44.0202, 47.3396, 24.8505, 49.0239, 38.2492, 51.4501, 60.0098, 51.8089, 54.6217, 62.7597, 52.4427, 58.5307, 66.4257, 51.7647, 67.1178], [89.831, 102.1778, 122.2562, 121.8423, 101.8556, 89.6233, 89.5154, 123.1124, 97.0087, 129.1145, 18.5371, 0.1119, 34.4983, 77.0979, 44.0202, 0.0, 91.3598, 68.8707, 93.044, 5.771, 67.2176, 90.8799, 71.8465, 57.4902, 95.0864, 61.5752, 53.9063, 100.2485, 64.1192, 51.4526], [122.5643, 98.9027, 89.8704, 89.9272, 99.1902, 131.2073, 126.9911, 89.7665, 104.5096, 89.5224, 72.8227, 91.4717, 56.8615, 14.2619, 47.3396, 91.3598, 0.0, 22.4891, 1.6843, 85.5888, 70.4263, 54.0083, 65.9128, 83.4423, 52.6907, 77.1711, 91.1588, 51.7187, 73.9248, 104.054], [108.4517, 91.6243, 90.6584, 90.5637, 91.7702, 115.7844, 112.1634, 90.8658, 94.8753, 92.716, 50.3336, 68.9826, 34.3724, 8.2272, 24.8505, 68.8707, 22.4891, 0.0, 24.1734, 63.0997, 57.4657, 51.7987, 54.7437, 67.1822, 52.6278, 62.2405, 73.6942, 54.2346, 59.8568, 85.2341], [123.721, 99.6309, 90.0375, 90.1056, 99.9276, 132.4438, 128.1914, 89.9104, 105.3889, 89.5063, 74.507, 93.156, 58.5458, 15.9462, 49.0239, 93.044, 1.6843, 24.1734, 0.0, 87.273, 71.5871, 54.5446, 66.9786, 84.7747, 53.0804, 78.4346, 92.5541, 51.9189, 75.1435, 105.5213], [89.5256, 99.5227, 118.4006, 118.0029, 99.2309, 90.1026, 89.6192, 119.2238, 94.9328, 125.0193, 12.7661, 5.8829, 28.7272, 71.3268, 38.2492, 5.771, 85.5888, 63.0997, 87.273, 0.0, 63.6567, 86.1845, 67.9437, 55.1564, 90.2869, 58.6025, 52.4721, 95.3413, 60.851, 51.6734], [52.138, 38.5351, 55.226, 54.7865, 38.4359, 61.1342, 56.672, 56.1397, 38.5095, 62.6733, 57.078, 67.2897, 52.1858, 61.574, 51.4501, 67.2176, 70.4263, 57.4657, 71.5871, 63.6567, 0.0, 31.6547, 6.8908, 17.5998, 36.7052, 9.4255, 27.1585, 42.7792, 4.991, 42.3502], [77.3063, 45.8886, 38.9692, 38.8431, 46.2671, 88.1371, 82.8974, 39.2568, 53.4388, 42.1623, 76.3235, 90.9722, 65.4236, 51.4907, 60.0098, 90.8799, 54.0083, 51.7987, 54.5446, 86.1845, 31.6547, 0.0, 24.7639, 49.2544, 5.0506, 41.0802, 58.8131, 11.1245, 36.6456, 74.0048], [57.0695, 38.0717, 50.4571, 50.0596, 38.093, 66.6648, 61.9504, 51.2877, 40.1393, 57.3517, 60.3833, 71.9246, 53.7739, 58.0736, 51.8089, 71.8465, 65.9128, 54.7437, 66.9786, 67.9437, 6.8908, 24.7639, 0.0, 24.4905, 29.8145, 16.3162, 34.0492, 35.8884, 11.8817, 49.2409], [42.1174, 44.7957, 69.052, 68.5449, 44.4453, 48.6126, 45.2051, 70.0999, 39.8325, 77.3974, 51.9357, 57.5403, 52.1977, 72.7468, 54.6217, 57.4902, 83.4423, 67.1822, 84.7747, 55.1564, 17.5998, 49.2544, 24.4905, 0.0, 54.305, 8.1743, 9.5587, 60.379, 12.6088, 24.7504], [81.7401, 48.8896, 38.2054, 38.1575, 49.3139, 92.7181, 87.4149, 38.3342, 57.0974, 40.2488, 80.1267, 95.1805, 68.6588, 51.5245, 62.7597, 95.0864, 52.6907, 52.6278, 53.0804, 90.2869, 36.7052, 5.0506, 29.8145, 54.305, 0.0, 46.1307, 63.8637, 6.074, 41.6962, 79.0554], [46.2115, 41.0768, 62.3945, 61.9132, 40.829, 54.0777, 50.0903, 63.391, 38.2288, 70.3947, 53.6716, 61.6367, 51.4488, 67.2162, 52.4427, 61.5752, 77.1711, 62.2405, 78.4346, 58.6025, 9.4255, 41.0802, 16.3162, 8.1743, 46.1307, 0.0, 17.733, 52.2047, 4.4345, 32.9247], [38.9937, 50.4936, 77.2074, 76.6784, 50.0549, 43.3179, 40.8488, 78.299, 43.6179, 85.8491, 51.502, 53.9398, 54.634, 79.792, 58.5307, 53.9063, 91.1588, 73.6942, 92.5541, 52.4721, 27.1585, 58.8131, 34.0492, 9.5587, 63.8637, 17.733, 0.0, 69.9376, 22.1675, 15.1917], [87.1613, 52.9135, 38.162, 38.2109, 53.3822, 98.2883, 92.9205, 38.0918, 61.7578, 38.7024, 84.8731, 100.3445, 72.8237, 52.2163, 66.4257, 100.2485, 51.7187, 54.2346, 51.9189, 95.3413, 42.7792, 11.1245, 35.8884, 60.379, 6.074, 52.2047, 69.9376, 0.0, 47.7701, 85.1294], [48.8631, 39.6228, 58.9427, 58.4792, 39.4415, 57.3129, 53.0801, 59.904, 38.0716, 66.7074, 55.0999, 64.186, 51.5827, 64.4516, 51.7647, 64.1192, 73.9248, 59.8568, 75.1435, 60.851, 4.991, 36.6456, 11.8817, 12.6088, 41.6962, 4.4345, 22.1675, 47.7701, 0.0, 37.3592], [38.65, 61.5508, 90.7344, 90.1822, 61.0245, 38.4557, 38.0635, 91.8723, 52.7311, 99.6939, 54.3798, 51.4547, 61.4373, 91.9279, 67.1178, 51.4526, 104.054, 85.2341, 105.5213, 51.6734, 42.3502, 74.0048, 49.2409, 24.7504, 79.0554, 32.9247, 15.1917, 85.1294, 37.3592, 0.0]]
[[0.0, 67.4146, 29.6613, 10.5604, 7.421, 8.2184, 0.0642, 24.0652, 66.9822, 0.4283, 74.1855, 71.4883, 69.2275, 69.4903, 69.2904, 75.9261, 75.6365, 96.079, 90.1082, 74.2682, 12.9108, 38.1887, 10.6026, 66.6412, 56.9758, 32.9416, 2.0709, 60.0936, 1.6346, 53.346], [67.4146, 0.0, 97.0759, 77.975, 59.9936, 75.633, 67.3505, 91.4799, 0.4325, 67.8429, 117.0758, 84.5985, 100.0727, 91.1848, 100.6557, 77.7883, 78.1145, 69.0476, 69.6976, 117.2577, 80.2413, 29.3037, 56.9569, 1.7907, 10.5839, 34.5495, 68.7412, 7.516, 67.7398, 14.1839], [29.6613, 97.0759, 0.0, 19.1008, 37.0823, 21.4429, 29.7254, 5.596, 96.6434, 29.2329, 69.0912, 84.1999, 73.309, 78.5787, 73.043, 92.2943, 91.8295, 118.6359, 111.5078, 69.0833, 16.927, 67.8352, 40.1737, 96.2965, 86.6293, 62.5843, 28.3989, 89.7478, 29.399, 82.9986], [10.5604, 77.975, 19.1008, 0.0, 17.9814, 2.3421, 10.6246, 13.5048, 77.5426, 10.1321, 71.0064, 74.9231, 69.2666, 71.4584, 69.207, 80.8912, 80.5274, 103.7007, 97.2311, 71.0593, 2.7643, 48.7419, 21.1019, 77.199, 67.5327, 43.4925, 9.3909, 70.6508, 10.3792, 63.9024], [7.421, 59.9936, 37.0823, 17.9814, 0.0, 15.6394, 7.3568, 31.4863, 59.5611, 7.8493, 77.2094, 69.933, 70.1576, 69.0463, 70.3045, 73.151, 72.922, 91.0747, 85.5291, 77.3105, 20.2952, 30.7759, 3.4551, 59.2226, 49.5582, 25.532, 8.8753, 52.6756, 7.8923, 45.9289], [8.2184, 75.633, 21.4429, 2.3421, 15.6394, 0.0, 8.2825, 15.8469, 75.2005, 7.79, 71.5893, 74.0452, 69.1188, 70.891, 69.0864, 79.6961, 79.3475, 101.9652, 95.5965, 71.6491, 4.8649, 46.4011, 18.7675, 74.8575, 65.1913, 41.1521, 7.0947, 68.3094, 8.0735, 61.5612], [0.0642, 67.3505, 29.7254, 10.6246, 7.3568, 8.2825, 0.0, 24.1294, 66.918, 0.4925, 74.209, 71.4717, 69.2322, 69.483, 69.2959, 75.8995, 75.6104, 96.0344, 90.067, 74.2918, 12.9745, 38.1246, 10.5392, 66.5771, 56.9117, 32.8775, 2.112, 60.0294, 1.6478, 53.2819], [24.0652, 91.4799, 5.596, 13.5048, 31.4863, 15.8469, 24.1294, 0.0, 91.0474, 23.6369, 69.1132, 81.1269, 71.6225, 76.0661, 71.4132, 88.6797, 88.2404, 114.1317, 107.1696, 69.1235, 11.3686, 62.2409, 34.5829, 90.7014, 81.0344, 56.9903, 22.814, 84.1527, 23.8133, 77.4038], [66.9822, 0.4325, 96.6434, 77.5426, 59.5611, 75.2005, 66.918, 91.0474, 0.0, 67.4105, 116.7269, 84.3493, 99.7601, 90.9029, 100.3414, 77.5901, 77.9131, 69.0452, 69.6399, 116.9085, 79.8089, 28.8719, 56.5246, 1.6456, 10.1567, 34.1175, 68.3088, 7.0941, 67.3075, 13.7543], [0.4283, 67.8429, 29.2329, 10.1321, 7.8493, 7.79, 0.4925, 23.6369, 67.4105, 0.0, 74.0299, 71.6005, 69.1978, 69.54, 69.2557, 76.1053, 75.8124, 96.3773, 90.384, 74.1115, 12.486, 38.6167, 11.0262, 67.0694, 57.404, 33.3694, 1.8308, 60.5218, 1.6103, 53.7742], [74.1855, 117.0758, 69.0912, 71.0064, 77.2094, 71.5893, 74.209, 69.1132, 116.7269, 74.0299, 0.0, 45.6647, 22.1107, 34.9887, 21.3074, 58.7189, 58.0162, 93.9474, 85.0334, 0.2252, 72.0881, 96.1989, 80.04, 117.3958, 109.8283, 92.7144, 75.2232, 112.2342, 75.573, 107.0736], [71.4883, 84.5985, 84.1999, 74.9231, 69.933, 74.0452, 71.4717, 81.1269, 84.3493, 71.6005, 45.6647, 0.0, 23.554, 10.676, 24.3572, 13.0542, 12.3515, 48.2828, 39.3687, 45.8898, 77.2901, 73.3256, 71.1078, 85.4654, 80.4229, 72.0977, 73.383, 81.9588, 73.1186, 78.7526], [69.2275, 100.0727, 73.309, 69.2666, 70.1576, 69.1188, 69.2322, 71.6225, 99.7601, 69.1978, 22.1107, 23.554, 0.0, 12.878, 0.8033, 36.6082, 35.9055, 71.8368, 62.9227, 22.3358, 71.0785, 82.8005, 72.3318, 100.6212, 93.9823, 80.1868, 70.7483, 96.0677, 70.808, 91.6283], [69.4903, 91.1848, 78.5787, 71.4584, 69.0463, 70.891, 69.483, 76.0661, 90.9029, 69.54, 34.9887, 10.676, 12.878, 0.0, 13.6812, 23.7302, 23.0275, 58.9588, 50.0447, 35.2138, 73.6108, 76.8743, 70.6995, 91.8976, 86.0362, 74.9595, 71.2422, 87.8535, 71.1204, 84.0168], [69.2904, 100.6557, 73.043, 69.207, 70.3045, 69.0864, 69.2959, 71.4132, 100.3414, 69.2557, 21.3074, 24.3572, 0.8033, 13.6812, 0.0, 37.4114, 36.7088, 72.64, 63.726, 21.5326, 70.995, 83.2222, 72.5083, 101.1947, 94.5139, 80.5698, 70.7951, 96.6138, 70.866, 92.1418], [75.9261, 77.7883, 92.2943, 80.8912, 73.151, 79.6961, 75.8995, 88.6797, 77.5901, 76.1053, 58.7189, 13.0542, 36.6082, 23.7302, 37.4114, 0.0, 0.7027, 35.2286, 26.3145, 58.944, 83.4412, 70.9555, 73.7353, 78.8616, 75.0673, 70.663, 77.9321, 76.1779, 77.5146, 73.9191], [75.6365, 78.1145, 91.8295, 80.5274, 72.922, 79.3475, 75.6104, 88.2404, 77.9131, 75.8124, 58.0162, 12.3515, 35.9055, 23.0275, 36.7088, 0.7027, 0.0, 35.9313, 27.0172, 58.2413, 83.0694, 71.0241, 73.5373, 79.1763, 75.3076, 70.6796, 77.6381, 76.4434, 77.2282, 74.1288], [96.079, 69.0476, 118.6359, 103.7007, 91.0747, 101.9652, 96.0344, 114.1317, 69.0452, 96.3773, 93.9474, 48.2828, 71.8368, 58.9588, 72.64, 35.2286, 35.9313, 0.0, 8.9141, 94.1726, 106.4491, 76.2417, 90.3597, 70.6509, 71.3353, 78.3673, 98.1425, 70.9715, 97.4499, 71.9272], [90.1082, 69.6976, 111.5078, 97.2311, 85.5291, 95.5965, 90.067, 107.1696, 69.6399, 90.384, 85.0334, 39.3687, 62.9227, 50.0447, 63.726, 26.3145, 27.0172, 8.9141, 0.0, 85.2585, 99.9567, 73.3576, 85.0884, 71.1871, 70.657, 74.9422, 92.1789, 70.6841, 91.5387, 70.7988], [74.2682, 117.2577, 69.0833, 71.0593, 77.3105, 71.6491, 74.2918, 69.1235, 116.9085, 74.1115, 0.2252, 45.8898, 22.3358, 35.2138, 21.5326, 58.944, 58.2413, 94.1726, 85.2585, 0.0, 72.1332, 96.3519, 80.146, 117.5757, 110.0008, 92.8603, 75.3008, 112.4092, 75.6532, 107.2428], [12.9108, 80.2413, 16.927, 2.7643, 20.2952, 4.8649, 12.9745, 11.3686, 79.8089, 12.486, 72.0881, 77.2901, 71.0785, 73.6108, 70.995, 83.4412, 83.0694, 106.4491, 99.9567, 72.1332, 0.0, 50.9656, 23.2909, 79.4325, 69.7638, 45.7131, 11.5028, 72.8827, 12.5044, 66.1325], [38.1887, 29.3037, 67.8352, 48.7419, 30.7759, 46.4011, 38.1246, 62.2409, 28.8719, 38.6167, 96.1989, 73.3256, 82.8005, 76.8743, 83.2222, 70.9555, 71.0241, 76.2417, 73.3576, 96.3519, 50.9656, 0.0, 27.6746, 28.4669, 18.7982, 5.2525, 39.4628, 21.9172, 38.4612, 15.1669], [10.6026, 56.9569, 40.1737, 21.1019, 3.4551, 18.7675, 10.5392, 34.5829, 56.5246, 11.0262, 80.04, 71.1078, 72.3318, 70.6995, 72.5083, 73.7353, 73.5373, 90.3597, 85.0884, 80.146, 23.2909, 27.6746, 0.0, 56.1416, 46.4729, 22.4221, 11.7881, 49.5918, 10.7865, 42.8415], [66.6412, 1.7907, 96.2965, 77.199, 59.2226, 74.8575, 66.5771, 90.7014, 1.6456, 67.0694, 117.3958, 85.4654, 100.6212, 91.8976, 101.1947, 78.8616, 79.1763, 70.6509, 71.1871, 117.5757, 79.4325, 28.4669, 56.1416, 0.0, 9.6687, 33.7195, 67.9297, 6.5498, 66.9281, 13.3], [56.9758, 10.5839, 86.6293, 67.5327, 49.5582, 65.1913, 56.9117, 81.0344, 10.1567, 57.404, 109.8283, 80.4229, 93.9823, 86.0362, 94.5139, 75.0673, 75.3076, 71.3353, 70.657, 110.0008, 69.7638, 18.7982, 46.4729, 9.6687, 0.0, 24.0508, 58.261, 3.1189, 57.2594, 3.6314], [32.9416, 34.5495, 62.5843, 43.4925, 25.532, 41.1521, 32.8775, 56.9903, 34.1175, 33.3694, 92.7144, 72.0977, 80.1868, 74.9595, 80.5698, 70.663, 70.6796, 78.3673, 74.9422, 92.8603, 45.7131, 5.2525, 22.4221, 33.7195, 24.0508, 0.0, 34.2102, 27.1697, 33.2086, 20.4194], [2.0709, 68.7412, 28.3989, 9.3909, 8.8753, 7.0947, 2.112, 22.814, 68.3088, 1.8308, 75.2232, 73.383, 70.7483, 71.2422, 70.7951, 77.9321, 77.6381, 98.1425, 92.1789, 75.3008, 11.5028, 39.4628, 11.7881, 67.9297, 58.261, 34.2102, 0.0, 61.3799, 1.0016, 54.6296], [60.0936, 7.516, 89.7478, 70.6508, 52.6756, 68.3094, 60.0294, 84.1527, 7.0941, 60.5218, 112.2342, 81.9588, 96.0677, 87.8535, 96.6138, 76.1779, 76.4434, 70.9715, 70.6841, 112.4092, 72.8827, 21.9172, 49.5918, 6.5498, 3.1189, 27.1697, 61.3799, 0.0, 60.3783, 6.7503], [1.6346, 67.7398, 29.399, 10.3792, 7.8923, 8.0735, 1.6478, 23.8133, 67.3075, 1.6103, 75.573, 73.1186, 70.808, 71.1204, 70.866, 77.5146, 77.2282, 97.4499, 91.5387, 75.6532, 12.5044, 38.4612, 10.7865, 66.9281, 57.2594, 33.2086, 1.0016, 60.3783, 0.0, 53.628], [53.346, 14.1839, 82.9986, 63.9024, 45.9289, 61.5612, 53.2819, 77.4038, 13.7543, 53.7742, 107.0736, 78.7526, 91.6283, 84.0168, 92.1418, 73.9191, 74.1288, 71.9272, 70.7988, 107.2428, 66.1325, 15.1669, 42.8415, 13.3, 3.6314, 20.4194, 54.6296, 6.7503, 53.628, 0.0]]
[[0.0, 29.8708, 77.4715, 44.696, 52.3532, 20.8809, 1.5391, 54.8356, 77.2417, 8.5603, 47.257, 45.9502, 46.6966, 54.1119, 54.0176, 59.6454, 75.9216, 60.0862, 45.5697, 51.3873, 32.2215, 69.5862, 40.9871, 82.8649, 53.2786, 30.2177, 30.9416, 40.6452, 36.526, 36.4489], [29.8708, 0.0, 47.6007, 14.8252, 22.4823, 8.9899, 31.4099, 24.9647, 47.3708, 21.3105, 62.2546, 51.4385, 60.7048, 45.5632, 45.5661, 46.3677, 55.0277, 46.4989, 55.0433, 45.9647, 52.7293, 44.1938, 28.9226, 55.8521, 32.5162, 35.7806, 50.0826, 28.9403, 29.8802, 29.9123], [77.4715, 47.6007, 0.0, 32.7755, 25.1183, 56.5906, 79.0106, 22.6359, 0.2298, 68.9112, 100.899, 84.7665, 98.8446, 66.3766, 66.5041, 59.9547, 48.5358, 59.5152, 90.7545, 70.4217, 96.1472, 32.1992, 56.393, 28.9116, 43.6623, 74.5185, 93.0987, 56.8094, 62.2675, 62.3795], [44.696, 14.8252, 32.7755, 0.0, 7.6572, 23.8151, 46.2351, 10.1396, 32.5457, 36.1357, 73.167, 59.7814, 71.375, 48.122, 48.1787, 45.9781, 48.2986, 45.8914, 64.5403, 50.1336, 65.6327, 34.3775, 32.8716, 43.8445, 28.9111, 46.0988, 62.7742, 33.1048, 36.557, 36.6345], [52.3532, 22.4823, 25.1183, 7.6572, 0.0, 31.4723, 53.8923, 2.4824, 24.8885, 43.7928, 79.3021, 65.0018, 77.4238, 51.1048, 51.1844, 47.6188, 46.3226, 47.4255, 70.1725, 53.7815, 72.5854, 30.9127, 37.1313, 38.4211, 29.8935, 52.2839, 69.6603, 37.4371, 41.6855, 41.7766], [20.8809, 8.9899, 56.5906, 23.8151, 31.4723, 0.0, 22.42, 33.9547, 56.3608, 12.3206, 56.5121, 47.9305, 55.1775, 46.3113, 46.2802, 48.8455, 60.5291, 49.0947, 50.5488, 45.6499, 45.4791, 51.3312, 30.0439, 63.714, 37.4925, 31.3375, 43.0557, 29.9158, 28.947, 28.941], [1.5391, 31.4099, 79.0106, 46.2351, 53.8923, 22.42, 0.0, 56.3747, 78.7808, 10.0994, 46.8715, 46.176, 46.3832, 54.9577, 54.8599, 60.6502, 77.1584, 61.1009, 45.5612, 52.1171, 31.5722, 70.9891, 42.092, 84.309, 54.5778, 30.7008, 30.4273, 41.7414, 37.4864, 37.4061], [54.8356, 24.9647, 22.6359, 10.1396, 2.4824, 33.9547, 56.3747, 0.0, 22.4061, 46.2752, 81.3465, 66.7951, 79.4444, 52.2764, 52.3625, 48.3994, 45.9384, 48.1743, 72.0786, 55.1409, 74.8689, 30.1236, 38.7373, 36.8335, 30.619, 54.3696, 71.9262, 39.0612, 43.5079, 43.6024], [77.2417, 47.3708, 0.2298, 32.5457, 24.8885, 56.3608, 78.7808, 22.4061, 0.0, 68.6813, 100.694, 84.5728, 98.6406, 66.2096, 66.3368, 59.8056, 48.457, 59.3676, 90.5558, 70.2466, 95.928, 32.0987, 56.1958, 28.914, 43.4904, 74.3068, 92.8802, 56.6116, 62.0641, 62.1759], [8.5603, 21.3105, 68.9112, 36.1357, 43.7928, 12.3206, 10.0994, 46.2752, 68.6813, 0.0, 50.2143, 45.6308, 49.288, 50.0148, 49.9428, 54.5138, 69.2646, 54.89, 46.5545, 48.0307, 36.8112, 61.902, 35.4374, 74.9021, 46.3217, 28.912, 34.92, 35.1596, 32.0195, 31.9654], [47.257, 62.2546, 100.899, 73.167, 79.3021, 56.5121, 46.8715, 81.3465, 100.694, 50.2143, 0.0, 18.5451, 2.3086, 41.7549, 41.5797, 51.0535, 73.2899, 51.7331, 11.5372, 36.3283, 16.7307, 77.6579, 44.8163, 91.7375, 59.6777, 27.0703, 16.7176, 44.3671, 38.6482, 38.5342], [45.9502, 51.4385, 84.7665, 59.7814, 65.0018, 47.9305, 46.176, 66.7951, 84.5728, 45.6308, 18.5451, 0.0, 16.2365, 23.2098, 23.0346, 32.5084, 54.7448, 33.188, 7.008, 17.7832, 26.187, 59.6764, 28.4448, 73.5773, 42.1871, 16.8813, 23.8027, 28.0536, 23.3223, 23.234], [46.6966, 60.7048, 98.8446, 71.375, 77.4238, 55.1775, 46.3832, 79.4444, 98.6406, 49.288, 2.3086, 16.2365, 0.0, 39.4463, 39.2711, 48.7449, 70.9812, 49.4244, 9.2285, 34.0197, 17.1159, 75.4045, 42.6815, 89.4682, 57.4643, 25.2897, 16.6653, 42.236, 36.5782, 36.4658], [54.1119, 45.5632, 66.3766, 48.122, 51.1048, 46.3113, 54.9577, 52.2764, 66.2096, 50.0148, 41.7549, 23.2098, 39.4463, 0.0, 0.1752, 9.2986, 31.5349, 9.9782, 30.2178, 5.4266, 46.506, 37.9445, 16.6479, 51.2392, 22.7827, 26.337, 43.5316, 16.6591, 18.0113, 18.0599], [54.0176, 45.5661, 66.5041, 48.1787, 51.1844, 46.2802, 54.8599, 52.3625, 66.3368, 49.9428, 41.5797, 23.0346, 39.2711, 0.1752, 0.0, 9.4738, 31.7101, 10.1533, 30.0426, 5.2514, 46.3425, 38.102, 16.6472, 51.4049, 22.9027, 26.2015, 43.3698, 16.6534, 17.9451, 17.9927], [59.6454, 46.3677, 59.9547, 45.9781, 47.6188, 48.8455, 60.6502, 48.3994, 59.8056, 54.5138, 51.0535, 32.5084, 48.7449, 9.2986, 9.4738, 0.0, 22.2364, 0.6796, 39.5163, 14.7252, 55.2887, 29.8685, 19.1393, 42.5524, 17.7836, 34.0535, 52.2445, 19.3828, 23.2108, 23.299], [75.9216, 55.0277, 48.5358, 48.2986, 46.3226, 60.5291, 77.1584, 45.9384, 48.457, 69.2646, 73.2899, 54.7448, 70.9812, 31.5349, 31.7101, 22.2364, 0.0, 21.5568, 61.7527, 36.9616, 76.7857, 16.8433, 35.7877, 23.7397, 23.0765, 54.5459, 73.6634, 36.2171, 41.863, 41.979], [60.0862, 46.4989, 59.5152, 45.8914, 47.4255, 49.0947, 61.1009, 48.1743, 59.3676, 54.89, 51.7331, 33.188, 49.4244, 9.9782, 10.1533, 0.6796, 21.5568, 0.0, 40.1959, 15.4048, 55.9372, 29.3067, 19.4836, 41.9279, 17.5561, 34.6479, 52.8891, 19.7396, 23.6893, 23.7794], [45.5697, 55.0433, 90.7545, 64.5403, 70.1725, 50.5488, 45.5612, 72.0786, 90.5558, 46.5545, 11.5372, 7.008, 9.2285, 30.2178, 30.0426, 39.5163, 61.7527, 40.1959, 0.0, 24.7911, 21.2496, 66.435, 34.3728, 80.4192, 48.7049, 19.3223, 19.4224, 33.95, 28.6702, 28.5674], [51.3873, 45.9647, 70.4217, 50.1336, 53.7815, 45.6499, 52.1171, 55.1409, 70.2466, 48.0307, 36.3283, 17.7832, 34.0197, 5.4266, 5.2514, 14.7252, 36.9616, 15.4048, 24.7911, 0.0, 41.4845, 42.8871, 17.4649, 56.399, 26.7826, 22.3961, 38.5733, 17.3246, 16.7102, 16.7216], [32.2215, 52.7293, 96.1472, 65.6327, 72.5854, 45.4791, 31.5722, 74.8689, 95.928, 36.8112, 16.7307, 26.187, 17.1159, 46.506, 46.3425, 55.2887, 76.7857, 55.9372, 21.2496, 41.4845, 0.0, 77.5221, 43.2793, 91.8839, 58.9783, 23.0159, 3.2017, 42.795, 36.5487, 36.4223], [69.5862, 44.1938, 32.1992, 34.3775, 30.9127, 51.3312, 70.9891, 30.1236, 32.0987, 61.902, 77.6579, 59.6764, 75.4045, 37.9445, 38.102, 29.8685, 16.8433, 29.3067, 66.435, 42.8871, 77.5221, 0.0, 34.2428, 14.3618, 18.5439, 54.5062, 74.3204, 34.7271, 40.9735, 41.0998], [40.9871, 28.9226, 56.393, 32.8716, 37.1313, 30.0439, 42.092, 38.7373, 56.1958, 35.4374, 44.8163, 28.4448, 42.6815, 16.6479, 16.6472, 19.1393, 35.7877, 19.4836, 34.3728, 17.4649, 43.2793, 34.2428, 0.0, 48.6047, 15.699, 20.2634, 40.0776, 0.4843, 6.7306, 6.857], [82.8649, 55.8521, 28.9116, 43.8445, 38.4211, 63.714, 84.309, 36.8335, 28.914, 74.9021, 91.7375, 73.5773, 89.4682, 51.2392, 51.4049, 42.5524, 23.7397, 41.9279, 80.4192, 56.399, 91.8839, 14.3618, 48.6047, 0.0, 32.9057, 68.868, 88.6823, 49.0889, 55.3353, 55.4616], [53.2786, 32.5162, 43.6623, 28.9111, 29.8935, 37.4925, 54.5778, 30.619, 43.4904, 46.3217, 59.6777, 42.1871, 57.4643, 22.7827, 22.9027, 17.7836, 23.0765, 17.5561, 48.7049, 26.7826, 58.9783, 18.5439, 15.699, 32.9057, 0.0, 35.9623, 55.7766, 16.1832, 22.4296, 22.5559], [30.2177, 35.7806, 74.5185, 46.0988, 52.2839, 31.3375, 30.7008, 54.3696, 74.3068, 28.912, 27.0703, 16.8813, 25.2897, 26.337, 26.2015, 34.0535, 54.5459, 34.6479, 19.3223, 22.3961, 23.0159, 54.5062, 20.2634, 68.868, 35.9623, 0.0, 19.8142, 19.7791, 13.5327, 13.4064], [30.9416, 50.0826, 93.0987, 62.7742, 69.6603, 43.0557, 30.4273, 71.9262, 92.8802, 34.92, 16.7176, 23.8027, 16.6653, 43.5316, 43.3698, 52.2445, 73.6634, 52.8891, 19.4224, 38.5733, 3.2017, 74.3204, 40.0776, 88.6823, 55.7766, 19.8142, 0.0, 39.5933, 33.347, 33.2206], [40.6452, 28.9403, 56.8094, 33.1048, 37.4371, 29.9158, 41.7414, 39.0612, 56.6116, 35.1596, 44.3671, 28.0536, 42.236, 16.6591, 16.6534, 19.3828, 36.2171, 19.7396, 33.95, 17.3246, 42.795, 34.7271, 0.4843, 49.0889, 16.1832, 19.7791, 39.5933, 0.0, 6.2464, 6.3727], [36.526, 29.8802, 62.2675, 36.557, 41.6855, 28.947, 37.4864, 43.5079, 62.0641, 32.0195, 38.6482, 23.3223, 36.5782, 18.0113, 17.9451, 23.2108, 41.863, 23.6893, 28.6702, 16.7102, 36.5487, 40.9735, 6.7306, 55.3353, 22.4296, 13.5327, 33.347, 6.2464, 0.0, 0.1263], [36.4489, 29.9123, 62.3795, 36.6345, 41.7766, 28.941, 37.4061, 43.6024, 62.1759, 31.9654, 38.5342, 23.234, 36.4658, 18.0599, 17.9927, 23.299, 41.979, 23.7794, 28.5674, 16.7216, 36.4223, 41.0998, 6.857, 55.4616, 22.5559, 13.4064, 33.2206, 6.3727, 0.1263, 0.0]]
