[4, 50]
[[0.0, 1.426, 10.8286, 30.1195, 54.6883, 8.3509, 54.4155, 37.5068, 32.9311, 18.3951, 35.9296, 35.4876, 57.9497, 42.0725, 0.2292, 51.5531, 36.0808, 43.6955, 36.5406, 23.2244, 9.3972, 16.5742, 32.7589, 7.8185, 14.5458, 55.4449, 3.3371, 30.6876, 21.0548, 19.4193, 34.7956, 4.7627, 26.1054, 11.4253, 36.9554, 44.7541, 59.8178, 34.7779, 36.847, 35.4453, 54.2466, 65.5451, 59.6911, 35.0637, 39.7476, 37.8914, 36.5511, 38.6465, 65.0594, 49.6047], [1.426, 0.0, 12.2545, 31.5454, 56.1142, 9.7769, 55.8415, 38.9328, 31.5052, 16.9691, 37.3555, 36.9136, 59.3757, 43.4985, 1.1968, 52.9791, 34.6548, 45.1175, 37.961, 24.6368, 8.0771, 17.974, 34.1779, 9.1316, 13.1608, 56.8684, 3.4092, 32.1058, 22.4644, 18.0155, 33.3763, 3.8604, 27.5206, 10.0683, 37.4803, 43.8635, 60.9866, 34.9515, 36.3811, 35.7823, 53.1561, 66.7605, 60.8587, 35.3233, 39.0654, 37.3327, 36.1164, 38.0325, 66.2713, 48.593], [10.8286, 12.2545, 0.0, 19.2909, 43.8597, 2.4777, 43.5869, 26.6782, 43.7597, 29.2237, 25.101, 24.659, 47.1211, 31.244, 11.0578, 40.7245, 46.9093, 32.9078, 25.7746, 12.5991, 19.9042, 6.3378, 22.0121, 4.9808, 25.2127, 44.6401, 11.8381, 19.9555, 10.497, 30.147, 45.5871, 14.6447, 15.424, 22.0168, 34.6654, 52.2972, 51.3676, 35.3592, 41.8268, 34.739, 62.9668, 56.6371, 51.2528, 34.9768, 46.0531, 43.447, 41.3344, 44.5392, 56.1848, 57.8596], [30.1195, 31.5454, 19.2909, 0.0, 24.5688, 21.7686, 24.296, 7.3873, 63.0506, 48.5146, 5.8101, 5.3681, 27.8302, 11.9531, 30.3487, 21.4336, 66.2002, 13.8489, 7.0842, 7.8532, 39.0599, 14.2609, 4.1183, 23.2623, 44.4099, 25.4416, 30.8382, 3.3158, 9.888, 49.3675, 64.8426, 33.7218, 5.3546, 41.1919, 38.6075, 67.9721, 39.3176, 43.6342, 55.0314, 41.2252, 79.7918, 43.0099, 39.244, 42.3506, 60.5452, 57.2161, 54.3438, 58.6348, 42.6721, 74.2236], [54.6883, 56.1142, 43.8597, 24.5688, 0.0, 46.3374, 0.2728, 17.1815, 87.6194, 73.0834, 18.7587, 19.2007, 3.2614, 12.6157, 54.9175, 3.1352, 90.769, 11.5944, 18.5902, 31.869, 63.575, 38.5852, 22.3393, 47.7107, 68.9352, 3.3579, 55.3287, 24.4009, 34.052, 73.8997, 89.3884, 58.2227, 28.979, 65.7114, 54.1848, 89.9932, 35.0961, 61.7579, 75.7294, 58.3492, 102.486, 34.612, 35.1225, 59.9779, 81.9194, 78.2083, 74.9406, 79.7985, 34.6005, 96.6409], [8.3509, 9.7769, 2.4777, 21.7686, 46.3374, 0.0, 46.0646, 29.1559, 41.282, 26.746, 27.5787, 27.1367, 49.5988, 33.7216, 8.5801, 43.2022, 44.4317, 35.3739, 28.2337, 15.0047, 17.4655, 8.5522, 24.4647, 3.5254, 22.7586, 47.1114, 9.4833, 22.4029, 12.8731, 27.6855, 43.1163, 12.2432, 17.8523, 19.5705, 34.9074, 50.4659, 53.2251, 34.9321, 40.4864, 34.6042, 60.9119, 58.6183, 53.1071, 34.6999, 44.4568, 41.9947, 40.0324, 43.022, 58.157, 55.8934], [54.4155, 55.8415, 43.5869, 24.296, 0.2728, 46.0646, 0.0, 16.9087, 87.3466, 72.8106, 18.4859, 18.9279, 3.5342, 12.343, 54.6447, 2.8624, 90.4962, 11.3331, 18.3218, 31.5977, 63.3026, 38.3134, 22.0695, 47.4385, 68.6627, 3.4219, 55.0564, 24.1307, 33.7805, 73.6272, 89.1158, 57.9503, 28.708, 65.439, 53.9752, 89.7414, 35.0513, 61.5321, 75.4868, 58.1297, 102.2293, 34.6208, 35.0766, 59.7553, 81.6722, 77.9637, 74.6988, 79.5528, 34.6048, 96.3862], [37.5068, 38.9328, 26.6782, 7.3873, 17.1815, 29.1559, 16.9087, 0.0, 70.4379, 55.9019, 1.5772, 2.0192, 20.4429, 4.5657, 37.736, 14.0463, 73.5876, 6.9007, 3.4763, 14.8857, 46.4252, 21.5164, 5.915, 30.5932, 51.7798, 18.1416, 38.1914, 7.7324, 17.0323, 56.7405, 72.2214, 41.0802, 12.0677, 48.5592, 42.4056, 74.4259, 36.3936, 48.4907, 60.9534, 45.6649, 86.5079, 39.0759, 36.3457, 47.0001, 66.7412, 63.2578, 60.2245, 64.7459, 38.813, 80.8326], [32.9311, 31.5052, 43.7597, 63.0506, 87.6194, 41.282, 87.3466, 70.4379, 0.0, 14.536, 68.8607, 68.4187, 90.8808, 75.0037, 32.7019, 84.4842, 3.1496, 76.5732, 69.4012, 56.0178, 24.3533, 49.2851, 65.6068, 40.1577, 19.0496, 88.3396, 32.5557, 63.527, 53.8277, 14.1806, 3.7095, 29.6732, 58.9202, 22.2357, 57.4938, 34.895, 88.7497, 50.2649, 40.0912, 53.3683, 35.7121, 95.1165, 88.6066, 51.8558, 37.0897, 38.7632, 40.5471, 37.9983, 94.5833, 34.6969], [18.3951, 16.9691, 29.2237, 48.5146, 73.0834, 26.746, 72.8106, 55.9019, 14.536, 0.0, 54.3247, 53.8827, 76.3448, 60.4676, 18.1659, 69.9482, 17.6857, 62.0538, 54.8859, 41.5157, 10.143, 34.7951, 51.0943, 25.6983, 5.358, 73.8156, 18.1538, 49.0163, 39.329, 3.3755, 16.5747, 15.3121, 44.4143, 8.1493, 46.7107, 36.0124, 75.5765, 40.961, 35.0676, 43.3376, 41.7605, 81.7474, 75.4383, 42.1589, 34.6179, 34.7231, 35.2233, 34.618, 81.2289, 38.6163], [35.9296, 37.3555, 25.101, 5.8101, 18.7587, 27.5787, 18.4859, 1.5772, 68.8607, 54.3247, 0.0, 0.442, 22.0201, 6.143, 36.1588, 15.6235, 72.0103, 8.3209, 3.325, 13.3521, 44.852, 19.9592, 4.6877, 29.0256, 50.2059, 19.6947, 36.6203, 6.341, 15.4878, 55.166, 70.6458, 39.5082, 10.5591, 46.9857, 41.5135, 73.0331, 36.9134, 47.3989, 59.6616, 44.6515, 85.0646, 39.8335, 36.8595, 45.9472, 65.3975, 61.9434, 58.9405, 63.4183, 39.5528, 79.41], [35.4876, 36.9136, 24.659, 5.3681, 19.2007, 27.1367, 18.9279, 2.0192, 68.4187, 53.8827, 0.442, 0.0, 22.4621, 6.5849, 35.7168, 16.0655, 71.5683, 8.7285, 3.4146, 12.9242, 44.4113, 19.5234, 4.3841, 28.5865, 49.7649, 20.1306, 36.1802, 5.9677, 15.0563, 54.7248, 70.2043, 39.0678, 10.1401, 46.5448, 41.2709, 72.6442, 37.0698, 47.0979, 59.3021, 44.3734, 84.661, 40.0543, 37.0142, 45.6576, 65.0229, 61.5773, 58.5832, 63.0484, 39.7689, 79.0124], [57.9497, 59.3757, 47.1211, 27.8302, 3.2614, 49.5988, 3.5342, 20.4429, 90.8808, 76.3448, 22.0201, 22.4621, 0.0, 15.8772, 58.1789, 6.3966, 94.0305, 14.7507, 21.8078, 35.1146, 66.8323, 41.8356, 25.5696, 50.9648, 72.1931, 4.1971, 58.5847, 27.6361, 37.2995, 77.1581, 92.6477, 61.4792, 32.2214, 68.969, 56.7331, 93.0124, 35.7883, 64.4854, 78.6447, 61.0061, 105.5617, 34.6731, 35.8283, 62.6703, 84.8869, 81.146, 77.8483, 82.7495, 34.7155, 99.693], [42.0725, 43.4985, 31.244, 11.9531, 12.6157, 33.7216, 12.343, 4.5657, 75.0037, 60.4676, 6.143, 6.5849, 15.8772, 0.0, 42.3017, 9.4806, 78.1533, 3.6177, 6.5659, 19.3647, 50.9804, 26.0377, 10.0351, 35.1358, 56.3371, 13.6768, 42.742, 12.0217, 21.53, 61.2991, 76.7826, 45.6327, 16.5073, 53.1153, 45.1993, 78.497, 35.2455, 51.7922, 64.7642, 48.7676, 90.7109, 37.1741, 35.2162, 50.203, 70.6852, 67.1266, 64.0154, 68.6485, 36.9685, 84.9815], [0.2292, 1.1968, 11.0578, 30.3487, 54.9175, 8.5801, 54.6447, 37.736, 32.7019, 18.1659, 36.1588, 35.7168, 58.1789, 42.3017, 0.0, 51.7823, 35.8515, 43.9241, 36.7689, 23.4514, 9.1828, 16.7989, 32.987, 8.027, 14.3226, 55.6737, 3.3075, 30.9156, 21.2813, 19.1934, 34.5674, 4.5998, 26.3329, 11.206, 37.0365, 44.6091, 60.005, 34.8019, 36.7688, 35.4958, 54.0703, 65.7399, 59.878, 35.1017, 39.6353, 37.7985, 36.4778, 38.5449, 65.2536, 49.4407], [51.5531, 52.9791, 40.7245, 21.4336, 3.1352, 43.2022, 2.8624, 14.0463, 84.4842, 69.9482, 15.6235, 16.0655, 6.3966, 9.4806, 51.7823, 0.0, 87.6339, 8.6343, 15.5146, 28.7524, 60.4443, 35.4624, 19.2439, 44.5835, 65.8038, 5.0235, 52.1995, 21.2987, 30.9331, 70.7678, 86.2554, 55.0928, 25.8666, 62.5804, 51.8107, 87.1073, 34.7077, 59.1869, 72.9546, 55.8556, 99.5405, 34.8421, 34.7204, 57.4454, 79.0887, 75.4093, 72.1741, 76.9853, 34.7791, 93.7203], [36.0808, 34.6548, 46.9093, 66.2002, 90.769, 44.4317, 90.4962, 73.5876, 3.1496, 17.6857, 72.0103, 71.5683, 94.0305, 78.1533, 35.8515, 87.6339, 0.0, 79.72, 72.5475, 59.1623, 27.4773, 52.4281, 68.7526, 43.2975, 22.1585, 91.4871, 35.6905, 66.6726, 56.9718, 17.2597, 3.5943, 32.8052, 62.0651, 25.3549, 60.0392, 35.4429, 91.6584, 52.5943, 41.7711, 55.8038, 35.0646, 98.0571, 91.5144, 54.2426, 38.3373, 40.2817, 42.275, 39.4051, 97.5215, 34.6022], [43.6955, 45.1175, 32.9078, 13.8489, 11.5944, 35.3739, 11.3331, 6.9007, 76.5732, 62.0538, 8.3209, 8.7285, 14.7507, 3.6177, 43.9241, 8.6343, 79.72, 0.0, 7.1793, 20.5814, 52.3727, 27.3274, 10.9783, 36.4799, 57.7395, 11.7758, 44.1137, 13.0608, 22.7755, 62.7093, 78.2107, 47.0125, 17.6743, 54.5118, 43.7653, 78.4744, 31.7386, 50.8252, 64.372, 47.6083, 90.9124, 33.562, 31.7134, 49.1388, 70.4727, 66.8105, 63.5976, 68.3782, 33.3598, 85.0867], [36.5406, 37.961, 25.7746, 7.0842, 18.5902, 28.2337, 18.3218, 3.4763, 69.4012, 54.8859, 3.325, 3.4146, 21.8078, 6.5659, 36.7689, 15.5146, 72.5475, 7.1793, 0.0, 13.4021, 45.1934, 20.1481, 3.799, 29.3006, 50.5602, 18.9551, 36.9344, 5.8815, 15.5962, 55.53, 71.0314, 39.8332, 10.495, 47.3326, 39.0871, 71.9481, 33.6736, 45.3854, 58.2037, 42.4626, 84.2085, 36.765, 33.6167, 43.8443, 64.12, 60.5616, 57.4571, 62.0826, 36.468, 78.4555], [23.2244, 24.6368, 12.5991, 7.8532, 31.869, 15.0047, 31.5977, 14.8857, 56.0178, 41.5157, 13.3521, 12.9242, 35.1146, 19.3647, 23.4514, 28.7524, 59.1623, 20.5814, 13.4021, 0.0, 31.7913, 6.746, 9.6032, 15.8985, 37.1581, 32.3572, 23.5323, 7.5207, 2.194, 42.1279, 57.6293, 26.4311, 2.9071, 33.9304, 32.8646, 60.1644, 40.5714, 36.8599, 47.4559, 34.8383, 71.9397, 45.2549, 40.4727, 35.765, 52.8305, 49.5754, 46.7923, 50.9593, 44.8431, 66.3823], [9.3972, 8.0771, 19.9042, 39.0599, 63.575, 17.4655, 63.3026, 46.4252, 24.3533, 10.143, 44.852, 44.4113, 66.8323, 50.9804, 9.1828, 60.4443, 27.4773, 52.3727, 45.1934, 31.7913, 0.0, 25.0453, 41.3944, 15.8928, 5.3668, 64.1485, 8.259, 39.3119, 29.5972, 10.3366, 25.838, 5.3602, 34.6984, 2.1392, 38.1416, 36.928, 65.5561, 33.6472, 31.5442, 35.3897, 45.4719, 71.6699, 65.4196, 34.499, 33.1046, 32.0038, 31.4475, 32.4176, 71.1552, 41.1748], [16.5742, 17.974, 6.3378, 14.2609, 38.5852, 8.5522, 38.3134, 21.5164, 49.2851, 34.7951, 19.9592, 19.5234, 41.8356, 26.0377, 16.7989, 35.4624, 52.4281, 27.3274, 20.1481, 6.746, 25.0453, 0.0, 16.3491, 9.1525, 30.4121, 39.1032, 16.7863, 14.2666, 4.5519, 35.3819, 50.8833, 19.6851, 9.6531, 27.1845, 31.4743, 54.5167, 45.1634, 33.788, 42.6189, 32.4495, 65.9313, 50.3432, 45.0515, 33.0349, 47.5648, 44.5487, 42.0215, 45.8241, 49.896, 60.5173], [32.7589, 34.1779, 22.0121, 4.1183, 22.3393, 24.4647, 22.0695, 5.915, 65.6068, 51.0943, 4.6877, 4.3841, 25.5696, 10.0351, 32.987, 19.2439, 68.7526, 10.9783, 3.799, 9.6032, 41.3944, 16.3491, 0.0, 25.5016, 46.7612, 22.7541, 33.1354, 2.0825, 11.7972, 51.7311, 67.2325, 36.0342, 6.696, 43.5336, 36.9379, 68.5475, 35.2505, 42.7153, 55.039, 39.9941, 80.6942, 38.8918, 35.1793, 41.2737, 60.8328, 57.3432, 54.311, 58.8332, 38.5547, 74.9874], [7.8185, 9.1316, 4.9808, 23.2623, 47.7107, 3.5254, 47.4385, 30.5932, 40.1577, 25.6983, 29.0256, 28.5865, 50.9648, 35.1358, 8.027, 44.5835, 43.2975, 36.4799, 29.3006, 15.8985, 15.8928, 9.1525, 25.5016, 0.0, 21.2596, 48.2557, 7.6338, 23.4191, 13.7044, 26.2294, 41.7308, 10.5326, 18.8056, 18.032, 31.8558, 47.3164, 52.1477, 31.5072, 37.0239, 31.3114, 58.0392, 57.7918, 52.0235, 31.3365, 41.1177, 38.577, 36.5575, 39.6366, 57.3113, 52.8968], [14.5458, 13.1608, 25.2127, 44.4099, 68.9352, 22.7586, 68.6627, 51.7798, 19.0496, 5.358, 50.2059, 49.7649, 72.1931, 56.3371, 14.3226, 65.8038, 22.1585, 57.7395, 50.5602, 37.1581, 5.3668, 30.4121, 46.7612, 21.2596, 0.0, 69.5153, 13.6258, 44.6787, 34.964, 4.9698, 20.4712, 10.727, 40.0652, 3.2276, 41.4422, 34.3838, 70.3182, 35.9626, 31.341, 38.1888, 41.7433, 76.5335, 70.179, 37.0754, 31.7674, 31.3317, 31.3958, 31.4538, 76.0113, 37.909], [55.4449, 56.8684, 44.6401, 25.4416, 3.3579, 47.1114, 3.4219, 18.1416, 88.3396, 73.8156, 19.6947, 20.1306, 4.1971, 13.6768, 55.6737, 5.0235, 91.4871, 11.7758, 18.9551, 32.3572, 64.1485, 39.1032, 22.7541, 48.2557, 69.5153, 0.0, 55.8895, 24.8366, 34.5513, 74.4851, 89.9865, 58.7883, 29.4501, 66.2877, 52.6723, 89.3961, 31.9833, 60.5382, 74.8808, 57.0085, 102.0486, 31.3071, 32.0155, 58.697, 81.1915, 77.4105, 74.0751, 79.0315, 31.3064, 96.1342], [3.3371, 3.4092, 11.8381, 30.8382, 55.3287, 9.4833, 55.0564, 38.1914, 32.5557, 18.1538, 36.6203, 36.1802, 58.5847, 42.742, 3.3075, 52.1995, 35.6905, 44.1137, 36.9344, 23.5323, 8.259, 16.7863, 33.1354, 7.6338, 13.6258, 55.8895, 0.0, 31.0529, 21.3382, 18.5957, 34.0971, 2.8988, 26.4394, 10.3982, 34.104, 41.8979, 58.4329, 31.5694, 33.5745, 32.3731, 51.7751, 64.3416, 58.3017, 31.9208, 36.6325, 34.6741, 33.2639, 35.4706, 63.8419, 46.9613], [30.6876, 32.1058, 19.9555, 3.3158, 24.4009, 22.4029, 24.1307, 7.7324, 63.527, 49.0163, 6.341, 5.9677, 27.6361, 12.0217, 30.9156, 21.2987, 66.6726, 13.0608, 5.8815, 7.5207, 39.3119, 14.2666, 2.0825, 23.4191, 44.6787, 24.8366, 31.0529, 0.0, 9.7147, 49.6486, 65.15, 33.9517, 4.6135, 41.4511, 35.876, 66.7017, 36.255, 41.3266, 53.3393, 38.7324, 78.7789, 40.1624, 36.1768, 39.9478, 59.057, 55.6101, 52.623, 57.0807, 39.8062, 73.1002], [21.0548, 22.4644, 10.497, 9.888, 34.052, 12.8731, 33.7805, 17.0323, 53.8277, 39.329, 15.4878, 15.0563, 37.2995, 21.53, 21.2813, 30.9331, 56.9718, 22.7755, 15.5962, 2.194, 29.5972, 4.5519, 11.7972, 13.7044, 34.964, 34.5513, 21.3382, 9.7147, 0.0, 39.9339, 55.4353, 24.237, 5.1012, 31.7364, 32.2645, 58.302, 42.0011, 35.7503, 45.8298, 33.9329, 69.9708, 46.8639, 41.8977, 34.7571, 51.0797, 47.8942, 45.1854, 49.2465, 46.4393, 64.4559], [19.4193, 18.0155, 30.147, 49.3675, 73.8997, 27.6855, 73.6272, 56.7405, 14.1806, 3.3755, 55.166, 54.7248, 77.1581, 61.2991, 19.1934, 70.7678, 17.2597, 62.7093, 55.53, 42.1279, 10.3366, 35.3819, 51.7311, 26.2294, 4.9698, 74.4851, 18.5957, 49.6486, 39.9339, 0.0, 15.5014, 15.6969, 45.035, 8.1975, 44.8561, 32.6435, 74.801, 38.6515, 31.9655, 41.2369, 38.636, 81.0941, 74.6599, 39.959, 31.3083, 31.5218, 32.1567, 31.3641, 80.5661, 35.3453], [34.7956, 33.3763, 45.5871, 64.8426, 89.3884, 43.1163, 89.1158, 72.2214, 3.7095, 16.5747, 70.6458, 70.2043, 92.6477, 76.7826, 34.5674, 86.2554, 3.5943, 78.2107, 71.0314, 57.6293, 25.838, 50.8833, 67.2325, 41.7308, 20.4712, 89.9865, 34.0971, 65.15, 55.4353, 15.5014, 0.0, 31.1983, 60.5364, 23.6989, 56.9942, 31.9234, 89.116, 49.3666, 38.2418, 52.6586, 32.1097, 95.5814, 88.9705, 51.058, 34.7451, 36.7182, 38.7586, 35.8256, 95.0405, 31.3186], [4.7627, 3.8604, 14.6447, 33.7218, 58.2227, 12.2432, 57.9503, 41.0802, 29.6732, 15.3121, 39.5082, 39.0678, 61.4792, 45.6327, 4.5998, 55.0928, 32.8052, 47.0125, 39.8332, 26.4311, 5.3602, 19.6851, 36.0342, 10.5326, 10.727, 58.7883, 2.8988, 33.9517, 24.237, 15.6969, 31.1983, 0.0, 29.3382, 7.4994, 35.3543, 40.0299, 60.9004, 32.0726, 32.639, 33.2299, 49.4973, 66.889, 60.7671, 32.6114, 35.2144, 33.53, 32.399, 34.2035, 66.3835, 44.8422], [26.1054, 27.5206, 15.424, 5.3546, 28.979, 17.8523, 28.708, 12.0677, 58.9202, 44.4143, 10.5591, 10.1401, 32.2214, 16.5073, 26.3329, 25.8666, 62.0651, 17.6743, 10.495, 2.9071, 34.6984, 9.6531, 6.696, 18.8056, 40.0652, 29.4501, 26.4394, 4.6135, 5.1012, 45.035, 60.5364, 29.3382, 0.0, 36.8376, 33.8628, 62.6653, 38.7871, 38.4739, 49.6778, 36.2083, 74.5678, 43.2025, 38.6955, 37.2578, 55.1992, 51.8621, 48.9916, 53.2831, 42.8098, 68.9595], [11.4253, 10.0683, 22.0168, 41.1919, 65.7114, 19.5705, 65.439, 48.5592, 22.2357, 8.1493, 46.9857, 46.5448, 68.969, 53.1153, 11.206, 62.5804, 25.3549, 54.5118, 47.3326, 33.9304, 2.1392, 27.1845, 43.5336, 18.032, 3.2276, 66.2877, 10.3982, 41.4511, 31.7364, 8.1975, 23.6989, 7.4994, 36.8376, 0.0, 39.4027, 35.8393, 67.4433, 34.4887, 31.3535, 36.4365, 43.9451, 73.6001, 67.3057, 35.4511, 32.4721, 31.6287, 31.3169, 31.9289, 73.0822, 39.8185], [36.9554, 37.4803, 34.6654, 38.6075, 54.1848, 34.9074, 53.9752, 42.4056, 57.4938, 46.7107, 41.5135, 41.2709, 56.7331, 45.1993, 37.0365, 51.8107, 60.0392, 43.7653, 39.0871, 32.8646, 38.1416, 31.4743, 36.9379, 31.8558, 41.4422, 52.6723, 34.104, 35.876, 32.2645, 44.8561, 56.9942, 35.3543, 33.8628, 39.4027, 0.0, 41.3758, 35.8096, 9.4558, 25.6631, 5.2841, 54.7685, 42.6825, 35.6542, 7.2921, 32.5538, 28.4383, 24.7752, 30.2072, 42.1098, 48.5345], [44.7541, 43.8635, 52.2972, 67.9721, 89.9932, 50.4659, 89.7414, 74.4259, 34.895, 36.0124, 73.0331, 72.6442, 93.0124, 78.497, 44.6091, 87.1073, 35.4429, 78.4744, 71.9481, 60.1644, 36.928, 54.5167, 68.5475, 47.3164, 34.3838, 89.3961, 41.8979, 66.7017, 58.302, 32.6435, 31.9234, 40.0299, 62.6653, 35.8393, 41.3758, 0.0, 77.1854, 31.92, 15.7127, 36.0917, 13.3927, 84.0583, 77.03, 34.0837, 8.822, 12.9375, 16.6006, 11.1686, 83.4856, 7.1587], [59.8178, 60.9866, 51.3676, 39.3176, 35.0961, 53.2251, 35.0513, 36.3936, 88.7497, 75.5765, 36.9134, 37.0698, 35.7883, 35.2455, 60.005, 34.7077, 91.6584, 31.7386, 33.6736, 40.5714, 65.5561, 45.1634, 35.2505, 52.1477, 70.3182, 31.9833, 58.4329, 36.255, 42.0011, 74.801, 89.116, 60.9004, 38.7871, 67.4433, 35.8096, 77.1854, 0.0, 45.2654, 61.4727, 41.0938, 90.5781, 6.8729, 0.1554, 43.1018, 68.3634, 64.2479, 60.5848, 66.0168, 6.3002, 84.3441], [34.7779, 34.9515, 35.3592, 43.6342, 61.7579, 34.9321, 61.5321, 48.4907, 50.2649, 40.961, 47.3989, 47.0979, 64.4854, 51.7922, 34.8019, 59.1869, 52.5943, 50.8252, 45.3854, 36.8599, 33.6472, 33.788, 42.7153, 31.5072, 35.9626, 60.5382, 31.5694, 41.3266, 35.7503, 38.6515, 49.3666, 32.0726, 38.4739, 34.4887, 9.4558, 31.92, 45.2654, 0.0, 16.2073, 4.1716, 45.3128, 52.1382, 45.1099, 2.1636, 23.098, 18.9825, 15.3194, 20.7514, 51.5656, 39.0788], [36.847, 36.3811, 41.8268, 55.0314, 75.7294, 40.4864, 75.4868, 60.9534, 40.0912, 35.0676, 59.6616, 59.3021, 78.6447, 64.7642, 36.7688, 72.9546, 41.7711, 64.372, 58.2037, 47.4559, 31.5442, 42.6189, 55.039, 37.0239, 31.341, 74.8808, 33.5745, 53.3393, 45.8298, 31.9655, 38.2418, 32.639, 49.6778, 31.3535, 25.6631, 15.7127, 61.4727, 16.2073, 0.0, 20.379, 29.1054, 68.3456, 61.3173, 18.371, 6.8907, 2.7752, 0.8879, 4.5441, 67.7729, 22.8714], [35.4453, 35.7823, 34.739, 41.2252, 58.3492, 34.6042, 58.1297, 45.6649, 53.3683, 43.3376, 44.6515, 44.3734, 61.0061, 48.7676, 35.4958, 55.8556, 55.8038, 47.6083, 42.4626, 34.8383, 35.3897, 32.4495, 39.9941, 31.3114, 38.1888, 57.0085, 32.3731, 38.7324, 33.9329, 41.2369, 52.6586, 33.2299, 36.2083, 36.4365, 5.2841, 36.0917, 41.0938, 4.1716, 20.379, 0.0, 49.4844, 47.9666, 40.9383, 2.008, 27.2696, 23.1541, 19.491, 24.923, 47.3939, 43.2504], [54.2466, 53.1561, 62.9668, 79.7918, 102.486, 60.9119, 102.2293, 86.5079, 35.7121, 41.7605, 85.0646, 84.661, 105.5617, 90.7109, 54.0703, 99.5405, 35.0646, 90.9124, 84.2085, 71.9397, 45.4719, 65.9313, 80.6942, 58.0392, 41.7433, 102.0486, 51.7751, 78.7789, 69.9708, 38.636, 32.1097, 49.4973, 74.5678, 43.9451, 54.7685, 13.3927, 90.5781, 45.3128, 29.1054, 49.4844, 0.0, 97.451, 90.4227, 47.4764, 22.2147, 26.3303, 29.9934, 24.5614, 96.8783, 6.234], [65.5451, 66.7605, 56.6371, 43.0099, 34.612, 58.6183, 34.6208, 39.0759, 95.1165, 81.7474, 39.8335, 40.0543, 34.6731, 37.1741, 65.7399, 34.8421, 98.0571, 33.562, 36.765, 45.2549, 71.6699, 50.3432, 38.8918, 57.7918, 76.5335, 31.3071, 64.3416, 40.1624, 46.8639, 81.0941, 95.5814, 66.889, 43.2025, 73.6001, 42.6825, 84.0583, 6.8729, 52.1382, 68.3456, 47.9666, 97.451, 0.0, 7.0283, 49.9746, 75.2363, 71.1207, 67.4577, 72.8896, 0.5727, 91.217], [59.6911, 60.8587, 51.2528, 39.244, 35.1225, 53.1071, 35.0766, 36.3457, 88.6066, 75.4383, 36.8595, 37.0142, 35.8283, 35.2162, 59.878, 34.7204, 91.5144, 31.7134, 33.6167, 40.4727, 65.4196, 45.0515, 35.1793, 52.0235, 70.179, 32.0155, 58.3017, 36.1768, 41.8977, 74.6599, 88.9705, 60.7671, 38.6955, 67.3057, 35.6542, 77.03, 0.1554, 45.1099, 61.3173, 40.9383, 90.4227, 7.0283, 0.0, 42.9463, 68.208, 64.0924, 60.4293, 65.8613, 6.4556, 84.1887], [35.0637, 35.3233, 34.9768, 42.3506, 59.9779, 34.6999, 59.7553, 47.0001, 51.8558, 42.1589, 45.9472, 45.6576, 62.6703, 50.203, 35.1017, 57.4454, 54.2426, 49.1388, 43.8443, 35.765, 34.499, 33.0349, 41.2737, 31.3365, 37.0754, 58.697, 31.9208, 39.9478, 34.7571, 39.959, 51.058, 32.6114, 37.2578, 35.4511, 7.2921, 34.0837, 43.1018, 2.1636, 18.371, 2.008, 47.4764, 49.9746, 42.9463, 0.0, 25.2616, 21.1461, 17.483, 22.915, 49.4019, 41.2424], [39.7476, 39.0654, 46.0531, 60.5452, 81.9194, 44.4568, 81.6722, 66.7412, 37.0897, 34.6179, 65.3975, 65.0229, 84.8869, 70.6852, 39.6353, 79.0887, 38.3373, 70.4727, 64.12, 52.8305, 33.1046, 47.5648, 60.8328, 41.1177, 31.7674, 81.1915, 36.6325, 59.057, 51.0797, 31.3083, 34.7451, 35.2144, 55.1992, 32.4721, 32.5538, 8.822, 68.3634, 23.098, 6.8907, 27.2696, 22.2147, 75.2363, 68.208, 25.2616, 0.0, 4.1155, 7.7786, 2.3466, 74.6636, 15.9807], [37.8914, 37.3327, 43.447, 57.2161, 78.2083, 41.9947, 77.9637, 63.2578, 38.7632, 34.7231, 61.9434, 61.5773, 81.146, 67.1266, 37.7985, 75.4093, 40.2817, 66.8105, 60.5616, 49.5754, 32.0038, 44.5487, 57.3432, 38.577, 31.3317, 77.4105, 34.6741, 55.6101, 47.8942, 31.5218, 36.7182, 33.53, 51.8621, 31.6287, 28.4383, 12.9375, 64.2479, 18.9825, 2.7752, 23.1541, 26.3303, 71.1207, 64.0924, 21.1461, 4.1155, 0.0, 3.6631, 1.7689, 70.5481, 20.0963], [36.5511, 36.1164, 41.3344, 54.3438, 74.9406, 40.0324, 74.6988, 60.2245, 40.5471, 35.2233, 58.9405, 58.5832, 77.8483, 64.0154, 36.4778, 72.1741, 42.275, 63.5976, 57.4571, 46.7923, 31.4475, 42.0215, 54.311, 36.5575, 31.3958, 74.0751, 33.2639, 52.623, 45.1854, 32.1567, 38.7586, 32.399, 48.9916, 31.3169, 24.7752, 16.6006, 60.5848, 15.3194, 0.8879, 19.491, 29.9934, 67.4577, 60.4293, 17.483, 7.7786, 3.6631, 0.0, 5.432, 66.885, 23.7594], [38.6465, 38.0325, 44.5392, 58.6348, 79.7985, 43.022, 79.5528, 64.7459, 37.9983, 34.618, 63.4183, 63.0484, 82.7495, 68.6485, 38.5449, 76.9853, 39.4051, 68.3782, 62.0826, 50.9593, 32.4176, 45.8241, 58.8332, 39.6366, 31.4538, 79.0315, 35.4706, 57.0807, 49.2465, 31.3641, 35.8256, 34.2035, 53.2831, 31.9289, 30.2072, 11.1686, 66.0168, 20.7514, 4.5441, 24.923, 24.5614, 72.8896, 65.8613, 22.915, 2.3466, 1.7689, 5.432, 0.0, 72.317, 18.3274], [65.0594, 66.2713, 56.1848, 42.6721, 34.6005, 58.157, 34.6048, 38.813, 94.5833, 81.2289, 39.5528, 39.7689, 34.7155, 36.9685, 65.2536, 34.7791, 97.5215, 33.3598, 36.468, 44.8431, 71.1552, 49.896, 38.5547, 57.3113, 76.0113, 31.3064, 63.8419, 39.8062, 46.4393, 80.5661, 95.0405, 66.3835, 42.8098, 73.0822, 42.1098, 83.4856, 6.3002, 51.5656, 67.7729, 47.3939, 96.8783, 0.5727, 6.4556, 49.4019, 74.6636, 70.5481, 66.885, 72.317, 0.0, 90.6443], [49.6047, 48.593, 57.8596, 74.2236, 96.6409, 55.8934, 96.3862, 80.8326, 34.6969, 38.6163, 79.41, 79.0124, 99.693, 84.9815, 49.4407, 93.7203, 34.6022, 85.0867, 78.4555, 66.3823, 41.1748, 60.5173, 74.9874, 52.8968, 37.909, 96.1342, 46.9613, 73.1002, 64.4559, 35.3453, 31.3186, 44.8422, 68.9595, 39.8185, 48.5345, 7.1587, 84.3441, 39.0788, 22.8714, 43.2504, 6.234, 91.217, 84.1887, 41.2424, 15.9807, 20.0963, 23.7594, 18.3274, 90.6443, 0.0]]
