[4, 100]
[[0.0, 37.0488, 8.3787, 55.3082, 73.1013, 61.5594, 5.8932, 8.9158, 73.9618, 58.0003, 70.9775, 15.5169, 6.906, 26.0134, 1.1525, 13.3251, 34.9728, 35.574, 0.871, 53.7779, 16.2597, 25.6702, 18.8807, 43.1674, 53.5402, 40.464, 13.3556, 52.7884, 39.5942, 31.7494, 13.4735, 55.4019, 54.6749, 12.1808, 39.4627, 10.4177, 62.2241, 12.8384, 10.4173, 64.1634, 17.1516, 10.9097, 46.7198, 20.9485, 16.5973, 73.4656, 27.5294, 11.1844, 24.7546, 65.0633, 12.2462, 24.498, 50.5156, 47.1322, 12.2509, 25.7373, 16.9326, 12.4449, 45.2063, 18.9198, 71.5192, 50.3947, 30.9043, 17.4863, 67.1578, 11.4116, 34.0041, 49.1698, 39.154, 34.4225, 18.5799, 40.3671, 41.89, 71.4031, 41.3455, 60.5784, 23.539, 48.803, 75.8783, 73.8347, 20.7571, 21.607, 31.1084, 42.5264, 58.7901, 26.3603, 46.8398, 29.8956, 18.4178, 19.305, 29.986, 43.8015, 70.2359, 50.6477, 43.082, 46.2091, 34.1765, 33.341, 29.299, 65.2556], [37.0488, 0.0, 28.6701, 18.2594, 36.0525, 24.5106, 31.1556, 45.9646, 36.913, 20.9515, 33.9287, 21.5319, 43.9549, 11.0355, 35.8964, 23.7237, 2.076, 1.4748, 36.1778, 16.7291, 20.7891, 11.3786, 18.1681, 6.1186, 16.4914, 3.4152, 23.6932, 15.7396, 2.5454, 5.2994, 50.5223, 18.3531, 17.6261, 24.868, 10.4216, 37.5241, 26.4251, 45.8059, 39.4197, 28.2438, 51.7594, 41.7437, 13.4126, 21.5125, 51.0711, 37.1577, 63.4039, 42.5204, 60.4229, 29.0938, 44.779, 18.1165, 16.1582, 13.6846, 44.7876, 17.0185, 25.8366, 45.1354, 12.4853, 23.6229, 35.2735, 16.0636, 13.0593, 52.1689, 31.0845, 33.9123, 11.3717, 20.2662, 18.5349, 20.0109, 38.8736, 18.4025, 18.3791, 36.855, 18.3694, 27.6584, 28.9145, 20.1023, 40.9264, 39.0541, 50.1964, 51.7924, 64.8122, 18.4157, 26.2829, 58.8927, 19.3365, 22.7744, 40.1607, 46.7463, 22.7069, 18.5689, 35.8124, 20.9872, 18.4695, 19.1332, 20.1282, 20.5555, 23.2323, 31.4826], [8.3787, 28.6701, 0.0, 46.9295, 64.7226, 53.1807, 2.4855, 17.2945, 65.5832, 49.6216, 62.5988, 7.1382, 15.2847, 17.6347, 7.2262, 4.9464, 26.5941, 27.1954, 7.5077, 45.3992, 7.881, 17.2915, 10.502, 34.7887, 45.1615, 32.0853, 4.9769, 44.4097, 31.2155, 23.3708, 21.8522, 47.0233, 46.2962, 3.8021, 31.4557, 12.7359, 53.9807, 19.0221, 13.9707, 55.9113, 24.3578, 15.6832, 38.595, 14.2842, 23.7238, 65.1815, 35.4316, 16.293, 32.5523, 56.8074, 18.1468, 17.2752, 42.3503, 39.0025, 18.1541, 18.3817, 11.516, 18.4486, 37.1009, 12.7668, 63.2408, 42.2305, 23.1826, 24.7366, 58.8938, 10.9837, 26.1497, 41.5159, 31.997, 27.6998, 19.2009, 33.1263, 34.5558, 63.3431, 34.0434, 52.6555, 19.4328, 41.1615, 67.7792, 65.7525, 25.7494, 26.976, 38.1921, 35.1565, 50.8983, 32.8919, 39.27, 23.8476, 19.6734, 23.2889, 23.9207, 36.3654, 62.1875, 42.9471, 35.6824, 38.6647, 27.4824, 26.75, 23.3696, 57.2644], [55.3082, 18.2594, 46.9295, 0.0, 17.7931, 6.2512, 49.415, 64.224, 18.6536, 2.6921, 15.6693, 39.7913, 62.2143, 29.2949, 54.1558, 41.9831, 20.3354, 19.7342, 54.4372, 1.5303, 39.0485, 29.638, 36.4275, 12.1408, 1.768, 14.8442, 41.9526, 2.5198, 15.714, 23.5588, 68.7817, 0.0937, 0.6333, 43.1274, 20.1127, 55.303, 12.0043, 63.7254, 57.2378, 13.1049, 69.7446, 59.6034, 14.2371, 38.529, 69.0497, 20.2749, 81.4722, 60.3928, 78.4739, 13.6813, 62.6847, 34.6998, 11.9162, 13.9508, 62.6935, 33.4036, 43.1869, 63.046, 15.3433, 40.8233, 18.6122, 11.9776, 28.1742, 70.1578, 15.1501, 51.5999, 25.161, 20.7725, 27.6984, 31.9954, 55.6388, 26.69, 25.482, 22.9105, 25.9062, 18.5278, 44.5523, 20.9602, 25.9384, 24.4956, 67.5206, 69.1686, 82.4853, 24.9973, 18.3773, 76.4536, 22.0631, 36.6567, 57.0132, 63.9407, 36.5576, 24.0639, 22.2094, 20.0796, 24.5843, 22.4506, 32.2344, 33.0576, 37.3172, 19.7699], [73.1013, 36.0525, 64.7226, 17.7931, 0.0, 11.5419, 67.2082, 82.0172, 0.8605, 15.101, 2.1238, 57.5844, 80.0074, 47.088, 71.9489, 59.7762, 38.1285, 37.5273, 72.2303, 19.3235, 56.8416, 47.4311, 54.2206, 29.9339, 19.5611, 32.6373, 59.7457, 20.313, 33.5072, 41.3519, 86.5748, 17.6994, 18.4264, 60.9206, 36.5289, 72.8569, 15.6704, 81.3329, 74.8059, 14.2561, 87.3799, 77.1873, 29.4346, 55.871, 86.6822, 10.3775, 99.1464, 77.9815, 96.1398, 13.6466, 80.2866, 51.9525, 25.8347, 29.0393, 80.2954, 50.6197, 60.6102, 80.6498, 30.8935, 58.2085, 10.6312, 25.948, 45.1951, 87.7949, 12.3736, 69.1225, 42.0174, 33.064, 42.6793, 47.6713, 72.672, 41.4488, 39.93, 18.8217, 40.4697, 23.9547, 61.2039, 33.3937, 18.3767, 18.4379, 84.7809, 86.452, 99.9102, 39.3037, 25.2024, 93.8229, 35.189, 52.8126, 74.0796, 81.1449, 52.7052, 38.0636, 19.1215, 31.7547, 38.761, 35.7763, 47.9402, 48.8615, 53.5267, 21.1509], [61.5594, 24.5106, 53.1807, 6.2512, 11.5419, 0.0, 55.6662, 70.4752, 12.4025, 3.5591, 9.4181, 46.0425, 68.4654, 35.546, 60.4069, 48.2343, 26.5866, 25.9853, 60.6884, 7.7815, 45.2997, 35.8892, 42.6787, 18.392, 8.0192, 21.0954, 48.2038, 8.771, 21.9652, 29.8099, 75.0329, 6.1574, 6.8845, 49.3786, 25.6719, 61.4545, 10.3729, 69.9006, 63.3956, 10.5192, 75.9319, 65.7682, 19.0714, 44.5812, 75.2358, 15.2425, 87.6761, 66.5597, 84.6743, 10.7096, 68.8575, 40.7081, 15.9513, 18.718, 68.8663, 39.3937, 49.278, 69.2196, 20.3928, 46.8963, 13.8661, 16.0454, 34.0643, 76.3459, 11.4248, 57.7372, 30.9638, 24.3276, 32.6414, 37.2868, 61.5741, 31.52, 30.1531, 19.819, 30.6365, 18.7651, 50.3134, 24.5888, 21.9755, 20.8928, 73.5557, 75.2136, 88.5905, 29.5957, 19.2372, 82.5353, 26.0508, 42.1828, 62.9632, 69.9514, 42.0797, 28.5042, 19.3977, 23.3164, 29.1159, 26.5419, 37.5406, 38.4122, 42.8691, 18.3998], [5.8932, 31.1556, 2.4855, 49.415, 67.2082, 55.6662, 0.0, 14.809, 68.0687, 52.1071, 65.0843, 9.6238, 12.7992, 20.1202, 4.7407, 7.432, 29.0797, 29.6809, 5.0222, 47.8847, 10.3665, 19.777, 12.9875, 37.2742, 47.647, 34.5709, 7.4625, 46.8952, 33.701, 25.8563, 19.3667, 49.5088, 48.7818, 6.2876, 33.8121, 11.4731, 56.4219, 16.9926, 12.4429, 58.3555, 22.1341, 13.9161, 40.9946, 16.0948, 21.5158, 67.6365, 33.063, 14.4628, 30.2067, 59.2529, 16.1697, 19.3207, 44.7643, 41.4038, 16.1765, 20.4819, 12.7939, 16.4524, 39.4935, 14.359, 65.6939, 44.6441, 25.4299, 22.5042, 61.3421, 10.4325, 28.4485, 43.7587, 34.062, 29.6061, 18.6298, 35.2217, 36.6848, 65.7257, 36.1609, 54.9917, 20.3797, 43.4, 70.1749, 68.1426, 24.073, 25.2127, 36.0328, 37.2983, 53.2238, 30.8613, 41.4832, 25.5045, 18.9264, 21.8492, 25.5841, 38.531, 64.5663, 45.2063, 37.8349, 40.8688, 29.3782, 28.6078, 24.9826, 59.6239], [8.9158, 45.9646, 17.2945, 64.224, 82.0172, 70.4752, 14.809, 0.0, 82.8777, 66.9161, 79.8933, 24.4327, 2.0098, 34.9292, 10.0683, 22.2409, 43.8887, 44.4899, 9.7868, 62.6937, 25.1755, 34.586, 27.7965, 52.0832, 62.456, 49.3799, 22.2714, 61.7042, 48.51, 40.6653, 4.5577, 64.3178, 63.5907, 21.0966, 48.1222, 14.339, 71.0307, 10.4582, 13.0575, 72.9762, 11.4049, 11.753, 55.4486, 29.0326, 11.1309, 82.3017, 19.5609, 11.3979, 17.0726, 73.8788, 10.6457, 32.7934, 59.2698, 55.864, 10.6437, 34.0871, 24.5944, 10.569, 53.9231, 26.8258, 80.3512, 59.1481, 39.4168, 11.585, 75.9791, 17.1644, 42.582, 57.5365, 47.2133, 42.2315, 21.7817, 48.4764, 50.0558, 80.0516, 49.4919, 69.1273, 29.934, 57.1617, 84.5564, 82.5, 18.3847, 18.5335, 24.4856, 50.714, 67.3172, 20.9101, 55.1523, 37.334, 21.0362, 18.6093, 37.4337, 52.0299, 78.8759, 59.045, 51.2878, 54.5056, 41.9694, 41.0763, 36.6733, 73.8536], [73.9618, 36.913, 65.5832, 18.6536, 0.8605, 12.4025, 68.0687, 82.8777, 0.0, 15.9616, 2.9843, 58.4449, 80.8679, 47.9485, 72.8094, 60.6367, 38.989, 38.3878, 73.0909, 20.184, 57.7021, 48.2917, 55.0812, 30.7945, 20.4217, 33.4978, 60.6062, 21.1735, 34.3677, 42.2124, 87.4354, 18.5599, 19.2869, 61.7811, 37.3548, 73.7088, 16.3254, 82.1864, 75.6582, 14.8597, 88.2344, 78.0401, 30.2415, 56.7168, 87.5366, 10.4438, 100.0023, 78.8344, 96.9953, 14.221, 81.14, 52.796, 26.6251, 29.8447, 81.1488, 51.4623, 61.4582, 81.5033, 31.7054, 59.0555, 10.8529, 26.739, 46.0331, 88.6494, 12.8632, 69.9734, 42.8518, 33.7829, 43.4576, 48.4665, 73.5049, 42.2219, 40.696, 19.0278, 41.2383, 24.516, 62.0253, 34.1156, 18.3725, 18.5319, 85.6212, 87.2931, 100.7562, 40.0665, 25.7992, 94.667, 35.9257, 53.6202, 74.9136, 81.9833, 53.5127, 38.8195, 19.3781, 32.4604, 39.5209, 36.5174, 48.7362, 49.66, 54.3358, 21.5904], [58.0003, 20.9515, 49.6216, 2.6921, 15.101, 3.5591, 52.1071, 66.9161, 15.9616, 0.0, 12.9772, 42.4834, 64.9063, 31.9869, 56.8478, 44.6752, 23.0275, 22.4262, 57.1293, 4.2224, 41.7406, 32.3301, 39.1196, 14.8329, 4.4601, 17.5363, 44.6447, 5.2119, 18.4061, 26.2508, 71.4738, 2.5983, 3.3254, 45.8195, 22.4622, 57.9496, 10.8996, 66.383, 59.8873, 11.6555, 72.4078, 62.2562, 16.2006, 41.1281, 71.7124, 18.0143, 84.1431, 63.0465, 81.1432, 12.0989, 65.3412, 37.2775, 13.4477, 15.8781, 65.35, 35.9723, 45.8048, 65.7029, 17.4226, 43.4325, 16.4454, 13.5267, 30.6933, 72.8214, 13.3158, 54.2397, 27.636, 22.1577, 29.7668, 34.2345, 58.1867, 28.7029, 27.4165, 21.4108, 27.87, 18.3714, 47.018, 22.3813, 24.1132, 22.8042, 70.115, 71.7676, 85.1119, 26.896, 18.4952, 79.0695, 23.6606, 39.0097, 59.568, 66.5237, 38.9087, 25.8846, 20.8158, 21.3096, 26.45, 24.0992, 34.4807, 35.3274, 39.6826, 18.9406], [70.9775, 33.9287, 62.5988, 15.6693, 2.1238, 9.4181, 65.0843, 79.8933, 2.9843, 12.9772, 0.0, 55.4606, 77.8836, 44.9642, 69.8251, 57.6524, 36.0047, 35.4035, 70.1065, 17.1996, 54.7178, 45.3073, 52.0968, 27.8101, 17.4373, 30.5135, 57.6219, 18.1891, 31.3833, 39.2281, 84.451, 15.5756, 16.3026, 58.7967, 34.4978, 70.7554, 14.1482, 79.2268, 72.7032, 12.8918, 85.2715, 75.0832, 27.4572, 53.7856, 84.574, 10.5179, 97.0345, 75.877, 94.0286, 12.3719, 78.1811, 49.8732, 23.9048, 27.0662, 78.1899, 48.5429, 58.5188, 78.5441, 28.9017, 56.1199, 10.3731, 24.0162, 43.1307, 85.6863, 11.3556, 67.0235, 39.9627, 31.3204, 40.7725, 45.7188, 70.6192, 39.5561, 38.0568, 18.4755, 38.5893, 22.6502, 59.1814, 31.6417, 18.5586, 18.3772, 82.7089, 84.3779, 97.8234, 37.4393, 23.7987, 91.7412, 33.3959, 50.8267, 72.024, 79.0776, 50.72, 36.218, 18.6437, 30.0474, 36.9046, 33.9713, 45.9857, 46.9003, 51.537, 20.1825], [15.5169, 21.5319, 7.1382, 39.7913, 57.5844, 46.0425, 9.6238, 24.4327, 58.4449, 42.4834, 55.4606, 0.0, 22.423, 10.4964, 14.3645, 2.1918, 19.4559, 20.0571, 14.6459, 38.2609, 0.7428, 10.1533, 3.3638, 27.6505, 38.0233, 24.9471, 2.1613, 37.2714, 24.0773, 16.2325, 28.9904, 39.885, 39.158, 3.3362, 24.8283, 17.852, 46.9954, 25.3071, 19.4878, 48.9148, 30.9662, 21.561, 31.7773, 10.7127, 30.3049, 58.1453, 42.3089, 22.2669, 39.3843, 49.8062, 24.3486, 12.3347, 35.4725, 32.1772, 24.3567, 13.1214, 10.5877, 24.6805, 30.313, 10.3754, 56.2114, 35.3544, 17.0993, 31.3603, 51.8824, 14.9412, 19.8003, 35.2562, 26.4714, 22.8526, 22.3479, 27.4728, 28.7611, 56.5495, 28.2968, 46.0332, 18.3867, 34.9191, 60.9388, 58.9322, 31.1704, 32.5683, 44.5829, 29.3084, 44.3161, 39.0174, 33.1296, 20.0636, 23.2067, 28.2436, 20.1099, 30.4193, 55.4079, 36.6223, 29.7902, 32.5606, 22.6806, 22.1112, 19.7698, 50.5553], [6.906, 43.9549, 15.2847, 62.2143, 80.0074, 68.4654, 12.7992, 2.0098, 80.8679, 64.9063, 77.8836, 22.423, 0.0, 32.9194, 8.0585, 20.2312, 41.8789, 42.4801, 7.777, 60.6839, 23.1658, 32.5762, 25.7867, 50.0734, 60.4462, 47.3701, 20.2617, 59.6944, 46.5002, 38.6555, 6.5675, 62.308, 61.581, 19.0868, 46.1616, 13.0324, 69.0431, 10.392, 11.9435, 70.9874, 12.3768, 10.952, 53.4756, 27.1649, 12.0077, 80.3084, 21.2917, 10.7213, 18.7089, 71.8895, 10.3783, 30.8933, 57.2921, 53.8904, 10.378, 32.1784, 22.7878, 10.3709, 51.9523, 24.9843, 78.3587, 57.1705, 37.4816, 12.6097, 73.9887, 15.6103, 40.6357, 55.6356, 45.3686, 40.4313, 20.7709, 46.6227, 48.1919, 78.0969, 47.6315, 67.1919, 28.374, 55.2623, 82.5958, 80.5419, 18.5755, 18.9055, 25.8585, 48.8461, 65.386, 21.9415, 53.2615, 35.598, 20.1334, 18.3949, 35.6961, 50.1546, 76.9228, 57.1384, 49.4166, 52.6177, 40.172, 39.289, 34.9484, 71.9087], [26.0134, 11.0355, 17.6347, 29.2949, 47.088, 35.546, 20.1202, 34.9292, 47.9485, 31.9869, 44.9642, 10.4964, 32.9194, 0.0, 24.8609, 12.6882, 8.9595, 9.5607, 25.1424, 27.7645, 9.7536, 0.3432, 7.1327, 17.154, 27.5268, 14.4507, 12.6577, 26.775, 13.5808, 5.7361, 39.4869, 29.3886, 28.6616, 13.8326, 15.9076, 27.0908, 36.8307, 35.1459, 28.9191, 38.721, 41.0074, 31.175, 22.1224, 12.984, 40.3279, 47.8538, 52.5481, 31.9318, 49.5874, 39.6002, 34.1393, 11.0517, 25.6192, 22.4968, 34.1478, 10.6582, 16.3411, 34.4885, 20.7629, 14.5387, 45.936, 25.5062, 10.824, 41.4119, 41.6507, 23.6475, 12.1713, 26.8597, 20.2676, 18.6288, 29.6107, 20.8825, 21.7437, 46.7468, 21.4252, 36.6488, 21.5637, 26.5725, 51.0288, 49.0679, 40.1301, 41.6587, 54.3194, 22.13, 35.035, 48.53, 25.0791, 18.529, 30.7642, 36.8545, 18.5144, 22.9456, 45.638, 28.0405, 22.4788, 24.6169, 18.5826, 18.4584, 18.644, 40.9542], [1.1525, 35.8964, 7.2262, 54.1558, 71.9489, 60.4069, 4.7407, 10.0683, 72.8094, 56.8478, 69.8251, 14.3645, 8.0585, 24.8609, 0.0, 12.1727, 33.8204, 34.4216, 0.2815, 52.6254, 15.1073, 24.5177, 17.7282, 42.0149, 52.3877, 39.3116, 12.2032, 51.6359, 38.4417, 30.597, 14.626, 54.2495, 53.5225, 11.0283, 38.3519, 10.3722, 61.088, 13.5497, 10.5883, 63.0263, 18.0829, 11.3205, 45.5968, 19.9554, 17.5119, 72.3248, 28.6002, 11.6649, 25.8056, 63.9258, 12.8961, 23.4589, 49.3883, 46.0087, 12.9014, 24.6869, 16.0372, 13.1171, 44.0854, 17.967, 70.3792, 49.2674, 29.8212, 18.4269, 66.0194, 10.9808, 32.9084, 48.1027, 38.14, 33.4535, 18.4421, 39.3444, 40.8574, 70.29, 40.3163, 59.4812, 22.8361, 47.7373, 74.7606, 72.719, 21.3182, 22.2354, 32.0457, 41.49, 57.6964, 27.1987, 45.7819, 28.995, 18.3703, 19.6899, 29.0837, 42.758, 69.1242, 49.5754, 42.0424, 45.154, 33.2104, 32.3855, 28.4103, 64.1506], [13.3251, 23.7237, 4.9464, 41.9831, 59.7762, 48.2343, 7.432, 22.2409, 60.6367, 44.6752, 57.6524, 2.1918, 20.2312, 12.6882, 12.1727, 0.0, 21.6477, 22.2489, 12.4541, 40.4528, 2.9346, 12.3451, 5.5556, 29.8423, 40.2151, 27.1389, 0.0305, 39.4633, 26.2691, 18.4243, 26.7986, 42.0768, 41.3498, 1.1444, 26.8354, 16.1184, 49.1355, 23.3251, 17.6707, 51.0589, 28.9103, 19.6677, 33.8566, 11.46, 28.2554, 60.3032, 40.1875, 20.353, 37.2744, 51.952, 22.3851, 13.6463, 37.574, 34.2594, 22.393, 14.5675, 10.3711, 22.7103, 32.3812, 10.6677, 58.367, 37.4553, 18.8888, 29.3008, 54.0317, 13.4497, 21.6978, 37.1446, 28.0908, 24.2206, 21.1764, 29.1395, 30.4797, 58.6267, 29.9978, 48.0509, 18.4222, 36.8012, 63.0321, 61.0187, 29.428, 30.7833, 42.5953, 31.0467, 46.3196, 37.0981, 34.9748, 21.0411, 21.936, 26.617, 21.0971, 32.1935, 57.4803, 38.5341, 31.5447, 34.3925, 24.0318, 23.4021, 20.6806, 52.6033], [34.9728, 2.076, 26.5941, 20.3354, 38.1285, 26.5866, 29.0797, 43.8887, 38.989, 23.0275, 36.0047, 19.4559, 41.8789, 8.9595, 33.8204, 21.6477, 0.0, 0.6012, 34.1018, 18.805, 18.7131, 9.3026, 16.0921, 8.1946, 18.5674, 5.4912, 21.6172, 17.8155, 4.6213, 3.2234, 48.4463, 20.4291, 19.7021, 22.7921, 10.8251, 35.5337, 28.3462, 43.7864, 37.4208, 30.1844, 49.7273, 39.7361, 14.8163, 19.7191, 49.0402, 39.1555, 61.3568, 40.5103, 58.3788, 31.0423, 42.7621, 16.4573, 17.8001, 15.1211, 42.7707, 15.4245, 23.9497, 43.1175, 13.7498, 21.7767, 37.2628, 17.6998, 11.9123, 50.1361, 33.0488, 31.942, 10.6891, 21.2267, 18.3736, 19.2819, 37.057, 18.3951, 18.5631, 38.6686, 18.4854, 29.2429, 27.3431, 21.0313, 42.7917, 40.8978, 48.2704, 49.8568, 62.8241, 18.678, 27.8055, 56.924, 20.0819, 21.6122, 38.3264, 44.8447, 21.5521, 18.9838, 37.6096, 22.0661, 18.7991, 19.8144, 19.3724, 19.7113, 22.0226, 33.1907], [35.574, 1.4748, 27.1954, 19.7342, 37.5273, 25.9853, 29.6809, 44.4899, 38.3878, 22.4262, 35.4035, 20.0571, 42.4801, 9.5607, 34.4216, 22.2489, 0.6012, 0.0, 34.7031, 18.2038, 19.3143, 9.9039, 16.6934, 7.5933, 17.9661, 4.89, 22.2184, 17.2143, 4.0201, 3.8246, 49.0475, 19.8279, 19.1009, 23.3933, 10.6683, 36.1091, 27.7875, 44.3707, 37.9989, 29.6205, 50.3154, 40.3168, 14.393, 20.2329, 49.628, 38.576, 61.9495, 41.0917, 58.9706, 30.4762, 43.3456, 16.9283, 17.315, 14.6894, 43.3543, 15.8746, 24.493, 43.7014, 13.3627, 22.3072, 36.6857, 17.2162, 12.2193, 50.7244, 32.4785, 32.5113, 10.8504, 20.9319, 18.3964, 19.4731, 37.5803, 18.3731, 18.486, 38.1407, 18.4278, 28.7776, 27.7914, 20.7451, 42.2495, 40.3615, 48.8269, 50.4163, 63.3993, 18.5786, 27.3571, 57.4934, 19.8466, 21.9349, 38.8551, 45.3938, 21.8725, 18.8411, 37.0861, 21.7388, 18.6805, 19.597, 19.5717, 19.9372, 22.3599, 32.6917], [0.871, 36.1778, 7.5077, 54.4372, 72.2303, 60.6884, 5.0222, 9.7868, 73.0909, 57.1293, 70.1065, 14.6459, 7.777, 25.1424, 0.2815, 12.4541, 34.1018, 34.7031, 0.0, 52.9069, 15.3887, 24.7992, 18.0097, 42.2964, 52.6692, 39.593, 12.4846, 51.9174, 38.7232, 30.8785, 14.3445, 54.531, 53.8039, 11.3098, 38.623, 10.3715, 61.3654, 13.3703, 10.5352, 63.304, 17.8531, 11.2106, 45.871, 20.1964, 17.2859, 72.6034, 28.3381, 11.5388, 25.5481, 64.2036, 12.7308, 23.7117, 49.6635, 46.283, 12.7359, 24.9427, 16.2529, 12.9467, 44.359, 18.1976, 70.6576, 49.5426, 30.0852, 18.1949, 66.2974, 11.0765, 33.1757, 48.3629, 38.387, 33.6891, 18.4693, 39.5935, 41.109, 70.5617, 40.5671, 59.749, 23.0045, 47.9972, 75.0335, 72.9914, 21.1767, 22.078, 31.8154, 41.7426, 57.9633, 26.9918, 46.0399, 29.2134, 18.3752, 19.5904, 29.3025, 43.0124, 69.3956, 49.837, 42.2957, 45.4112, 33.4453, 32.6177, 28.6256, 64.4204], [53.7779, 16.7291, 45.3992, 1.5303, 19.3235, 7.7815, 47.8847, 62.6937, 20.184, 4.2224, 17.1996, 38.2609, 60.6839, 27.7645, 52.6254, 40.4528, 18.805, 18.2038, 52.9069, 0.0, 37.5182, 28.1077, 34.8972, 10.6105, 0.2377, 13.3138, 40.4222, 0.9895, 14.1837, 22.0284, 67.2514, 1.6241, 0.897, 41.5971, 18.818, 53.8006, 12.8432, 62.216, 55.7335, 14.0926, 68.2316, 58.0971, 13.2357, 37.0574, 67.5371, 21.604, 79.9545, 58.8858, 76.9573, 14.7252, 61.176, 33.2425, 11.2417, 12.9772, 61.1847, 31.9524, 41.703, 61.537, 14.2531, 39.3451, 19.9013, 11.29, 26.7573, 68.6447, 16.2994, 50.1017, 23.7751, 20.1036, 26.5724, 30.755, 54.1966, 25.6014, 24.4463, 23.8566, 24.8508, 18.7889, 43.1627, 20.2676, 27.0405, 25.5338, 66.0493, 67.6945, 80.9942, 23.9858, 18.4855, 74.969, 21.2536, 35.3407, 55.5666, 62.4764, 35.2429, 23.1049, 23.1043, 19.5119, 23.595, 21.6071, 30.9891, 31.7966, 35.993, 20.3853], [16.2597, 20.7891, 7.881, 39.0485, 56.8416, 45.2997, 10.3665, 25.1755, 57.7021, 41.7406, 54.7178, 0.7428, 23.1658, 9.7536, 15.1073, 2.9346, 18.7131, 19.3143, 15.3887, 37.5182, 0.0, 9.4105, 2.621, 26.9077, 37.2805, 24.2043, 2.9041, 36.5287, 23.3345, 15.4897, 29.7332, 39.1422, 38.4152, 4.0789, 24.1554, 18.4617, 46.2712, 25.9865, 20.1206, 48.1892, 31.6671, 22.2151, 31.0761, 10.5511, 31.0039, 57.4146, 43.0294, 22.9269, 40.1014, 49.0799, 25.0227, 11.9489, 34.7629, 31.475, 25.0308, 12.68, 10.7619, 25.3565, 29.6161, 10.38, 55.4815, 34.6449, 16.5149, 32.0622, 51.1548, 15.4845, 19.1715, 34.6244, 25.9417, 22.4187, 22.7791, 26.925, 28.1935, 55.8475, 27.736, 45.353, 18.4339, 34.2897, 60.231, 58.2269, 31.7736, 33.1843, 45.2607, 28.7334, 43.6412, 39.6743, 32.5141, 19.7766, 23.6679, 28.8119, 19.8193, 29.8306, 54.7077, 35.9816, 29.209, 31.95, 22.253, 21.7065, 19.5075, 49.864], [25.6702, 11.3786, 17.2915, 29.638, 47.4311, 35.8892, 19.777, 34.586, 48.2917, 32.3301, 45.3073, 10.1533, 32.5762, 0.3432, 24.5177, 12.3451, 9.3026, 9.9039, 24.7992, 28.1077, 9.4105, 0.0, 6.7895, 17.4972, 27.87, 14.7938, 12.3146, 27.1182, 13.924, 6.0793, 39.1437, 29.7318, 29.0047, 13.4894, 16.1694, 26.7741, 37.1601, 34.8182, 28.599, 39.0518, 40.6755, 30.8516, 22.4261, 12.7805, 39.9964, 48.1889, 52.2117, 31.6075, 49.2519, 39.9315, 33.8126, 10.9378, 25.9334, 22.8018, 33.821, 10.5843, 16.0773, 34.1614, 21.0609, 14.3003, 46.2704, 25.8201, 10.9272, 41.0797, 41.9831, 23.3396, 12.3544, 27.1111, 20.415, 18.6889, 29.3423, 21.0479, 21.9292, 47.0625, 21.6038, 36.9462, 21.386, 26.8215, 51.3491, 49.3863, 39.8253, 41.3509, 53.9965, 22.3232, 35.3277, 48.2126, 25.314, 18.4872, 30.4896, 36.5574, 18.4746, 23.1529, 45.9523, 28.3006, 22.6783, 24.8466, 18.6375, 18.4952, 18.5884, 41.2612], [18.8807, 18.1681, 10.502, 36.4275, 54.2206, 42.6787, 12.9875, 27.7965, 55.0812, 39.1196, 52.0968, 3.3638, 25.7867, 7.1327, 17.7282, 5.5556, 16.0921, 16.6934, 18.0097, 34.8972, 2.621, 6.7895, 0.0, 24.2867, 34.6595, 21.5833, 5.5251, 33.9077, 20.7135, 12.8688, 32.3542, 36.5212, 35.7942, 6.6999, 21.8174, 20.6825, 43.7209, 28.409, 22.4074, 45.6331, 34.1543, 24.5634, 28.6187, 10.3931, 33.4854, 54.8388, 45.5775, 25.2922, 42.6386, 46.5214, 27.4295, 10.8874, 32.2707, 29.0132, 27.4377, 11.3758, 11.737, 27.7689, 27.1766, 10.8119, 52.909, 32.1537, 14.5684, 34.5527, 48.5911, 17.5189, 17.0263, 32.4325, 24.1624, 21.0262, 24.4207, 25.0726, 26.2608, 53.3793, 25.8307, 42.9698, 18.8349, 32.1072, 57.7404, 55.7459, 33.946, 35.3969, 47.668, 26.7705, 41.2784, 42.0149, 30.3876, 18.9625, 25.4022, 30.8764, 18.9912, 27.8124, 52.2463, 33.7545, 27.2212, 29.8436, 20.886, 20.4309, 18.7881, 47.4371], [43.1674, 6.1186, 34.7887, 12.1408, 29.9339, 18.392, 37.2742, 52.0832, 30.7945, 14.8329, 27.8101, 27.6505, 50.0734, 17.154, 42.0149, 29.8423, 8.1946, 7.5933, 42.2964, 10.6105, 26.9077, 17.4972, 24.2867, 0.0, 10.3728, 2.7034, 29.8118, 9.621, 3.5732, 11.4179, 56.6409, 12.2345, 11.5075, 30.9866, 11.5535, 43.4373, 20.9356, 51.7841, 45.3513, 22.6643, 57.7669, 47.6946, 10.642, 27.0345, 57.0757, 31.3288, 69.4473, 48.4772, 66.459, 23.4787, 50.751, 23.397, 12.12, 10.7447, 50.7597, 22.1853, 31.5364, 51.1096, 10.4043, 29.2439, 29.4803, 12.0566, 17.4672, 58.1781, 25.3986, 39.7817, 14.9612, 18.531, 20.2786, 23.1302, 44.3602, 19.7381, 19.1808, 31.6977, 19.3641, 23.4391, 33.8635, 18.483, 35.565, 33.7774, 55.9354, 57.5542, 70.7011, 18.9894, 22.3203, 64.7342, 18.3695, 26.8487, 45.6875, 52.4278, 26.7653, 18.6821, 30.7208, 18.8066, 18.8429, 18.3853, 23.3083, 23.9342, 27.4086, 26.7528], [53.5402, 16.4914, 45.1615, 1.768, 19.5611, 8.0192, 47.647, 62.456, 20.4217, 4.4601, 17.4373, 38.0233, 60.4462, 27.5268, 52.3877, 40.2151, 18.5674, 17.9661, 52.6692, 0.2377, 37.2805, 27.87, 34.6595, 10.3728, 0.0, 13.0762, 40.1846, 0.7518, 13.946, 21.7907, 67.0137, 1.8617, 1.1347, 41.3594, 18.6202, 53.5674, 12.9849, 61.9816, 55.5, 14.2546, 67.9967, 57.8632, 13.0893, 36.8293, 67.3023, 21.8128, 79.7189, 58.6518, 76.7218, 14.8949, 60.9417, 33.0168, 11.1521, 12.8357, 60.9505, 31.7277, 41.4728, 61.3027, 14.0911, 39.1159, 20.1045, 11.1982, 26.5383, 68.4097, 16.4834, 49.8692, 23.5614, 20.0082, 26.4011, 30.5647, 53.9731, 25.4364, 24.2901, 24.009, 24.6914, 18.8403, 42.9477, 20.1683, 27.2154, 25.6994, 65.8211, 67.4657, 80.7627, 23.8336, 18.5136, 74.7386, 21.1351, 35.1378, 55.3424, 62.2492, 35.0403, 22.9615, 23.2492, 19.4331, 23.4465, 21.4829, 30.798, 31.6029, 35.7888, 20.4895], [40.464, 3.4152, 32.0853, 14.8442, 32.6373, 21.0954, 34.5709, 49.3799, 33.4978, 17.5363, 30.5135, 24.9471, 47.3701, 14.4507, 39.3116, 27.1389, 5.4912, 4.89, 39.593, 13.3138, 24.2043, 14.7938, 21.5833, 2.7034, 13.0762, 0.0, 27.1084, 12.3243, 0.8699, 8.7146, 53.9375, 14.9379, 14.2109, 28.2833, 10.6424, 40.8172, 23.3224, 49.1385, 42.7241, 25.0985, 55.1096, 45.0598, 11.5527, 24.5599, 54.4196, 33.8916, 66.7755, 45.84, 63.7901, 25.9315, 48.1078, 21.0079, 13.7155, 11.7452, 48.1165, 19.8358, 28.997, 48.4655, 10.9573, 26.7335, 32.025, 13.635, 15.3759, 55.5201, 27.8882, 37.1785, 13.147, 19.0764, 19.2895, 21.5944, 41.9145, 18.917, 18.584, 33.937, 18.6856, 25.2074, 31.6265, 18.9735, 37.9055, 36.076, 53.3893, 54.999, 68.0942, 18.4901, 23.9595, 62.1467, 18.5558, 24.9457, 43.226, 49.9048, 24.8684, 18.3827, 32.9273, 19.5651, 18.4301, 18.4712, 21.7489, 22.2979, 25.4668, 28.7781], [13.3556, 23.6932, 4.9769, 41.9526, 59.7457, 48.2038, 7.4625, 22.2714, 60.6062, 44.6447, 57.6219, 2.1613, 20.2617, 12.6577, 12.2032, 0.0305, 21.6172, 22.2184, 12.4846, 40.4222, 2.9041, 12.3146, 5.5251, 29.8118, 40.1846, 27.1084, 0.0, 39.4327, 26.2386, 18.3938, 26.8291, 42.0463, 41.3193, 1.1749, 26.8073, 16.1417, 49.1057, 23.3525, 17.6954, 51.029, 28.9388, 19.6936, 33.8276, 11.4471, 28.2838, 60.2732, 40.217, 20.3793, 37.3037, 51.9221, 22.4121, 13.6265, 37.5447, 34.2303, 22.42, 14.5461, 10.3709, 22.7374, 32.3523, 10.6606, 58.3369, 37.426, 18.8633, 29.3293, 54.0018, 13.4692, 21.671, 37.1181, 28.0678, 24.2008, 21.1916, 29.1158, 30.4554, 58.5978, 29.9737, 48.0227, 18.4199, 36.7748, 63.0029, 60.9896, 29.4519, 30.8078, 42.6229, 31.0221, 46.2916, 37.1246, 34.9488, 21.0262, 21.9527, 26.639, 21.0821, 32.1685, 57.4514, 38.5073, 31.5199, 34.3667, 24.0121, 23.3832, 20.6666, 52.5747], [52.7884, 15.7396, 44.4097, 2.5198, 20.313, 8.771, 46.8952, 61.7042, 21.1735, 5.2119, 18.1891, 37.2714, 59.6944, 26.775, 51.6359, 39.4633, 17.8155, 17.2143, 51.9174, 0.9895, 36.5287, 27.1182, 33.9077, 9.621, 0.7518, 12.3243, 39.4327, 0.0, 13.1942, 21.0389, 66.2619, 2.6136, 1.8865, 40.6076, 18.0006, 52.83, 13.4507, 61.2405, 54.7616, 14.7805, 67.2538, 57.1237, 12.6447, 36.1085, 66.5595, 22.4771, 78.9735, 57.912, 75.9769, 15.4434, 60.201, 32.3039, 10.8982, 12.4076, 60.2098, 31.0181, 40.7453, 60.5619, 13.5934, 38.3915, 20.7522, 10.9368, 25.848, 67.6667, 17.0743, 49.1341, 22.8888, 19.7223, 25.8664, 29.9672, 53.2668, 24.9223, 23.805, 24.4998, 24.1955, 19.0214, 42.2694, 19.8697, 27.7748, 26.2307, 65.0995, 66.7426, 80.0308, 23.3618, 18.6222, 74.0101, 20.7736, 34.4992, 54.6337, 61.5313, 34.4023, 22.5184, 23.7175, 19.2009, 22.9869, 21.1028, 30.1979, 30.9942, 35.1457, 20.8334], [39.5942, 2.5454, 31.2155, 15.714, 33.5072, 21.9652, 33.701, 48.51, 34.3677, 18.4061, 31.3833, 24.0773, 46.5002, 13.5808, 38.4417, 26.2691, 4.6213, 4.0201, 38.7232, 14.1837, 23.3345, 13.924, 20.7135, 3.5732, 13.946, 0.8699, 26.2386, 13.1942, 0.0, 7.8447, 53.0677, 15.8078, 15.0807, 27.4134, 10.4815, 39.9766, 24.1046, 48.2886, 41.8808, 25.8931, 54.2556, 44.2137, 11.9615, 23.7742, 53.5659, 34.7207, 65.9163, 44.9932, 62.932, 26.7311, 47.2588, 20.256, 14.2999, 12.1777, 47.2675, 19.0997, 28.1865, 47.6162, 11.2682, 25.9339, 32.8492, 14.2151, 14.7454, 54.6658, 28.6975, 36.344, 12.631, 19.3292, 19.0421, 21.15, 41.1344, 18.7283, 18.4722, 34.6716, 18.546, 25.8109, 30.9225, 19.2098, 38.6687, 36.8273, 52.5734, 54.1798, 67.257, 18.4112, 24.527, 61.3162, 18.6986, 24.3656, 42.4402, 49.097, 24.2906, 18.3701, 33.6527, 19.8813, 18.38, 18.5826, 21.2959, 21.8166, 24.8722, 29.4529], [31.7494, 5.2994, 23.3708, 23.5588, 41.3519, 29.8099, 25.8563, 40.6653, 42.2124, 26.2508, 39.2281, 16.2325, 38.6555, 5.7361, 30.597, 18.4243, 3.2234, 3.8246, 30.8785, 22.0284, 15.4897, 6.0793, 12.8688, 11.4179, 21.7907, 8.7146, 18.3938, 21.0389, 7.8447, 0.0, 45.223, 23.6525, 22.9255, 19.5687, 12.148, 32.4643, 31.3683, 40.6619, 34.3353, 33.23, 46.5796, 36.6341, 17.2664, 17.0619, 45.8948, 42.2723, 58.1824, 37.4034, 55.2097, 34.0974, 39.6427, 14.1015, 20.506, 17.6062, 39.6513, 13.2174, 21.0905, 39.9963, 16.0514, 19.0045, 40.3688, 20.3995, 10.701, 46.9871, 36.1235, 28.9122, 10.3903, 23.0117, 18.5858, 18.5578, 34.2947, 18.8425, 19.293, 41.5333, 19.1163, 31.8154, 25.0493, 22.7756, 45.7239, 43.8016, 45.3061, 46.8753, 59.749, 19.5207, 30.3002, 53.8831, 21.5867, 20.1015, 35.531, 41.9249, 20.0553, 20.0414, 40.453, 24.0026, 19.7373, 21.2342, 18.6015, 18.7841, 20.4224, 35.9197], [13.4735, 50.5223, 21.8522, 68.7817, 86.5748, 75.0329, 19.3667, 4.5577, 87.4354, 71.4738, 84.451, 28.9904, 6.5675, 39.4869, 14.626, 26.7986, 48.4463, 49.0475, 14.3445, 67.2514, 29.7332, 39.1437, 32.3542, 56.6409, 67.0137, 53.9375, 26.8291, 66.2619, 53.0677, 45.223, 0.0, 68.8754, 68.1484, 25.6543, 52.5819, 17.7944, 75.5425, 11.9346, 16.2354, 77.4903, 10.3726, 14.4676, 59.9319, 33.3293, 10.3837, 86.825, 15.8815, 13.9207, 13.7341, 78.394, 12.4904, 37.1451, 63.7621, 60.3483, 12.4854, 38.4538, 28.7912, 12.29, 58.4023, 31.0791, 84.8728, 63.6402, 43.8303, 10.3885, 80.4966, 20.9777, 47.0156, 61.8728, 51.4425, 46.3778, 24.5339, 52.7224, 54.3212, 84.4942, 53.7506, 73.5311, 33.6491, 61.4951, 89.0108, 86.9492, 18.7599, 18.4887, 21.7426, 54.987, 71.7127, 19.1558, 59.4692, 41.3626, 23.5953, 19.8553, 41.4652, 56.3171, 83.315, 63.3924, 55.5671, 58.8167, 46.1105, 45.1989, 40.6822, 78.2762], [55.4019, 18.3531, 47.0233, 0.0937, 17.6994, 6.1574, 49.5088, 64.3178, 18.5599, 2.5983, 15.5756, 39.885, 62.308, 29.3886, 54.2495, 42.0768, 20.4291, 19.8279, 54.531, 1.6241, 39.1422, 29.7318, 36.5212, 12.2345, 1.8617, 14.9379, 42.0463, 2.6136, 15.8078, 23.6525, 68.8754, 0.0, 0.727, 43.2212, 20.1931, 55.3951, 11.9574, 63.8179, 57.33, 13.0478, 69.8372, 59.6957, 14.3015, 38.6193, 69.1424, 20.1944, 81.5651, 60.4851, 78.5669, 13.6204, 62.7771, 34.7892, 11.9627, 14.0137, 62.7859, 33.4927, 43.2779, 63.1384, 15.4125, 40.914, 18.5345, 12.0247, 28.2614, 70.2505, 15.0819, 51.6917, 25.2464, 20.8164, 27.7686, 32.0722, 55.7273, 26.7581, 25.547, 22.8546, 25.9724, 18.5158, 44.6377, 21.0055, 25.8723, 24.4337, 67.6108, 69.259, 82.5767, 25.061, 18.3747, 76.5446, 22.1151, 36.7378, 57.1019, 64.0304, 36.6387, 24.1245, 22.1569, 20.1177, 24.6467, 22.5046, 32.3114, 33.1355, 37.3988, 19.7355], [54.6749, 17.6261, 46.2962, 0.6333, 18.4264, 6.8845, 48.7818, 63.5907, 19.2869, 3.3254, 16.3026, 39.158, 61.581, 28.6616, 53.5225, 41.3498, 19.7021, 19.1009, 53.8039, 0.897, 38.4152, 29.0047, 35.7942, 11.5075, 1.1347, 14.2109, 41.3193, 1.8865, 15.0807, 22.9255, 68.1484, 0.727, 0.0, 42.4942, 19.5728, 54.6811, 12.3354, 63.1006, 56.6151, 13.5014, 69.1184, 58.9799, 13.8109, 37.9194, 68.4237, 20.8215, 80.8441, 59.769, 77.8463, 14.1026, 62.0602, 34.096, 11.6174, 13.5354, 62.069, 32.8022, 42.5724, 62.4214, 14.8827, 40.2112, 19.1414, 11.6736, 27.5864, 69.5316, 15.6178, 50.9797, 24.5854, 20.4845, 27.2276, 31.479, 55.0414, 26.2342, 25.0472, 23.2945, 25.4636, 18.6211, 43.9761, 20.6626, 26.3893, 24.9191, 66.9115, 68.5583, 81.8681, 24.5722, 18.4067, 75.839, 21.7187, 36.11, 56.414, 63.3343, 36.0115, 23.6597, 22.5715, 19.8324, 24.168, 22.0926, 31.716, 32.533, 36.7672, 20.0127], [12.1808, 24.868, 3.8021, 43.1274, 60.9206, 49.3786, 6.2876, 21.0966, 61.7811, 45.8195, 58.7967, 3.3362, 19.0868, 13.8326, 11.0283, 1.1444, 22.7921, 23.3933, 11.3098, 41.5971, 4.0789, 13.4894, 6.6999, 30.9866, 41.3594, 28.2833, 1.1749, 40.6076, 27.4134, 19.5687, 25.6543, 43.2212, 42.4942, 0.0, 27.8943, 15.2601, 50.2547, 22.3059, 16.7576, 52.1799, 27.8451, 18.7051, 34.9477, 11.9917, 27.1942, 61.4309, 39.0831, 19.3771, 36.1766, 53.0738, 21.3775, 14.4163, 38.6752, 35.3517, 21.3853, 15.3927, 10.4406, 21.6985, 33.4673, 10.9923, 59.4935, 38.5562, 19.8552, 28.2334, 55.1552, 12.7516, 22.7096, 38.1434, 28.9663, 24.9816, 20.6309, 30.0365, 31.4005, 59.7146, 30.9104, 49.1102, 18.5439, 37.7971, 64.1277, 62.1109, 28.543, 29.8728, 41.5658, 31.9765, 47.3723, 36.1083, 35.9536, 21.6222, 21.3321, 25.8009, 21.6828, 33.1398, 58.5658, 39.5438, 32.4818, 35.3652, 24.7851, 24.1278, 21.2306, 53.6771], [39.4627, 10.4216, 31.4557, 20.1127, 36.5289, 25.6719, 33.8121, 48.1222, 37.3548, 22.4622, 34.4978, 24.8283, 46.1616, 15.9076, 38.3519, 26.8354, 10.8251, 10.6683, 38.623, 18.818, 24.1554, 16.1694, 21.8174, 11.5535, 18.6202, 10.6424, 26.8073, 18.0006, 10.4815, 12.148, 52.5819, 20.1931, 19.5728, 27.8943, 0.0, 37.0893, 23.2782, 45.6432, 39.0577, 25.2442, 51.7365, 41.4616, 7.4787, 19.8743, 51.0338, 34.6543, 63.5767, 42.263, 60.553, 26.1559, 44.5882, 15.8811, 11.364, 7.9015, 44.5971, 14.5202, 24.6905, 44.9544, 5.9251, 22.2514, 32.6878, 11.2404, 8.9633, 52.1544, 28.2767, 33.3143, 5.6916, 29.7113, 28.9524, 30.1058, 45.5096, 28.8191, 28.7434, 42.2174, 28.7589, 34.8159, 37.0341, 29.6135, 45.711, 44.0917, 55.7245, 57.1972, 69.4109, 28.7416, 33.7907, 63.8191, 29.174, 32.186, 46.6459, 52.5652, 32.1346, 28.7898, 41.3403, 30.1536, 28.7542, 29.0639, 30.1938, 30.5138, 32.5357, 37.7925], [10.4177, 37.5241, 12.7359, 55.303, 72.8569, 61.4545, 11.4731, 14.339, 73.7088, 57.9496, 70.7554, 17.852, 13.0324, 27.0908, 10.3722, 16.1184, 35.5337, 36.1091, 10.3715, 53.8006, 18.4617, 26.7741, 20.6825, 43.4373, 53.5674, 40.8172, 16.1417, 52.83, 39.9766, 32.4643, 17.7944, 55.3951, 54.6811, 15.2601, 37.0893, 0.0, 60.3674, 8.5539, 1.9685, 62.3334, 14.6473, 4.3723, 44.5679, 17.215, 13.9445, 71.7436, 26.4875, 5.1737, 23.4637, 63.2452, 7.4989, 21.2082, 48.4533, 44.9908, 7.5078, 22.5691, 12.3987, 7.8652, 43.0143, 14.8379, 69.777, 48.3297, 28.1259, 15.0652, 65.3659, 3.775, 31.3977, 53.0777, 44.2082, 40.2122, 28.7968, 45.2564, 46.5838, 73.8365, 46.1078, 63.6036, 31.8527, 52.7455, 78.1142, 76.158, 30.6507, 31.2865, 38.8175, 47.1421, 61.9326, 34.9528, 50.9756, 36.5618, 28.7424, 29.5624, 36.6327, 48.2667, 72.7248, 54.4208, 47.6311, 50.4102, 40.009, 39.3227, 36.0963, 68.0024], [62.2241, 26.4251, 53.9807, 12.0043, 15.6704, 10.3729, 56.4219, 71.0307, 16.3254, 10.8996, 14.1482, 46.9954, 69.0431, 36.8307, 61.088, 49.1355, 28.3462, 27.7875, 61.3654, 12.8432, 46.2712, 37.1601, 43.7209, 20.9356, 12.9849, 23.3224, 49.1057, 13.4507, 24.1046, 31.3683, 75.5425, 11.9574, 12.3354, 50.2547, 23.2782, 60.3674, 0.0, 68.9213, 62.3359, 1.966, 75.0147, 64.7398, 15.7995, 43.1525, 74.312, 11.3761, 86.8549, 65.5412, 83.8312, 2.8777, 67.8664, 39.1592, 11.9142, 15.3767, 67.8752, 37.7984, 47.9687, 68.2326, 17.3531, 45.5296, 9.4096, 12.0377, 32.2415, 75.4326, 4.9985, 56.5925, 28.9698, 32.7701, 39.2807, 43.1923, 65.2365, 38.3613, 37.2557, 29.7399, 37.6447, 28.9683, 54.7794, 32.962, 31.2489, 30.483, 76.6143, 78.203, 91.1111, 36.8099, 29.2631, 85.2502, 34.0537, 47.4592, 66.5448, 73.1713, 47.3682, 35.9463, 29.4524, 32.0368, 36.4288, 34.4268, 43.4101, 44.1614, 48.067, 28.768], [12.8384, 45.8059, 19.0221, 63.7254, 81.3329, 69.9006, 16.9926, 10.4582, 82.1864, 66.383, 79.2268, 25.3071, 10.392, 35.1459, 13.5497, 23.3251, 43.7864, 44.3707, 13.3703, 62.216, 25.9865, 34.8182, 28.409, 51.7841, 61.9816, 49.1385, 23.3525, 61.2405, 48.2886, 40.6619, 11.9346, 63.8179, 63.1006, 22.3059, 45.6432, 8.5539, 68.9213, 0.0, 6.5854, 70.8873, 6.0933, 4.1816, 53.1219, 25.7689, 5.3906, 80.2975, 17.9336, 3.3802, 14.9098, 71.7991, 1.055, 29.7621, 57.0072, 53.5447, 1.0461, 31.123, 20.9526, 0.6887, 51.5682, 23.3918, 78.3309, 56.8836, 36.6798, 6.5113, 73.9198, 12.3289, 39.9516, 60.4468, 51.0118, 46.5978, 30.5494, 52.1477, 53.5763, 81.7836, 53.0652, 71.3392, 36.369, 60.099, 86.1256, 84.1414, 28.8167, 28.9916, 33.6688, 54.1741, 69.623, 30.8959, 58.2404, 42.386, 30.0876, 28.7865, 42.4702, 55.3737, 80.6533, 61.8498, 54.6965, 57.6444, 46.3688, 45.5915, 41.8298, 75.841], [10.4173, 39.4197, 13.9707, 57.2378, 74.8059, 63.3956, 12.4429, 13.0575, 75.6582, 59.8873, 72.7032, 19.4878, 11.9435, 28.9191, 10.5883, 17.6707, 37.4208, 37.9989, 10.5352, 55.7335, 20.1206, 28.599, 22.4074, 45.3513, 55.5, 42.7241, 17.6954, 54.7616, 41.8808, 34.3353, 16.2354, 57.33, 56.6151, 16.7576, 39.0577, 1.9685, 62.3359, 6.5854, 0.0, 64.3019, 12.6788, 2.4038, 46.5364, 19.1834, 11.976, 73.7121, 24.519, 3.2052, 21.4952, 65.2136, 5.5304, 23.1767, 50.4218, 46.9592, 5.5393, 24.5375, 14.3672, 5.8967, 44.9828, 16.8064, 71.7455, 50.2982, 30.0944, 13.0967, 67.3344, 5.7435, 33.3662, 54.743, 45.7219, 41.6128, 28.9866, 46.7936, 48.1483, 75.6536, 47.6629, 65.3657, 32.7496, 54.4067, 79.9479, 77.9844, 30.0234, 30.5622, 37.5226, 48.7173, 63.6829, 33.8712, 52.6131, 37.8102, 28.8335, 29.1642, 37.8847, 49.862, 74.5371, 56.102, 49.2152, 52.0395, 41.4026, 40.6917, 37.3202, 69.7914], [64.1634, 28.2438, 55.9113, 13.1049, 14.2561, 10.5192, 58.3555, 72.9762, 14.8597, 11.6555, 12.8918, 48.9148, 70.9874, 38.721, 63.0263, 51.0589, 30.1844, 29.6205, 63.304, 14.0926, 48.1892, 39.0518, 45.6331, 22.6643, 14.2546, 25.0985, 51.029, 14.7805, 25.8931, 33.23, 77.4903, 13.0478, 13.5014, 52.1799, 25.2442, 62.3334, 1.966, 70.8873, 64.3019, 0.0, 76.9807, 66.7057, 17.7655, 45.1184, 76.2779, 9.4102, 88.8209, 67.5071, 85.7971, 0.9117, 69.8323, 41.1252, 13.8801, 17.3426, 69.8412, 39.7643, 49.9347, 70.1986, 19.3191, 47.4955, 7.4436, 14.0037, 34.2075, 77.3986, 3.0325, 58.5584, 30.9357, 33.7587, 40.6463, 44.679, 67.007, 39.6908, 38.5365, 29.2962, 38.9433, 29.2795, 56.4625, 33.9679, 30.5307, 29.8854, 78.4402, 80.0346, 92.9788, 38.0692, 29.696, 87.1036, 35.1475, 49.0382, 68.3232, 74.9833, 48.9454, 37.1604, 29.086, 32.9526, 37.6687, 35.547, 44.9024, 45.672, 49.6568, 28.7488], [17.1516, 51.7594, 24.3578, 69.7446, 87.3799, 75.9319, 22.1341, 11.4049, 88.2344, 72.4078, 85.2715, 30.9662, 12.3768, 41.0074, 18.0829, 28.9103, 49.7273, 50.3154, 17.8531, 68.2316, 31.6671, 40.6755, 34.1543, 57.7669, 67.9967, 55.1096, 28.9388, 67.2538, 54.2556, 46.5796, 10.3726, 69.8372, 69.1184, 27.8451, 51.7365, 14.6473, 75.0147, 6.0933, 12.6788, 76.9807, 0.0, 10.2749, 59.2152, 31.8622, 0.7027, 86.3908, 11.8402, 9.4735, 8.8165, 77.8924, 7.1483, 35.8554, 63.1005, 59.638, 7.1395, 37.2163, 27.046, 6.7821, 57.6616, 29.4851, 84.4243, 62.977, 42.7732, 0.4179, 80.0132, 18.4222, 46.0449, 65.8711, 56.1511, 51.5313, 33.1151, 57.3305, 58.8096, 87.5145, 58.281, 76.9553, 40.391, 65.5153, 91.8922, 89.8923, 29.0166, 28.8309, 30.9352, 59.4273, 75.215, 29.2149, 63.6113, 47.0464, 32.4175, 29.7601, 47.1371, 60.6645, 86.374, 67.3049, 59.9664, 62.9996, 51.2898, 50.4681, 46.4462, 81.5126], [10.9097, 41.7437, 15.6832, 59.6034, 77.1873, 65.7682, 13.9161, 11.753, 78.0401, 62.2562, 75.0832, 21.561, 10.952, 31.175, 11.3205, 19.6677, 39.7361, 40.3168, 11.2106, 58.0971, 22.2151, 30.8516, 24.5634, 47.6946, 57.8632, 45.0598, 19.6936, 57.1237, 44.2137, 36.6341, 14.4676, 59.6957, 58.9799, 18.7051, 41.4616, 4.3723, 64.7398, 4.1816, 2.4038, 66.7057, 10.2749, 0.0, 48.9403, 21.5873, 9.5722, 76.1159, 22.1152, 0.8014, 19.0914, 67.6175, 3.1266, 25.5805, 52.8256, 49.3631, 3.1355, 26.9414, 16.771, 3.4929, 47.3867, 19.2102, 74.1494, 52.702, 32.4982, 10.6928, 69.7382, 8.1473, 35.77, 56.8029, 47.6154, 43.383, 29.3962, 48.713, 50.0975, 77.8826, 49.6017, 67.533, 33.9676, 56.462, 82.1956, 80.224, 29.4183, 29.8304, 36.0243, 50.6781, 65.8369, 32.6629, 54.6424, 39.4146, 29.1255, 28.8532, 39.493, 51.8449, 76.7607, 58.1795, 51.1859, 54.0598, 43.1652, 42.4274, 38.8978, 71.9887], [46.7198, 13.4126, 38.595, 14.2371, 29.4346, 19.0714, 40.9946, 55.4486, 30.2415, 16.2006, 27.4572, 31.7773, 53.4756, 22.1224, 45.5968, 33.8566, 14.8163, 14.393, 45.871, 13.2357, 31.0761, 22.4261, 28.6187, 10.642, 13.0893, 11.5527, 33.8276, 12.6447, 11.9615, 17.2664, 59.9319, 14.3015, 13.8109, 34.9477, 7.4787, 44.5679, 15.7995, 53.1219, 46.5364, 17.7655, 59.2152, 48.9403, 0.0, 27.353, 58.5125, 27.1756, 71.0554, 49.7417, 68.0317, 18.6772, 52.0669, 23.3597, 3.8853, 0.4228, 52.0757, 21.9989, 32.1692, 52.4331, 1.5536, 29.7301, 25.2091, 3.7618, 16.442, 59.6331, 20.798, 40.793, 13.1703, 28.7403, 30.7651, 33.1115, 51.5252, 30.304, 29.808, 37.0903, 29.9747, 31.2115, 42.1522, 28.7423, 40.1716, 38.7281, 62.2514, 63.774, 76.2813, 29.6284, 30.5276, 70.5769, 28.8459, 36.1744, 52.7381, 58.969, 36.105, 29.3178, 36.3385, 28.7873, 29.4849, 28.9127, 33.2571, 33.7691, 36.6416, 33.4236], [20.9485, 21.5125, 14.2842, 38.529, 55.871, 44.5812, 16.0948, 29.0326, 56.7168, 41.1281, 53.7856, 10.7127, 27.1649, 12.984, 19.9554, 11.46, 19.7191, 20.2329, 20.1964, 37.0574, 10.5511, 12.7805, 10.3931, 27.0345, 36.8293, 24.5599, 11.4471, 36.1085, 23.7742, 17.0619, 33.3293, 38.6193, 37.9194, 11.9917, 19.8743, 17.215, 43.1525, 25.7689, 19.1834, 45.1184, 31.8622, 21.5873, 27.353, 0.0, 31.1595, 54.5286, 43.7024, 22.3887, 40.6787, 46.0302, 24.7139, 3.9932, 31.2383, 27.7758, 24.7228, 5.3541, 4.8162, 25.0802, 25.7994, 2.3771, 52.5621, 31.1147, 10.9109, 32.2801, 48.151, 13.44, 14.1827, 39.7142, 33.0784, 30.7414, 32.6119, 33.7765, 34.701, 58.3651, 34.3647, 48.8694, 28.9504, 39.4422, 62.4289, 60.5653, 40.0321, 41.2414, 51.9759, 35.102, 47.3621, 46.9354, 38.0175, 29.2404, 33.3236, 37.5321, 29.2617, 35.9296, 57.3164, 40.8274, 35.4587, 37.5717, 30.6392, 30.3085, 29.1099, 52.9032], [16.5973, 51.0711, 23.7238, 69.0497, 86.6822, 75.2358, 21.5158, 11.1309, 87.5366, 71.7124, 84.574, 30.3049, 12.0077, 40.3279, 17.5119, 28.2554, 49.0402, 49.628, 17.2859, 67.5371, 31.0039, 39.9964, 33.4854, 57.0757, 67.3023, 54.4196, 28.2838, 66.5595, 53.5659, 45.8948, 10.3837, 69.1424, 68.4237, 27.1942, 51.0338, 13.9445, 74.312, 5.3906, 11.976, 76.2779, 0.7027, 9.5722, 58.5125, 31.1595, 0.0, 85.6881, 12.543, 8.7708, 9.5192, 77.1897, 6.4456, 35.1527, 62.3978, 58.9353, 6.4367, 36.5136, 26.3432, 6.0793, 56.9589, 28.7824, 83.7215, 62.2742, 42.0704, 1.1206, 79.3104, 17.7195, 45.3422, 65.2395, 55.5486, 50.9495, 32.7717, 56.7235, 58.1975, 86.8511, 57.6706, 76.3039, 39.9004, 64.8845, 91.225, 89.2267, 28.9282, 28.7837, 31.202, 58.8132, 74.5661, 29.3492, 62.9851, 46.492, 32.0984, 29.5855, 46.5821, 60.0466, 85.7116, 66.6701, 59.3506, 62.3751, 50.7093, 49.892, 45.8962, 80.8554], [73.4656, 37.1577, 65.1815, 20.2749, 10.3775, 15.2425, 67.6365, 82.3017, 10.4438, 18.0143, 10.5179, 58.1453, 80.3084, 47.8538, 72.3248, 60.3032, 39.1555, 38.576, 72.6034, 21.604, 57.4146, 48.1889, 54.8388, 31.3288, 21.8128, 33.8916, 60.2732, 22.4771, 34.7207, 42.2723, 86.825, 20.1944, 20.8215, 61.4309, 34.6543, 71.7436, 11.3761, 80.2975, 73.7121, 9.4102, 86.3908, 76.1159, 