[4, 40]
[[0.0, 62.3386, 56.8046, 21.9859, 52.7891, 17.0422, 95.7609, 28.5362, 60.0198, 26.6526, 11.1168, 34.1639, 19.7578, 48.2381, 33.082, 87.3512, 41.8559, 39.1791, 57.8994, 30.6608, 71.8829, 29.608, 82.5603, 37.1551, 95.4349, 79.6687, 59.3936, 60.2208, 83.9699, 29.9675, 70.0071, 29.9142, 40.3334, 40.9402, 38.9534, 60.8171, 101.229, 57.7214, 57.5083, 30.9783], [62.3386, 0.0, 5.534, 40.3526, 9.5495, 45.2964, 33.4223, 33.8024, 2.3188, 35.686, 51.2218, 28.1747, 42.5808, 14.1004, 56.0235, 35.6367, 44.1411, 47.1267, 32.1615, 61.8823, 29.7691, 69.6255, 33.0641, 49.6657, 41.014, 31.8019, 31.5248, 31.3106, 33.8251, 65.3925, 29.7082, 65.7601, 45.9249, 45.2505, 47.5335, 31.1, 45.4696, 32.346, 32.4455, 61.1815], [56.8046, 5.534, 0.0, 34.8186, 4.0155, 39.7624, 38.9563, 28.2684, 3.2152, 30.152, 45.6878, 22.6407, 37.0468, 8.5664, 51.4082, 38.9902, 40.2074, 42.9613, 30.4266, 57.0839, 30.8525, 64.6593, 35.8737, 45.342, 45.0222, 34.2152, 30.0731, 30.0151, 36.7988, 60.5139, 30.413, 60.8735, 41.856, 41.2343, 43.3497, 29.9222, 49.7923, 30.5745, 30.6348, 56.4067], [21.9859, 40.3526, 34.8186, 0.0, 30.8032, 4.9438, 73.775, 6.5503, 38.0339, 4.6666, 10.8692, 12.178, 2.2282, 26.2522, 30.4662, 67.081, 30.562, 29.8282, 40.591, 32.7402, 52.632, 37.2825, 62.5348, 29.6039, 74.8445, 59.817, 41.7945, 42.498, 63.8789, 34.6739, 50.9565, 34.8887, 30.1612, 30.3304, 29.8646, 42.9903, 80.4687, 40.4785, 40.3099, 32.4681], [52.7891, 9.5495, 4.0155, 30.8032, 0.0, 35.7469, 42.9718, 24.2529, 7.2307, 26.1365, 41.6723, 18.6252, 33.0313, 4.551, 48.1806, 41.7154, 37.6062, 40.1465, 29.7546, 53.6908, 32.2161, 61.117, 38.2859, 42.3814, 48.1203, 36.3954, 29.6285, 29.6919, 39.3049, 57.0489, 31.5284, 57.4014, 39.1293, 38.5563, 40.5172, 29.6906, 53.0699, 29.8708, 29.8992, 53.0346], [17.0422, 45.2964, 39.7624, 4.9438, 35.7469, 0.0, 78.7187, 11.494, 42.9776, 9.6104, 5.9254, 17.1217, 2.7156, 31.1959, 29.687, 71.5507, 32.1511, 30.8313, 44.1214, 30.952, 56.788, 34.5008, 66.9306, 30.0914, 79.4092, 64.1597, 45.4198, 46.1646, 68.2949, 32.3978, 55.0499, 32.565, 31.4116, 31.713, 30.7942, 46.6907, 85.0832, 43.9886, 43.8055, 30.8005], [95.7609, 33.4223, 38.9563, 73.775, 42.9718, 78.7187, 0.0, 67.2247, 35.7411, 69.1083, 84.6441, 61.597, 76.0031, 47.5228, 86.2274, 32.5657, 72.4869, 76.087, 54.7005, 92.6232, 42.3267, 100.8828, 35.0065, 79.0543, 30.0249, 36.7586, 53.2532, 52.5564, 34.319, 96.3736, 43.9168, 96.766, 74.6206, 73.8061, 76.5365, 51.9931, 29.7066, 54.9678, 55.1772, 91.8482], [28.5362, 33.8024, 28.2684, 6.5503, 24.2529, 11.494, 67.2247, 0.0, 31.4836, 1.8836, 17.4194, 5.6277, 8.7785, 19.7019, 32.6433, 61.2712, 29.619, 29.7388, 36.4234, 36.0294, 47.3593, 41.5915, 56.8494, 30.2179, 68.877, 54.2219, 37.4585, 38.0871, 58.1588, 38.4686, 45.7922, 38.7321, 29.7149, 29.6913, 29.8741, 38.5194, 74.4198, 36.345, 36.2021, 35.6266], [60.0198, 2.3188, 3.2152, 38.0339, 7.2307, 42.9776, 35.7411, 31.4836, 0.0, 33.3672, 48.903, 25.8559, 40.262, 11.7817, 54.0686, 36.9781, 42.4494, 45.3457, 31.3274, 59.8563, 30.1042, 67.5339, 34.1604, 47.8237, 42.6519, 32.7209, 30.8041, 30.653, 34.9954, 63.3352, 29.881, 63.6997, 44.1813, 43.5272, 45.7455, 30.49, 47.2501, 31.4977, 31.5816, 59.1647], [26.6526, 35.686, 30.152, 4.6666, 26.1365, 9.6104, 69.1083, 1.8836, 33.3672, 0.0, 15.5358, 7.5113, 6.8948, 21.5856, 31.8949, 62.927, 29.7458, 29.6165, 37.5523, 34.9898, 48.8439, 40.2905, 58.4658, 29.896, 70.5825, 55.8096, 38.6415, 39.2944, 59.7863, 37.2992, 47.2421, 37.5502, 29.6963, 29.729, 29.7239, 39.7461, 76.1508, 37.4631, 37.312, 34.621], [11.1168, 51.2218, 45.6878, 10.8692, 41.6723, 5.9254, 84.6441, 17.4194, 48.903, 15.5358, 0.0, 23.0471, 8.641, 37.1214, 29.8251, 76.9844, 34.8933, 32.9833, 48.6781, 29.7643, 61.9218, 31.8649, 72.2926, 31.6982, 84.9364, 69.4707, 50.0633, 50.8451, 73.6762, 30.513, 60.1247, 30.6109, 33.8138, 34.2481, 32.8676, 51.4022, 90.6597, 48.526, 48.3296, 29.7761], [34.1639, 28.1747, 22.6407, 12.178, 18.6252, 17.1217, 61.597, 5.6277, 25.8559, 7.5113, 23.0471, 0.0, 14.4061, 14.0742, 35.386, 56.4093, 29.951, 30.7954, 33.4581, 39.5094, 43.11, 45.7207, 52.1272, 31.831, 63.8413, 49.602, 34.2992, 34.8392, 53.397, 42.271, 41.6677, 42.5655, 30.4722, 30.2844, 31.0079, 35.2021, 69.2957, 33.4165, 33.3032, 39.0202], [19.7578, 42.5808, 37.0468, 2.2282, 33.0313, 2.7156, 76.0031, 8.7785, 40.262, 6.8948, 8.641, 14.4061, 0.0, 28.4804, 30.0169, 69.0876, 31.1914, 30.1844, 42.147, 31.8518, 54.4888, 35.9713, 64.5062, 29.723, 76.8961, 61.7631, 43.3962, 44.1197, 65.8599, 33.5771, 52.7834, 33.7717, 30.6325, 30.8633, 30.1871, 44.6283, 82.5437, 42.0249, 41.8493, 31.6318], [48.2381, 14.1004, 8.5664, 26.2522, 4.551, 31.1959, 47.5228, 19.7019, 11.7817, 21.5856, 37.1214, 14.0742, 28.4804, 0.0, 44.6774, 45.0381, 34.9829, 37.2236, 29.6393, 49.957, 34.2686, 57.1779, 41.3224, 39.2533, 51.7841, 39.2184, 29.7785, 29.9786, 42.4267, 53.2155, 33.3366, 53.5582, 36.3294, 35.8245, 37.5686, 30.0811, 56.8991, 29.7161, 29.7065, 49.3294], [33.082, 56.0235, 51.4082, 30.4662, 48.1806, 29.687, 86.2274, 32.6433, 54.0686, 31.8949, 29.8251, 35.386, 30.0169, 44.6774, 0.0, 67.4098, 14.8198, 10.8944, 34.9879, 6.7785, 50.7324, 15.4549, 62.2984, 7.6841, 75.9552, 59.1926, 36.7188, 70.2177, 87.0759, 60.247, 76.6797, 60.3216, 60.5984, 60.7884, 60.2022, 70.5867, 101.1924, 68.7111, 68.5858, 59.5852], [87.3512, 35.6367, 38.9902, 67.081, 41.7154, 71.5507, 32.5657, 61.2712, 36.9781, 62.927, 76.9844, 56.4093, 69.0876, 45.0381, 67.4098, 0.0, 52.59, 56.5154, 32.422, 74.1883, 16.6775, 82.8647, 5.1115, 59.7258, 8.5453, 8.2173, 30.691, 66.3524, 59.4008, 98.0623, 62.1935, 98.391, 80.7917, 80.1906, 82.2211, 66.048, 61.0592, 67.7006, 67.821, 94.3076], [41.8559, 44.1411, 40.2074, 30.562, 37.6062, 32.1511, 72.4869, 29.619, 42.4494, 29.7458, 34.8933, 29.951, 31.1914, 34.9829, 14.8198, 52.59, 0.0, 3.9254, 20.168, 21.5983, 35.9125, 30.2747, 47.4785, 7.1358, 61.1353, 44.3727, 21.899, 63.5224, 76.8872, 64.5479, 68.2505, 64.7121, 59.3337, 59.306, 59.4506, 63.7712, 89.6044, 62.5423, 62.4636, 62.8154], [39.1791, 47.1267, 42.9613, 29.8282, 40.1465, 30.8313, 76.087, 29.7388, 45.3457, 29.6165, 32.9833, 30.7954, 30.1844, 37.2236, 10.8944, 56.5154, 3.9254, 0.0, 24.0934, 17.6729, 39.8379, 26.3493, 51.404, 3.2104, 65.0607, 48.2981, 25.8244, 65.0346, 79.4441, 63.0992, 70.2777, 63.2414, 59.3119, 59.343, 59.2911, 65.3188, 92.5841, 63.9002, 63.8079, 61.6302], [57.8994, 32.1615, 30.4266, 40.591, 29.7546, 44.1214, 54.7005, 36.4234, 31.3274, 37.5523, 48.6781, 33.4581, 42.147, 29.6393, 34.9879, 32.422, 20.168, 24.0934, 0.0, 41.7664, 15.7445, 50.4427, 27.3105, 27.3038, 40.9673, 24.2047, 1.7309, 59.3478, 65.9076, 74.8499, 60.8379, 75.1023, 63.4011, 63.0917, 64.1687, 59.3821, 75.6687, 59.2899, 59.2916, 72.0381], [30.6608, 61.8823, 57.0839, 32.7402, 53.6908, 30.952, 92.6232, 36.0294, 59.8563, 34.9898, 29.7643, 39.5094, 31.8518, 49.957, 6.7785, 74.1883, 21.5983, 17.6729, 41.7664, 0.0, 57.5109, 8.6764, 69.0769, 14.4626, 82.7337, 65.9711, 43.4973, 74.0708, 92.156, 59.4188, 81.1478, 59.4475, 62.3534, 62.6343, 61.7402, 74.483, 106.7595, 72.3738, 72.2315, 59.2954], [71.8829, 29.7691, 30.8525, 52.632, 32.2161, 56.788, 42.3267, 47.3593, 30.1042, 48.8439, 61.9218, 43.11, 54.4888, 34.2686, 50.7324, 16.6775, 35.9125, 39.8379, 15.7445, 57.5109, 0.0, 66.1872, 11.566, 43.0483, 25.2228, 8.4602, 14.0136, 60.7219, 60.7066, 85.3758, 59.3268, 85.673, 70.5325, 70.0551, 71.6824, 60.5779, 67.031, 61.4116, 61.4769, 82.0111], [29.608, 69.6255, 64.6593, 37.2825, 61.117, 34.5008, 100.8828, 41.5915, 67.5339, 40.2905, 31.8649, 45.7207, 35.9713, 57.1779, 15.4549, 82.8647, 30.2747, 26.3493, 50.4427, 8.6764, 66.1872, 0.0, 77.7533, 23.139, 91.41, 74.6474, 52.1737, 79.5752, 98.9559, 59.4798, 87.3022, 59.4483, 65.561, 65.9452, 64.6992, 80.0332, 114.0767, 77.6755, 77.5151, 60.0496], [82.5603, 33.0641, 35.8737, 62.5348, 38.2859, 66.9306, 35.0065, 56.8494, 34.1604, 58.4658, 72.2926, 52.1272, 64.5062, 41.3224, 62.2984, 5.1115, 47.4785, 51.404, 27.3105, 69.0769, 11.566, 77.7533, 0.0, 54.6143, 13.6568, 3.1058, 25.5796, 64.2202, 59.3077, 94.0417, 60.8453, 94.3621, 77.4104, 76.842, 78.766, 63.9604, 62.4784, 65.3865, 65.4917, 90.3898], [37.1551, 49.6657, 45.342, 29.6039, 42.3814, 30.0914, 79.0543, 30.2179, 47.8237, 29.896, 31.6982, 31.831, 29.723, 39.2533, 7.6841, 59.7258, 7.1358, 3.2104, 27.3038, 14.4626, 43.0483, 23.139, 54.6143, 0.0, 68.2711, 51.5085, 29.0347, 66.4184, 81.6161, 62.0739, 72.0522, 62.1972, 59.4869, 59.5658, 59.3536, 66.7297, 95.0721, 65.1657, 65.0629, 60.8323], [95.4349, 41.014, 45.0222, 74.8445, 48.1203, 79.4092, 30.0249, 68.877, 42.6519, 70.5825, 84.9364, 63.8413, 76.8961, 51.7841, 75.9552, 8.5453, 61.1353, 65.0607, 40.9673, 82.7337, 25.2228, 91.41, 13.6568, 68.2711, 0.0, 16.7626, 39.2364, 70.603, 60.528, 104.996, 65.2846, 105.3366, 86.8234, 86.1762, 88.3568, 70.2338, 59.5971, 72.2147, 72.3569, 101.0959], [79.6687, 31.8019, 34.2152, 59.817, 36.3954, 64.1597, 36.7586, 54.2219, 32.7209, 55.8096, 69.4707, 49.602, 61.7631, 39.2184, 59.1926, 8.2173, 44.3727, 48.2981, 24.2047, 65.9711, 8.4602, 74.6474, 3.1058, 51.5085, 16.7626, 0.0, 22.4738, 63.0919, 59.466, 91.6518, 60.2235, 91.9666, 75.451, 74.9046, 76.757, 62.8612, 63.5263, 64.1387, 64.234, 88.069], [59.3936, 31.5248, 30.0731, 41.7945, 29.6285, 45.4198, 53.2532, 37.4585, 30.8041, 38.6415, 50.0633, 34.2992, 43.3962, 29.7785, 36.7188, 30.691, 21.899, 25.8244, 1.7309, 43.4973, 14.0136, 52.1737, 25.5796, 29.0347, 39.2364, 22.4738, 0.0, 59.2962, 65.1702, 75.9188, 60.4734, 76.1771, 64.0347, 63.7043, 64.8505, 59.3106, 74.6056, 59.3228, 59.3317, 73.0351], [60.2208, 31.3106, 30.0151, 42.498, 29.6919, 46.1646, 52.5564, 38.0871, 30.653, 39.2944, 50.8451, 34.8392, 44.1197, 29.9786, 70.2177, 66.3524, 63.5224, 65.0346, 59.3478, 74.0708, 60.7219, 79.5752, 64.2202, 66.4184, 70.603, 63.0919, 59.2962, 0.0, 26.1526, 48.3193, 11.0063, 48.7316, 25.0928, 24.2041, 27.1762, 0.6843, 44.3838, 2.893, 3.1416, 43.5501], [83.9699, 33.8251, 36.7988, 63.8789, 39.3049, 68.2949, 34.319, 58.1588, 34.9954, 59.7863, 73.6762, 53.397, 65.8599, 42.4267, 87.0759, 59.4008, 76.8872, 79.4441, 65.9076, 92.156, 60.7066, 98.9559, 59.3077, 81.6161, 60.528, 59.466, 65.1702, 26.1526, 0.0, 74.4719, 15.1463, 74.8842, 51.2454, 50.3566, 53.3287, 25.4682, 18.2312, 29.0455, 29.2942, 69.7027], [29.9675, 65.3925, 60.5139, 34.6739, 57.0489, 32.3978, 96.3736, 38.4686, 63.3352, 37.2992, 30.513, 42.271, 33.5771, 53.2155, 60.247, 98.0623, 64.5479, 63.0992, 74.8499, 59.4188, 85.3758, 59.4798, 94.0417, 62.0739, 104.996, 91.6518, 75.9188, 48.3193, 74.4719, 0.0, 59.3256, 0.4124, 23.2265, 24.1152, 21.1431, 49.0036, 92.703, 45.4263, 45.1777, 4.7692], [70.0071, 29.7082, 30.413, 50.9565, 31.5284, 55.0499, 43.9168, 45.7922, 29.881, 47.2421, 60.1247, 41.6677, 52.7834, 33.3366, 76.6797, 62.1935, 68.2505, 70.2777, 60.8379, 81.1478, 59.3268, 87.3022, 60.8453, 72.0522, 65.2846, 60.2235, 60.4734, 11.0063, 15.1463, 59.3256, 0.0, 59.7379, 36.0991, 35.2104, 38.1825, 10.322, 33.3775, 13.8993, 14.1479, 54.5564], [29.9142, 65.7601, 60.8735, 34.8887, 57.4014, 32.565, 96.766, 38.7321, 63.6997, 37.5502, 30.6109, 42.5655, 33.7717, 53.5582, 60.3216, 98.391, 64.7121, 63.2414, 75.1023, 59.4475, 85.673, 59.4483, 94.3621, 62.1972, 105.3366, 91.9666, 76.1771, 48.7316, 74.8842, 0.4124, 59.7379, 0.0, 23.6388, 24.5276, 21.5555, 49.416, 93.1154, 45.8387, 45.59, 5.1815], [40.3334, 45.9249, 41.856, 30.1612, 39.1293, 31.4116, 74.6206, 29.7149, 44.1813, 29.6963, 33.8138, 30.4722, 30.6325, 36.3294, 60.5984, 80.7917, 59.3337, 59.3119, 63.4011, 62.3534, 70.5325, 65.561, 77.4104, 59.4869, 86.8234, 75.451, 64.0347, 25.0928, 51.2454, 23.2265, 36.0991, 23.6388, 0.0, 0.8888, 2.0833, 25.7772, 69.4766, 22.1999, 21.9512, 18.4573], [40.9402, 45.2505, 41.2343, 30.3304, 38.5563, 31.713, 73.8061, 29.6913, 43.5272, 29.729, 34.2481, 30.2844, 30.8633, 35.8245, 60.7884, 80.1906, 59.306, 59.343, 63.0917, 62.6343, 70.0551, 65.9452, 76.842, 59.5658, 86.1762, 74.9046, 63.7043, 24.2041, 50.3566, 24.1152, 35.2104, 24.5276, 0.8888, 0.0, 2.9721, 24.8884, 68.5878, 21.3111, 21.0625, 19.3461], [38.9534, 47.5335, 43.3497, 29.8646, 40.5172, 30.7942, 76.5365, 29.8741, 45.7455, 29.7239, 32.8676, 31.0079, 30.1871, 37.5686, 60.2022, 82.2211, 59.4506, 59.2911, 64.1687, 61.7402, 71.6824, 64.6992, 78.766, 59.3536, 88.3568, 76.757, 64.8505, 27.1762, 53.3287, 21.1431, 38.1825, 21.5555, 2.0833, 2.9721, 0.0, 27.8605, 71.5599, 24.2832, 24.0346, 16.374], [60.8171, 31.1, 29.9222, 42.9903, 29.6906, 46.6907, 51.9931, 38.5194, 30.49, 39.7461, 51.4022, 35.2021, 44.6283, 30.0811, 70.5867, 66.048, 63.7712, 65.3188, 59.3821, 74.483, 60.5779, 80.0332, 63.9604, 66.7297, 70.2338, 62.8612, 59.3106, 0.6843, 25.4682, 49.0036, 10.322, 49.416, 25.7772, 24.8884, 27.8605, 0.0, 43.6994, 3.5773, 3.8259, 44.2345], [101.229, 45.4696, 49.7923, 80.4687, 53.0699, 85.0832, 29.7066, 74.4198, 47.2501, 76.1508, 90.6597, 69.2957, 82.5437, 56.8991, 101.1924, 61.0592, 89.6044, 92.5841, 75.6687, 106.7595, 67.031, 114.0767, 62.4784, 95.0721, 59.5971, 63.5263, 74.6056, 44.3838, 18.2312, 92.703, 33.3775, 93.1154, 69.4766, 68.5878, 71.5599, 43.6994, 0.0, 47.2767, 47.5254, 87.9339], [57.7214, 32.346, 30.5745, 40.4785, 29.8708, 43.9886, 54.9678, 36.345, 31.4977, 37.4631, 48.526, 33.4165, 42.0249, 29.7161, 68.7111, 67.7006, 62.5423, 63.9002, 59.2899, 72.3738, 61.4116, 77.6755, 65.3865, 65.1657, 72.2147, 64.1387, 59.3228, 2.893, 29.0455, 45.4263, 13.8993, 45.8387, 22.1999, 21.3111, 24.2832, 3.5773, 47.2767, 0.0, 0.2486, 40.6571], [57.5083, 32.4455, 30.6348, 40.3099, 29.8992, 43.8055, 55.1772, 36.2021, 31.5816, 37.312, 48.3296, 33.3032, 41.8493, 29.7065, 68.5858, 67.821, 62.4636, 63.8079, 59.2916, 72.2315, 61.4769, 77.5151, 65.4917, 65.0629, 72.3569, 64.234, 59.3317, 3.1416, 29.2942, 45.1777, 14.1479, 45.59, 21.9512, 21.0625, 24.0346, 3.8259, 47.5254, 0.2486, 0.0, 40.4085], [30.9783, 61.1815, 56.4067, 32.4681, 53.0346, 30.8005, 91.8482, 35.6266, 59.1647, 34.621, 29.7761, 39.0202, 31.6318, 49.3294, 59.5852, 94.3076, 62.8154, 61.6302, 72.0381, 59.2954, 82.0111, 60.0496, 90.3898, 60.8323, 101.0959, 88.069, 73.0351, 43.5501, 69.7027, 4.7692, 54.5564, 5.1815, 18.4573, 19.3461, 16.374, 44.2345, 87.9339, 40.6571, 40.4085, 0.0]]
[[0.0, 53.7819, 66.5455, 11.1091, 61.1576, 6.9983, 46.7785, 80.1819, 17.8615, 0.4479, 47.9093, 30.4917, 13.3526, 54.3725, 47.6777, 51.7896, 89.4882, 47.7734, 48.1336, 65.8986, 80.6067, 73.3161, 47.82, 60.4473, 48.3464, 48.1676, 89.3847, 76.2462, 45.4083, 65.0011, 45.0304, 59.8243, 95.7767, 43.9974, 58.1679, 95.6028, 47.8269, 50.7359, 94.1333, 55.7158], [53.7819, 0.0, 12.7636, 42.6728, 7.3757, 46.7837, 7.0034, 26.4, 35.9204, 54.2299, 5.8727, 23.2902, 40.4293, 0.5905, 63.3451, 55.7908, 51.7074, 63.0616, 81.0182, 46.9881, 48.0045, 46.5497, 79.9909, 48.852, 61.5652, 62.0009, 51.6544, 44.6392, 79.019, 44.1729, 61.5982, 45.6939, 53.8867, 66.1588, 46.4596, 53.773, 55.7943, 52.0743, 52.8291, 47.878], [66.5455, 12.7636, 0.0, 55.4364, 5.3879, 59.5473, 19.767, 13.6364, 48.684, 66.9934, 18.6362, 36.0538, 53.1929, 12.1731, 72.6276, 63.7505, 47.5083, 72.3067, 91.7673, 50.5036, 46.4619, 47.4849, 90.6848, 54.1767, 70.6005, 71.0995, 47.4831, 43.9915, 89.9214, 47.5496, 71.1544, 50.8276, 47.5949, 76.1951, 52.1261, 47.5187, 64.4848, 59.9479, 46.9009, 54.3044], [11.1091, 42.6728, 55.4364, 0.0, 50.0485, 4.1109, 35.6694, 69.0728, 6.7524, 11.5571, 36.8001, 19.3826, 2.2435, 43.2633, 46.4586, 47.9272, 80.201, 46.457, 52.1542, 58.5459, 71.8142, 65.1036, 51.5948, 54.0188, 46.5126, 46.485, 80.1023, 67.4552, 49.5147, 57.2834, 43.8016, 52.8858, 86.0472, 44.3393, 51.5403, 85.8789, 44.5408, 46.1356, 84.4581, 49.6233], [61.1576, 7.3757, 5.3879, 50.0485, 0.0, 54.1593, 14.3791, 19.0243, 43.2961, 61.6055, 13.2483, 30.6659, 47.805, 6.7852, 68.5728, 60.1891, 48.92, 68.2659, 87.1635, 48.6435, 46.6956, 46.6686, 86.1018, 51.612, 66.6378, 67.1132, 48.8822, 43.8149, 85.2562, 45.7218, 66.9902, 48.3171, 49.9507, 71.853, 49.4123, 49.8569, 60.6408, 56.4064, 49.0869, 51.3033], [6.9983, 46.7837, 59.5473, 4.1109, 54.1593, 0.0, 39.7803, 73.1836, 10.8632, 7.4462, 40.911, 23.4934, 6.3544, 47.3742, 46.6058, 49.0996, 83.5859, 46.641, 50.4191, 61.1347, 74.9962, 68.0468, 49.9438, 56.2277, 46.8938, 46.8083, 83.4852, 70.6322, 47.7357, 60.0154, 43.9341, 55.2949, 89.6102, 43.8865, 53.821, 89.4396, 45.4691, 47.5881, 87.9989, 51.6836], [46.7785, 7.0034, 19.767, 35.6694, 14.3791, 39.7803, 0.0, 33.4033, 28.9171, 47.2265, 1.1307, 16.2869, 33.4259, 7.5939, 58.8089, 52.2394, 55.1425, 58.5535, 75.3876, 46.457, 50.2278, 47.5085, 74.401, 47.1587, 57.2142, 57.6025, 55.0774, 46.5037, 73.2927, 43.8148, 56.8919, 44.2096, 58.2457, 61.0859, 44.6139, 58.1169, 51.7483, 48.6437, 57.0417, 45.5019], [80.1819, 26.4, 13.6364, 69.0728, 19.0243, 73.1836, 33.4033, 0.0, 62.3204, 80.6298, 32.2726, 49.6902, 66.8293, 25.8094, 83.5658, 73.7612, 46.6039, 83.2186, 103.757, 57.2432, 48.6108, 52.0459, 102.6339, 62.2994, 81.3649, 81.9084, 46.6136, 47.2644, 102.0474, 54.331, 82.3305, 58.9309, 44.0808, 87.7046, 60.6133, 44.0591, 75.0671, 69.972, 43.9095, 63.3288], [17.8615, 35.9204, 48.684, 6.7524, 43.2961, 10.8632, 28.9171, 62.3204, 0.0, 18.3094, 30.0478, 12.6302, 4.5089, 36.511, 47.0027, 46.7282, 74.7992, 46.941, 55.5496, 54.6998, 66.808, 60.565, 54.8701, 50.9056, 46.6723, 46.7403, 74.7043, 62.4737, 53.0022, 53.1824, 44.4167, 49.4183, 80.3085, 45.8795, 48.3226, 80.1447, 43.8179, 44.4774, 78.7625, 46.8295], [0.4479, 54.2299, 66.9934, 11.5571, 61.6055, 7.4462, 47.2265, 80.6298, 18.3094, 0.0, 48.3572, 30.9396, 13.8006, 54.8204, 47.7804, 51.9891, 89.8713, 47.8799, 48.0184, 66.2171, 80.9732, 73.6632, 47.7158, 60.7348, 48.4723, 48.2879, 89.7677, 76.6133, 45.2921, 65.3328, 45.1366, 60.1303, 96.1753, 44.0424, 58.4636, 96.0012, 48.0086, 50.9635, 94.5301, 55.9938], [47.9093, 5.8727, 18.6362, 36.8001, 13.2483, 40.911, 1.1307, 32.2726, 30.0478, 48.3572, 0.0, 17.4176, 34.5566, 6.4632, 59.5089, 52.7661, 54.5417, 59.2485, 76.2813, 46.4718, 49.8089, 47.2848, 75.2875, 47.3662, 57.8815, 58.2781, 54.4784, 46.1358, 74.2024, 43.7971, 57.6201, 44.3778, 57.5066, 61.8794, 44.8431, 57.38, 52.3593, 49.1463, 56.3239, 45.8215], [30.4917, 23.2902, 36.0538, 19.3826, 30.6659, 23.4934, 16.2869, 49.6902, 12.6302, 30.9396, 17.4176, 0.0, 17.1391, 23.8808, 50.4894, 47.0749, 65.3727, 50.3272, 63.3607, 49.2156, 58.3957, 53.3489, 62.5122, 47.1719, 49.5069, 49.7392, 65.2876, 54.1951, 61.0147, 47.1784, 48.1576, 44.9829, 70.0613, 51.0848, 44.484, 69.9087, 45.2252, 44.068, 68.6254, 43.9745], [13.3526, 40.4293, 53.1929, 2.2435, 47.805, 6.3544, 33.4259, 66.8293, 4.5089, 13.8006, 34.5566, 17.1391, 0.0, 41.0198, 46.5315, 47.4257, 78.383, 46.5097, 53.2114, 57.2083, 70.1184, 63.552, 52.6095, 52.9092, 46.457, 46.4612, 78.2855, 65.765, 50.6002, 55.8637, 43.8919, 51.6617, 84.1238, 44.744, 50.3937, 83.9569, 44.1876, 45.4803, 82.5481, 48.6089], [54.3725, 0.5905, 12.1731, 43.2633, 6.7852, 47.3742, 7.5939, 25.8094, 36.511, 54.8204, 6.4632, 23.8808, 41.0198, 0.0, 63.748, 56.12, 51.4509, 63.4625, 81.5027, 47.0802, 47.8592, 46.5162, 80.4724, 49.0379, 61.9543, 62.3935, 51.399, 44.5288, 79.5112, 44.2537, 62.0149, 45.8658, 53.5448, 66.6025, 46.66, 53.4326, 56.1621, 52.3961, 52.5012, 48.1196], [47.6777, 63.3451, 72.6276, 46.4586, 68.5728, 46.6058, 58.8089, 83.5658, 47.0027, 47.7804, 59.5089, 50.4894, 46.5315, 63.748, 0.0, 12.1694, 65.7648, 0.4181, 23.3133, 36.0176, 55.1528, 45.9988, 22.0554, 27.9535, 2.6639, 2.003, 65.6437, 51.7611, 22.8642, 37.4059, 2.672, 30.1504, 74.504, 7.0457, 27.6879, 74.3086, 8.9025, 15.1276, 72.6531, 23.8684], [51.7896, 55.7908, 63.7505, 47.9272, 60.1891, 49.0996, 52.2394, 73.7612, 46.7282, 51.9891, 52.7661, 47.0749, 47.4257, 56.12, 12.1694, 0.0, 53.5954, 11.7513, 35.4826, 23.8482, 42.9834, 33.8295, 34.2248, 15.7842, 9.5055, 10.1664, 53.4744, 39.6127, 34.9796, 25.2821, 12.7035, 18.0604, 62.344, 18.8819, 15.6187, 62.1486, 4.5355, 3.8063, 60.4935, 11.8527], [89.4882, 51.7074, 47.5083, 80.201, 48.92, 83.5859, 55.1425, 46.6039, 74.7992, 89.8713, 54.5417, 65.3727, 78.383, 51.4509, 65.7648, 53.5954, 0.0, 65.3467, 89.0781, 29.7472, 10.612, 19.766, 87.8202, 37.8113, 63.1009, 63.7618, 0.1211, 14.3213, 88.5137, 28.5777, 66.0709, 35.8309, 9.0897, 72.338, 38.2974, 8.9029, 57.3307, 50.9424, 7.3386, 42.1291], [47.7734, 63.0616, 72.3067, 46.457, 68.2659, 46.641, 58.5535, 83.2186, 46.941, 47.8799, 59.2485, 50.3272, 46.5097, 63.4625, 0.4181, 11.7513, 65.3467, 0.0, 23.7313, 35.5995, 54.7347, 45.5808, 22.4735, 27.5355, 2.2458, 1.5849, 65.2257, 51.3436, 23.2795, 36.9889, 2.7433, 29.7339, 74.0862, 7.4345, 27.2718, 73.8908, 8.5045, 14.7163, 72.2353, 23.453], [48.1336, 81.0182, 91.7673, 52.1542, 87.1635, 50.4191, 75.3876, 103.757, 55.5496, 48.0184, 76.2813, 63.3607, 53.2114, 81.5027, 23.3133, 35.4826, 89.0781, 23.7313, 0.0, 59.3309, 78.4661, 69.3121, 1.2579, 51.2668, 25.9772, 25.3162, 88.957, 75.0531, 2.7278, 60.6828, 23.2136, 53.4123, 97.806, 16.9984, 50.9426, 97.6105, 31.9201, 38.2977, 95.9545, 47.1081], [65.8986, 46.9881, 50.5036, 58.5459, 48.6435, 61.1347, 46.457, 57.2432, 54.6998, 66.2171, 46.4718, 49.2156, 57.2083, 47.0802, 36.0176, 23.8482, 29.7472, 35.5995, 59.3309, 0.0, 19.1352, 9.9812, 58.073, 8.0641, 33.3537, 34.0146, 29.6261, 15.8992, 58.7867, 2.9579, 36.3676, 6.5493, 38.5309, 42.6249, 8.8662, 38.3358, 27.65, 21.2925, 36.6833, 12.5823], [80.6067, 48.0045, 46.4619, 71.8142, 46.6956, 74.9962, 50.2278, 48.6108, 66.808, 80.9732, 49.8089, 58.3957, 70.1184, 47.8592, 55.1528, 42.9834, 10.612, 54.7347, 78.4661, 19.1352, 0.0, 9.154, 77.2082, 27.1993, 52.4889, 53.1498, 10.4909, 4.3644, 77.9071, 18.0388, 55.4692, 25.2605, 19.4862, 61.7344, 27.7209, 19.2925, 46.7328, 40.3487, 17.6531, 31.5454], [73.3161, 46.5497, 47.4849, 65.1036, 46.6686, 68.0468, 47.5085, 52.0459, 60.565, 73.6632, 47.2848, 53.3489, 63.552, 46.5162, 45.9988, 33.8295, 19.766, 45.5808, 69.3121, 9.9812, 9.154, 0.0, 68.0542, 18.0453, 43.3349, 43.9958, 19.6449, 6.2846, 68.7592, 9.0858, 46.3278, 16.1861, 28.5818, 52.5904, 18.6299, 28.3871, 37.5972, 31.2204, 26.7382, 22.4374], [47.82, 79.9909, 90.6848, 51.5948, 86.1018, 49.9438, 74.401, 102.6339, 54.8701, 47.7158, 75.2875, 62.5122, 52.6095, 80.4724, 22.0554, 34.2248, 87.8202, 22.4735, 1.2579, 58.073, 77.2082, 68.0542, 0.0, 50.0089, 24.7193, 24.0584, 87.6991, 73.796, 2.7391, 59.4261, 21.9645, 52.1561, 96.5486, 15.7573, 49.6865, 96.3531, 30.6668, 37.043, 94.6971, 45.8523], [60.4473, 48.852, 54.1767, 54.0188, 51.612, 56.2277, 47.1587, 62.2994, 50.9056, 60.7348, 47.3662, 47.1719, 52.9092, 49.0379, 27.9535, 15.7842, 37.8113, 27.5355, 51.2668, 8.0641, 27.1993, 18.0453, 50.0089, 0.0, 25.2896, 25.9505, 37.6902, 23.8877, 50.7322, 9.7284, 28.3312, 3.3763, 46.579, 34.5802, 2.689, 46.3838, 19.6387, 13.3297, 44.73, 5.0001], [48.3464, 61.5652, 70.6005, 46.5126, 66.6378, 46.8938, 57.2142, 81.3649, 46.6723, 48.4723, 57.8815, 49.5069, 46.457, 61.9543, 2.6639, 9.5055, 63.1009, 2.2458, 25.9772, 33.3537, 52.4889, 43.3349, 24.7193, 25.2896, 0.0, 0.6609, 62.9798, 49.1009, 25.5119, 34.7492, 3.9473, 27.4978, 71.8419, 9.5654, 25.0377, 71.6465, 6.4099, 12.514, 69.991, 21.2232], [48.1676, 62.0009, 71.0995, 46.485, 67.1132, 46.8083, 57.6025, 81.9084, 46.7403, 48.2879, 58.2781, 49.7392, 46.4612, 62.3935, 2.003, 10.1664, 63.7618, 1.5849, 25.3162, 34.0146, 53.1498, 43.9958, 24.0584, 25.9505, 0.6609, 0.0, 63.6407, 49.7609, 24.8546, 35.4083, 3.4876, 28.1557, 72.5024, 8.9325, 25.6949, 72.307, 7.0166, 13.1606, 70.6515, 21.879], [89.3847, 51.6544, 47.4831, 80.1023, 48.8822, 83.4852, 55.0774, 46.6136, 74.7043, 89.7677, 54.4784, 65.2876, 78.2855, 51.399, 65.6437, 53.4744, 0.1211, 65.2257, 88.957, 29.6261, 10.4909, 19.6449, 87.6991, 37.6902, 62.9798, 63.6407, 0.0, 14.2024, 88.3927, 28.4571, 65.95, 35.7102, 9.2055, 72.217, 38.1767, 9.0185, 57.2098, 50.8215, 7.4516, 42.0083], [76.2462, 44.6392, 43.9915, 67.4552, 43.8149, 70.6322, 46.5037, 47.2644, 62.4737, 76.6133, 46.1358, 54.1951, 65.765, 44.5288, 51.7611, 39.6127, 14.3213, 51.3436, 75.0531, 15.8992, 4.3644, 6.2846, 73.796, 23.8877, 49.1009, 49.7609, 14.2024, 0.0, 74.4016, 14.3815, 51.9452, 21.6599, 22.7639, 58.2169, 24.1328, 22.5683, 43.1969, 36.8008, 20.9117, 27.973], [45.4083, 79.019, 89.9214, 49.5147, 85.2562, 47.7357, 73.2927, 102.0474, 53.0022, 45.2921, 74.2024, 61.0147, 50.6002, 79.5112, 22.8642, 34.9796, 88.5137, 23.2795, 2.7278, 58.7867, 77.9071, 68.7592, 2.7391, 50.7322, 25.5119, 24.8546, 88.3927, 74.4016, 0.0, 60.0201, 22.4564, 52.7417, 97.1655, 16.1847, 50.2688, 96.9699, 31.2047, 37.6008, 95.3133, 46.4286], [65.0011, 44.1729, 47.5496, 57.2834, 45.7218, 60.0154, 43.8148, 54.331, 53.1824, 65.3328, 43.7971, 47.1784, 55.8637, 44.2537, 37.4059, 25.2821, 28.5777, 36.9889, 60.6828, 2.9579, 18.0388, 9.0858, 59.4261, 9.7284, 34.7492, 35.4083, 28.4571, 14.3815, 60.0201, 0.0, 37.5637, 7.2784, 37.1454, 43.8354, 9.7513, 36.9498, 28.8154, 22.4193, 35.2932, 13.5915], [45.0304, 61.5982, 71.1544, 43.8016, 66.9902, 43.9341, 56.8919, 82.3305, 44.4167, 45.1366, 57.6201, 48.1576, 43.8919, 62.0149, 2.672, 12.7035, 66.0709, 2.7433, 23.2136, 36.3676, 55.4692, 46.3278, 21.9645, 28.3312, 3.9473, 3.4876, 65.95, 51.9452, 22.4564, 37.5637, 0.0, 30.2853, 74.7091, 6.2717, 27.8124, 74.5135, 8.7484, 15.1445, 72.8569, 23.9723], [59.8243, 45.6939, 50.8276, 52.8858, 48.3171, 55.2949, 44.2096, 58.9309, 49.4183, 60.1303, 44.3778, 44.9829, 51.6617, 45.8658, 30.1504, 18.0604, 35.8309, 29.7339, 53.4123, 6.5493, 25.2605, 16.1861, 52.1561, 3.3763, 27.4978, 28.1557, 35.7102, 21.6599, 52.7417, 7.2784, 30.2853, 0.0, 44.4238, 36.557, 2.4729, 44.2282, 21.537, 15.1409, 42.5716, 6.3131], [95.7767, 53.8867, 47.5949, 86.0472, 49.9507, 89.6102, 58.2457, 44.0808, 80.3085, 96.1753, 57.5066, 70.0613, 84.1238, 53.5448, 74.504, 62.344, 9.0897, 74.0862, 97.806, 38.5309, 19.4862, 28.5818, 96.5486, 46.579, 71.8419, 72.5024, 9.2055, 22.7639, 97.1655, 37.1454, 74.7091, 44.4238, 0.0, 80.9808, 46.8967, 0.1956, 65.9607, 59.5646, 1.8522, 50.7368], [43.9974, 66.1588, 76.1951, 44.3393, 71.853, 43.8865, 61.0859, 87.7046, 45.8795, 44.0424, 61.8794, 51.0848, 44.744, 66.6025, 7.0457, 18.8819, 72.338, 7.4345, 16.9984, 42.6249, 61.7344, 52.5904, 15.7573, 34.5802, 9.5654, 8.9325, 72.217, 58.2169, 16.1847, 43.8354, 6.2717, 36.557, 80.9808, 0.0, 34.0841, 80.7852, 15.02, 21.4162, 79.1286, 30.2439], [58.1679, 46.4596, 52.1261, 51.5403, 49.4123, 53.821, 44.6139, 60.6133, 48.3226, 58.4636, 44.8431, 44.484, 50.3937, 46.66, 27.6879, 15.6187, 38.2974, 27.2718, 50.9426, 8.8662, 27.7209, 18.6299, 49.6865, 2.689, 25.0377, 25.6949, 38.1767, 24.1328, 50.2688, 9.7513, 27.8124, 2.4729, 46.8967, 34.0841, 0.0, 46.7011, 19.064, 12.6679, 45.0445, 3.8401], [95.6028, 53.773, 47.5187, 85.8789, 49.8569, 89.4396, 58.1169, 44.0591, 80.1447, 96.0012, 57.38, 69.9087, 83.9569, 53.4326, 74.3086, 62.1486, 8.9029, 73.8908, 97.6105, 38.3358, 19.2925, 28.3871, 96.3531, 46.3838, 71.6465, 72.307, 9.0185, 22.5683, 96.9699, 36.9498, 74.5135, 44.2282, 0.1956, 80.7852, 46.7011, 0.0, 65.7652, 59.3691, 1.6566, 50.5413], [47.8269, 55.7943, 64.4848, 44.5408, 60.6408, 45.4691, 51.7483, 75.0671, 43.8179, 48.0086, 52.3593, 45.2252, 44.1876, 56.1621, 8.9025, 4.5355, 57.3307, 8.5045, 31.9201, 27.65, 46.7328, 37.5972, 30.6668, 19.6387, 6.4099, 7.0166, 57.2098, 43.1969, 31.2047, 28.8154, 8.7484, 21.537, 65.9607, 15.02, 19.064, 65.7652, 0.0, 6.3961, 64.1086, 15.2239], [50.7359, 52.0743, 59.9479, 46.1356, 56.4064, 47.5881, 48.6437, 69.972, 44.4774, 50.9635, 49.1463, 44.068, 45.4803, 52.3961, 15.1276, 3.8063, 50.9424, 14.7163, 38.2977, 21.2925, 40.3487, 31.2204, 37.043, 13.3297, 12.514, 13.1606, 50.8215, 36.8008, 37.6008, 22.4193, 15.1445, 15.1409, 59.5646, 21.4162, 12.6679, 59.3691, 6.3961, 0.0, 57.7124, 8.8278], [94.1333, 52.8291, 46.9009, 84.4581, 49.0869, 87.9989, 57.0417, 43.9095, 78.7625, 94.5301, 56.3239, 68.6254, 82.5481, 52.5012, 72.6531, 60.4935, 7.3386, 72.2353, 95.9545, 36.6833, 17.6531, 26.7382, 94.6971, 44.73, 69.991, 70.6515, 7.4516, 20.9117, 95.3133, 35.2932, 72.8569, 42.5716, 1.8522, 79.1286, 45.0445, 1.6566, 64.1086, 57.7124, 0.0, 48.8847], [55.7158, 47.878, 54.3044, 49.6233, 51.3033, 51.6836, 45.5019, 63.3288, 46.8295, 55.9938, 45.8215, 43.9745, 48.6089, 48.1196, 23.8684, 11.8527, 42.1291, 23.453, 47.1081, 12.5823, 31.5454, 22.4374, 45.8523, 5.0001, 21.2232, 21.879, 42.0083, 27.973, 46.4286, 13.5915, 23.9723, 6.3131, 50.7368, 30.2439, 3.8401, 50.5413, 15.2239, 8.8278, 48.8847, 0.0]]
