[4, 60]
[[0.0, 27.8153, 19.5335, 53.2344, 13.9197, 24.0002, 13.0085, 4.6824, 73.0965, 35.8228, 3.2468, 11.8762, 20.4577, 50.6568, 66.9477, 11.9398, 58.5347, 39.8836, 44.211, 56.5984, 30.6039, 8.1513, 12.5221, 29.9615, 17.1099, 55.3892, 28.7529, 61.0733, 19.6547, 64.2027, 45.2582, 12.2089, 11.803, 20.2735, 44.8186, 75.2738, 16.4424, 10.8211, 25.2179, 60.4751, 70.5377, 32.7173, 72.7721, 55.7485, 31.1148, 27.4703, 70.7838, 24.7444, 32.8623, 36.9958, 27.7743, 24.7089, 43.6686, 33.5196, 27.6107, 47.6862, 27.2184, 31.4191, 52.0277, 48.8252], [27.8153, 0.0, 47.3488, 25.4191, 13.8956, 3.8152, 14.8069, 23.133, 45.2811, 8.0075, 24.5685, 39.6916, 7.3576, 22.8415, 39.1324, 15.8755, 30.7193, 12.0683, 16.3956, 28.783, 8.0968, 30.8327, 38.3501, 7.9795, 43.7102, 28.1401, 7.9073, 33.6849, 46.4872, 36.7589, 18.5192, 37.9516, 20.6261, 47.1514, 18.1164, 47.7018, 42.9661, 21.9026, 8.8013, 33.0987, 45.4832, 55.252, 47.5045, 33.0872, 25.9248, 47.156, 45.7045, 34.3292, 55.4473, 24.4617, 47.7169, 39.7263, 25.8504, 56.3218, 47.4176, 27.7574, 46.6749, 53.458, 30.4318, 28.4058], [19.5335, 47.3488, 0.0, 72.7679, 33.4532, 43.5336, 32.542, 24.2158, 92.63, 55.3563, 22.7803, 7.6572, 39.9912, 70.1903, 86.4812, 31.4733, 78.0681, 59.4171, 63.7444, 76.1318, 49.7311, 19.2455, 12.6085, 49.0741, 9.0278, 74.7747, 47.836, 80.4821, 8.0538, 83.6221, 64.5816, 12.9284, 29.3814, 7.9526, 64.1385, 94.7215, 9.4166, 28.0593, 44.193, 79.8818, 89.1169, 24.5598, 91.4051, 73.8005, 45.8356, 25.4528, 89.3691, 33.7572, 24.5802, 53.2403, 25.2797, 29.2554, 60.8417, 24.6946, 25.37, 65.2281, 25.6143, 24.4623, 69.8737, 66.4549], [53.2344, 25.4191, 72.7679, 0.0, 39.3147, 29.2343, 40.226, 48.5521, 19.862, 17.4116, 49.9876, 65.1107, 32.7767, 2.5776, 13.7133, 41.2946, 5.3002, 13.3509, 9.0235, 3.3639, 24.9545, 55.7841, 63.4401, 25.5866, 68.8637, 8.0633, 26.783, 10.7774, 71.6665, 13.1271, 11.7346, 63.0359, 45.1673, 72.3363, 12.0683, 23.0229, 68.112, 46.5219, 30.3359, 10.3768, 27.6668, 78.8514, 28.8541, 24.6623, 41.8896, 70.1382, 27.7903, 55.2186, 79.0584, 35.3214, 70.7521, 61.7708, 29.8232, 79.9839, 70.4248, 27.3801, 69.6101, 76.944, 25.5322, 26.8125], [13.9197, 13.8956, 33.4532, 39.3147, 0.0, 10.0805, 0.9112, 9.2374, 59.1768, 21.9031, 10.6729, 25.7959, 6.538, 36.7371, 53.028, 1.9799, 44.6149, 25.9639, 30.2913, 42.6787, 17.5294, 17.7625, 24.9181, 16.938, 30.1487, 41.6594, 15.839, 47.305, 32.879, 50.4181, 31.646, 24.5322, 9.4379, 33.5335, 31.2139, 61.4485, 29.419, 10.254, 12.7686, 46.7103, 57.6842, 43.2324, 59.8455, 43.6696, 25.0312, 36.0051, 57.9218, 26.4992, 43.412, 28.1029, 36.4882, 30.0225, 33.0701, 44.219, 36.2299, 36.4438, 35.5935, 41.5914, 40.2777, 37.4338], [24.0002, 3.8152, 43.5336, 29.2343, 10.0805, 0.0, 10.9917, 19.3178, 49.0963, 11.8227, 20.7533, 35.8764, 3.5424, 26.6567, 42.9476, 12.0604, 34.5345, 15.8834, 20.2108, 32.5982, 9.6678, 27.1627, 34.6258, 9.3006, 39.9639, 31.8197, 8.7052, 37.4043, 42.7325, 40.4932, 22.0296, 34.2294, 17.1647, 43.3949, 21.6134, 51.4681, 39.2223, 18.3963, 7.9057, 36.8148, 48.7428, 51.8586, 50.8129, 35.7676, 24.9226, 43.9389, 48.9698, 31.7689, 52.0507, 24.7481, 44.4842, 36.7952, 27.3236, 52.9112, 44.1931, 29.7512, 43.4717, 50.0961, 32.8449, 30.5226], [13.0085, 14.8069, 32.542, 40.226, 0.9112, 10.9917, 0.0, 8.3261, 60.088, 22.8144, 9.7616, 24.8847, 7.4492, 37.6484, 53.9392, 1.0687, 45.5262, 26.8751, 31.2025, 43.5899, 18.3473, 16.9514, 24.0557, 17.749, 29.2703, 42.5544, 16.6348, 48.2037, 31.9952, 51.3182, 32.5292, 23.6714, 8.9727, 32.6487, 32.0962, 62.3522, 28.5423, 9.6991, 13.496, 47.6086, 58.5107, 42.4842, 60.6783, 44.4274, 25.2402, 35.3419, 58.749, 26.1624, 42.6623, 28.5625, 35.8172, 29.5035, 33.6901, 43.4628, 35.5631, 37.1243, 34.9372, 40.858, 41.0054, 38.1283], [4.6824, 23.133, 24.2158, 48.5521, 9.2374, 19.3178, 8.3261, 0.0, 68.4141, 31.1405, 1.4355, 16.5586, 15.7754, 45.9745, 62.2654, 7.2575, 53.8523, 35.2012, 39.5286, 51.916, 26.1085, 10.3427, 16.4216, 25.475, 21.3722, 50.7592, 24.2852, 56.4336, 24.0155, 59.5588, 40.656, 16.0657, 8.8972, 24.6529, 40.2182, 70.6191, 20.671, 8.356, 20.8234, 55.8363, 66.1659, 35.9973, 68.3803, 51.5819, 28.4601, 29.8932, 66.4096, 24.4802, 36.1574, 33.6259, 30.2742, 25.7896, 39.8762, 36.8795, 30.0699, 43.7329, 29.5727, 34.5504, 47.9457, 44.8343], [73.0965, 45.2811, 92.63, 19.862, 59.1768, 49.0963, 60.088, 68.4141, 0.0, 37.2736, 69.8496, 84.9727, 52.6388, 22.4397, 6.1488, 61.1567, 14.5618, 33.2129, 28.8855, 16.4981, 44.2433, 75.4981, 83.1841, 44.8983, 88.6238, 19.911, 46.1341, 14.8214, 91.4336, 12.2689, 29.609, 82.7786, 64.816, 92.105, 30.0395, 8.0992, 87.87, 66.1812, 49.7815, 15.3351, 25.426, 97.9275, 24.8828, 33.5773, 59.1614, 89.0231, 25.3557, 73.5536, 98.1384, 51.5196, 89.6527, 80.3948, 44.2903, 99.0806, 89.317, 40.4078, 88.4811, 95.9835, 36.5652, 39.3641], [35.8228, 8.0075, 55.3563, 17.4116, 21.9031, 11.8227, 22.8144, 31.1405, 37.2736, 0.0, 32.576, 47.6991, 15.3651, 14.834, 31.1249, 23.883, 22.7118, 4.0607, 8.3881, 20.7755, 10.0824, 38.6271, 46.2151, 10.5084, 51.606, 20.5784, 11.3744, 25.9692, 54.3951, 28.99, 11.7846, 45.8138, 28.1897, 55.0619, 11.4574, 39.8272, 50.8582, 29.5122, 14.2667, 25.3951, 38.971, 62.5325, 40.8488, 28.3208, 29.5589, 54.1614, 39.1755, 40.3527, 62.7329, 25.7579, 54.7463, 46.299, 24.4642, 63.6298, 54.4343, 24.99, 53.659, 60.6887, 26.4631, 25.2933], [3.2468, 24.5685, 22.7803, 49.9876, 10.6729, 20.7533, 9.7616, 1.4355, 69.8496, 32.576, 0.0, 15.1231, 17.2109, 47.41, 63.7009, 8.693, 55.2878, 36.6367, 40.9641, 53.3515, 27.4801, 9.4808, 15.1791, 26.8433, 20.0456, 52.1777, 25.6467, 57.8553, 22.665, 60.9819, 42.0651, 14.8329, 9.6405, 23.2977, 41.6266, 72.0457, 19.3524, 8.925, 22.1581, 57.2577, 67.5018, 34.9578, 69.7227, 52.8501, 29.2199, 29.0918, 67.7463, 24.4664, 35.1137, 34.6266, 29.4513, 25.3714, 41.0193, 35.8179, 29.2583, 44.93, 28.7905, 33.5521, 49.1858, 46.044], [11.8762, 39.6916, 7.6572, 65.1107, 25.7959, 35.8764, 24.8847, 16.5586, 84.9727, 47.6991, 15.1231, 0.0, 32.334, 62.5331, 78.824, 23.816, 70.4109, 51.7598, 56.0872, 68.4746, 42.1888, 12.661, 8.1966, 41.5352, 8.5657, 67.1653, 40.3039, 72.8658, 9.9966, 76.0026, 56.9896, 8.3135, 22.1027, 10.4227, 56.5475, 87.0933, 8.3038, 20.8243, 36.6849, 72.2661, 81.7808, 26.3705, 84.0521, 66.6245, 39.5716, 24.4696, 82.031, 29.0158, 26.4526, 46.5722, 24.495, 25.8604, 53.9186, 26.8379, 24.4793, 58.2006, 24.4617, 25.6877, 62.7583, 59.4022], [20.4577, 7.3576, 39.9912, 32.7767, 6.538, 3.5424, 7.4492, 15.7754, 52.6388, 15.3651, 17.2109, 32.334, 0.0, 30.1991, 46.49, 8.5179, 38.0769, 19.4259, 23.7532, 36.1406, 12.06, 23.7959, 31.1874, 11.5656, 36.4982, 35.262, 10.6841, 40.8735, 39.2567, 43.9729, 25.3679, 30.7936, 14.1149, 39.917, 24.9441, 54.9712, 35.7597, 15.2736, 8.6412, 40.2818, 51.8373, 48.7637, 53.9448, 38.4285, 24.4925, 41.0436, 52.0687, 29.6344, 48.9521, 25.5268, 41.5711, 34.2301, 29.0754, 49.797, 41.2894, 31.9007, 40.5923, 47.0365, 35.3076, 32.7646], [50.6568, 22.8415, 70.1903, 2.5776, 36.7371, 26.6567, 37.6484, 45.9745, 22.4397, 14.834, 47.41, 62.5331, 30.1991, 0.0, 16.2909, 38.717, 7.8778, 10.7732, 6.4459, 5.9415, 22.5245, 53.2337, 60.8834, 23.1489, 66.3038, 8.9357, 24.3321, 12.6712, 69.1052, 15.264, 9.9819, 60.4795, 42.6319, 69.7747, 10.2606, 25.4592, 65.5525, 43.984, 27.8555, 12.2055, 28.9609, 76.4051, 30.3001, 24.4681, 39.8256, 67.7284, 29.1021, 52.92, 76.6114, 33.5095, 68.3393, 59.4127, 28.4274, 77.5338, 68.0135, 26.3231, 67.203, 74.5046, 24.9163, 25.8642], [66.9477, 39.1324, 86.4812, 13.7133, 53.028, 42.9476, 53.9392, 62.2654, 6.1488, 31.1249, 63.7009, 78.824, 46.49, 16.2909, 0.0, 55.0079, 8.4131, 27.0641, 22.7368, 10.3494, 38.2093, 69.3862, 77.0654, 38.8606, 82.5014, 14.475, 40.0901, 10.164, 85.3095, 8.5412, 23.7403, 76.6602, 58.718, 85.9805, 24.1617, 11.1831, 81.7481, 60.0809, 43.7217, 10.5536, 24.4743, 91.9865, 24.5133, 29.7049, 53.6232, 83.1282, 24.4673, 67.7857, 92.1964, 46.2004, 83.754, 74.5611, 39.3114, 93.1346, 83.4203, 35.7083, 82.5895, 90.0514, 32.2583, 34.7574], [11.9398, 15.8755, 31.4733, 41.2946, 1.9799, 12.0604, 1.0687, 7.2575, 61.1567, 23.883, 8.693, 23.816, 8.5179, 38.717, 55.0079, 0.0, 46.5948, 27.9438, 32.2712, 44.6586, 19.3171, 16.0138, 23.0491, 18.7119, 28.2428, 43.605, 17.5824, 49.2582, 30.9608, 52.3744, 33.5668, 22.6669, 8.5194, 31.6128, 33.133, 63.4124, 27.5171, 9.1217, 14.3757, 48.6628, 59.4832, 41.615, 61.6578, 45.3233, 25.5246, 34.5785, 59.7223, 25.8027, 41.7913, 29.1287, 35.0442, 28.9196, 34.4337, 42.5837, 34.7952, 37.9347, 34.1823, 40.0071, 41.8679, 38.954], [58.5347, 30.7193, 78.0681, 5.3002, 44.6149, 34.5345, 45.5262, 53.8523, 14.5618, 22.7118, 55.2878, 70.4109, 38.0769, 7.8778, 8.4131, 46.5948, 0.0, 18.6511, 14.3237, 1.9363, 30.0287, 61.0354, 68.7021, 30.6713, 74.1314, 8.7338, 31.8854, 8.1607, 76.9366, 9.4511, 16.0537, 68.2975, 50.3942, 77.607, 16.4437, 18.1365, 73.379, 51.7529, 35.4799, 8.0323, 25.6227, 83.9062, 26.4279, 25.8766, 46.2958, 75.1284, 25.702, 60.0163, 84.1145, 39.3165, 75.7477, 66.6708, 33.1416, 85.0456, 75.4174, 30.1355, 74.5956, 81.9866, 27.5234, 29.3834], [39.8836, 12.0683, 59.4171, 13.3509, 25.9639, 15.8834, 26.8751, 35.2012, 33.2129, 4.0607, 36.6367, 51.7598, 19.4259, 10.7732, 27.0641, 27.9438, 18.6511, 0.0, 4.3274, 16.7148, 12.9987, 42.61, 50.2208, 13.533, 55.6223, 16.9014, 14.57, 22.1357, 58.4157, 25.1076, 9.1863, 49.8186, 32.1077, 59.0835, 8.9671, 35.8563, 54.8733, 33.4423, 17.7899, 21.5732, 35.9005, 66.2887, 37.6753, 26.5075, 32.0154, 57.8135, 36.0929, 43.6518, 66.4911, 27.3036, 58.4073, 49.7929, 24.7413, 67.3966, 58.0906, 24.4842, 57.3032, 64.4258, 25.1951, 24.5764], [44.211, 16.3956, 63.7444, 9.0235, 30.2913, 20.2108, 31.2025, 39.5286, 28.8855, 8.3881, 40.9641, 56.0872, 23.7532, 6.4459, 22.7368, 32.2712, 14.3237, 4.3274, 0.0, 12.3874, 16.6431, 46.8691, 54.4985, 17.2317, 59.9089, 13.2323, 18.3558, 18.1596, 62.706, 21.0445, 7.9133, 54.0955, 36.3175, 63.3746, 7.906, 31.6498, 59.1588, 37.6609, 21.7517, 17.6184, 32.8657, 70.3288, 34.4987, 25.1594, 34.9638, 61.7616, 33.0414, 47.2981, 70.533, 29.482, 62.3632, 53.6043, 25.7481, 71.4461, 62.0423, 24.6802, 61.2443, 68.4488, 24.5212, 24.5397], [56.5984, 28.783, 76.1318, 3.3639, 42.6787, 32.5982, 43.5899, 51.916, 16.4981, 20.7755, 53.3515, 68.4746, 36.1406, 5.9415, 10.3494, 44.6586, 1.9363, 16.7148, 12.3874, 0.0, 28.1654, 59.116, 66.7791, 28.8047, 72.2065, 8.1026, 30.0135, 8.8423, 75.0108, 10.6363, 14.4, 66.3746, 48.4829, 75.681, 14.7753, 19.8971, 71.4543, 49.8402, 33.5951, 8.589, 26.2641, 82.056, 27.2198, 25.3114, 44.6636, 73.3003, 26.3608, 58.2535, 82.2638, 37.8198, 73.9178, 64.8734, 31.8672, 83.193, 73.5885, 29.0472, 72.7691, 80.1405, 26.6914, 28.3565], [30.6039, 8.0968, 49.7311, 24.9545, 17.5294, 9.6678, 18.3473, 26.1085, 44.2433, 10.0824, 27.4801, 42.1888, 12.06, 22.5245, 38.2093, 19.3171, 30.0287, 12.9987, 16.6431, 28.1654, 0.0, 31.5519, 39.2764, 0.6655, 44.7393, 25.2569, 1.9205, 30.9942, 47.5599, 34.1489, 14.9972, 38.869, 20.8009, 48.2338, 14.5507, 45.2923, 43.9825, 22.1761, 5.6185, 30.3909, 48.8553, 60.6506, 50.6604, 38.3289, 33.9775, 53.0764, 49.052, 41.4139, 60.8348, 32.4177, 53.5967, 46.2607, 33.035, 61.6605, 53.3189, 34.3057, 52.6307, 58.9613, 36.2638, 34.766], [8.1513, 30.8327, 19.2455, 55.7841, 17.7625, 27.1627, 16.9514, 10.3427, 75.4981, 38.6271, 9.4808, 12.661, 23.7959, 53.2337, 69.3862, 16.0138, 61.0354, 42.61, 46.8691, 59.116, 31.5519, 0.0, 7.7245, 30.8863, 13.1874, 56.8088, 29.6314, 62.5461, 16.0081, 65.7007, 46.549, 7.3171, 10.751, 16.682, 46.1025, 76.8441, 12.4306, 9.3758, 25.9333, 61.9428, 75.443, 37.9117, 77.597, 61.32, 38.7006, 34.0317, 75.68, 32.868, 38.0256, 43.9564, 34.2396, 32.4019, 50.0388, 38.545, 34.1274, 53.7571, 33.8618, 36.9056, 57.8146, 54.8179], [12.5221, 38.3501, 12.6085, 63.4401, 24.9181, 34.6258, 24.0557, 16.4216, 83.1841, 46.2151, 15.1791, 8.1966, 31.1874, 60.8834, 77.0654, 23.0491, 68.7021, 50.2208, 54.4985, 66.7791, 39.2764, 7.7245, 0.0, 38.6108, 5.4629, 64.5333, 37.3559, 70.2706, 8.2836, 73.4253, 54.2735, 0.4074, 18.4755, 8.9575, 53.8271, 84.5687, 4.7061, 17.1003, 33.6578, 69.6673, 82.4871, 34.5254, 84.6788, 68.0031, 43.4185, 32.487, 82.7284, 35.0469, 34.6018, 49.5107, 32.5498, 32.9602, 56.1524, 34.9575, 32.5147, 60.1047, 32.4435, 33.8786, 64.3606, 61.2223], [29.9615, 7.9795, 49.0741, 25.5866, 16.938, 9.3006, 17.749, 25.475, 44.8983, 10.5084, 26.8433, 41.5352, 11.5656, 23.1489, 38.8606, 18.7119, 30.6713, 13.533, 17.2317, 28.8047, 0.6655, 30.8863, 38.6108, 0.0, 44.0737, 25.9225, 1.2549, 31.6598, 46.8944, 34.8144, 15.6627, 38.2035, 20.1353, 47.5683, 15.2162, 45.9578, 43.3169, 21.5105, 4.953, 31.0564, 49.3558, 60.0888, 51.1742, 38.6895, 33.781, 52.5505, 49.554, 41.002, 60.2723, 32.3874, 53.0678, 45.7875, 33.1745, 61.0951, 52.7916, 34.532, 52.1075, 58.4061, 36.5687, 35.0144], [17.1099, 43.7102, 9.0278, 68.8637, 30.1487, 39.9639, 29.2703, 21.3722, 88.6238, 51.606, 20.0456, 8.5657, 36.4982, 66.3038, 82.5014, 28.2428, 74.1314, 55.6223, 59.9089, 72.2065, 44.7393, 13.1874, 5.4629, 44.0737, 0.0, 69.9962, 42.8188, 75.7335, 2.8207, 78.8882, 59.7364, 5.8703, 23.9384, 3.4946, 59.2899, 90.0315, 0.7568, 22.5632, 39.1207, 75.1302, 87.5381, 33.0238, 89.7511, 72.8539, 47.2356, 32.4774, 87.7818, 37.4831, 33.0676, 53.7633, 32.4301, 34.4126, 60.6982, 33.2804, 32.4537, 64.7747, 32.5287, 32.6845, 69.137, 65.9226], [55.3892, 28.1401, 74.7747, 8.0633, 41.6594, 31.8197, 42.5544, 50.7592, 19.911, 20.5784, 52.1777, 67.1653, 35.262, 8.9357, 14.475, 43.605, 8.7338, 16.9014, 13.2323, 8.1026, 25.2569, 56.8088, 64.5333, 25.9225, 69.9962, 0.0, 27.1774, 5.7373, 72.8169, 8.892, 10.2598, 64.1259, 46.0578, 73.4908, 10.7062, 20.0354, 69.2394, 47.433, 30.8755, 5.134, 34.2956, 83.1105, 35.1532, 32.7105, 48.1093, 74.6986, 34.3832, 60.482, 83.311, 42.1935, 75.2892, 66.6898, 37.3548, 84.2082, 74.9742, 35.2209, 74.191, 81.2639, 33.5694, 34.721], [28.7529, 7.9073, 47.836, 26.783, 15.839, 8.7052, 16.6348, 24.2852, 46.1341, 11.3744, 25.6467, 40.3039, 10.6841, 24.3321, 40.0901, 17.5824, 31.8854, 14.57, 18.3558, 30.0135, 1.9205, 29.6314, 37.3559, 1.2549, 42.8188, 27.1774, 0.0, 32.9147, 45.6395, 36.0694, 16.9176, 36.9485, 18.8804, 46.3134, 16.4711, 47.2127, 42.062, 20.2556, 3.6981, 32.3114, 50.3099, 59.0353, 52.1522, 39.391, 33.4433, 51.5677, 50.5109, 40.2438, 59.2175, 32.3673, 52.0789, 44.9087, 33.4721, 60.0344, 51.8059, 34.9891, 51.13, 57.3658, 37.1693, 35.5121], [61.0733, 33.6849, 80.4821, 10.7774, 47.305, 37.4043, 48.2037, 56.4336, 14.8214, 25.9692, 57.8553, 72.8658, 40.8735, 12.6712, 10.164, 49.2582, 8.1607, 22.1357, 18.1596, 8.8423, 30.9942, 62.5461, 70.2706, 31.6598, 75.7335, 5.7373, 32.9147, 0.0, 78.5542, 3.1547, 15.9971, 69.8632, 51.7951, 79.2281, 16.4435, 14.2981, 74.9767, 53.1703, 36.6128, 0.6033, 32.8482, 88.4231, 33.3359, 34.0167, 52.4961, 79.9081, 32.8939, 65.4007, 88.6257, 46.0846, 80.507, 71.7601, 40.525, 89.5319, 80.1876, 37.8522, 79.3929, 86.5566, 35.5245, 37.1842], [19.6547, 46.4872, 8.0538, 71.6665, 32.879, 42.7325, 31.9952, 24.0155, 91.4336, 54.3951, 22.665, 9.9966, 39.2567, 69.1052, 85.3095, 30.9608, 76.9366, 58.4157, 62.706, 75.0108, 47.5599, 16.0081, 8.2836, 46.8944, 2.8207, 72.8169, 45.6395, 78.5542, 0.0, 81.7088, 62.5571, 8.6909, 26.7591, 0.6739, 62.1106, 92.8522, 3.5775, 25.3839, 41.9414, 77.9508, 90.1649, 32.5816, 92.3876, 75.3913, 49.3279, 32.8302, 90.4097, 38.9818, 32.6072, 56.0413, 32.727, 35.47, 63.1023, 32.7393, 32.7805, 67.2327, 32.9293, 32.413, 71.6417, 68.3939], [64.2027, 36.7589, 83.6221, 13.1271, 50.4181, 40.4932, 51.3182, 59.5588, 12.2689, 28.99, 60.9819, 76.0026, 43.9729, 15.264, 8.5412, 52.3744, 9.4511, 25.1076, 21.0445, 10.6363, 34.1489, 65.7007, 73.4253, 34.8144, 78.8882, 8.892, 36.0694, 3.1547, 81.7088, 0.0, 19.1517, 73.0179, 54.9498, 82.3827, 19.5982, 11.1434, 78.1313, 56.325, 39.7674, 3.758, 32.4594, 91.3661, 32.7246, 35.1157, 55.0141, 82.8022, 32.4803, 68.1599, 91.5697, 48.381, 83.4051, 74.5892, 42.498, 92.4802, 83.0836, 39.5798, 82.2836, 89.4902, 36.9366, 38.8343], [45.2582, 18.5192, 64.5816, 11.7346, 31.646, 22.0296, 32.5292, 40.656, 29.609, 11.7846, 42.0651, 56.9896, 25.3679, 9.9819, 23.7403, 33.5668, 16.0537, 9.1863, 7.9133, 14.4, 14.9972, 46.549, 54.2735, 15.6627, 59.7364, 10.2598, 16.9176, 15.9971, 62.5571, 19.1517, 0.0, 53.8662, 35.798, 63.231, 0.4465, 30.2951, 58.9796, 37.1732, 20.6157, 15.3937, 38.9115, 73.769, 40.2795, 32.8366, 41.1024, 65.6028, 39.0577, 52.1051, 73.9647, 36.471, 66.173, 57.9338, 33.4364, 74.8406, 65.8689, 32.5699, 65.1131, 71.9691, 32.3955, 32.4492], [12.2089, 37.9516, 12.9284, 63.0359, 24.5322, 34.2294, 23.6714, 16.0657, 82.7786, 45.8138, 14.8329, 8.3135, 30.7936, 60.4795, 76.6602, 22.6669, 68.2975, 49.8186, 54.0955, 66.3746, 38.869, 7.3171, 0.4074, 38.2035, 5.8703, 64.1259, 36.9485, 69.8632, 8.6909, 73.0179, 53.8662, 0.0, 18.0681, 9.3648, 53.4197, 84.1613, 5.1134, 16.6929, 33.2505, 69.2599, 82.1126, 34.6693, 84.3025, 67.6451, 43.148, 32.5245, 82.3536, 34.8927, 34.7479, 49.2031, 32.5954, 32.8857, 55.82, 35.1134, 32.556, 59.7618, 32.474, 34.0012, 64.0088, 60.8769], [11.803, 20.6261, 29.3814, 45.1673, 9.4379, 17.1647, 8.9727, 8.8972, 64.816, 28.1897, 9.6405, 22.1027, 14.1149, 42.6319, 58.718, 8.5194, 50.3942, 32.1077, 36.3175, 48.4829, 20.8009, 10.751, 18.4755, 20.1353, 23.9384, 46.0578, 18.8804, 51.7951, 26.7591, 54.9498, 35.798, 18.0681, 0.0, 27.433, 35.3515, 66.0931, 23.1816, 1.3752, 15.1823, 51.1918, 65.8934, 44.4672, 67.974, 52.4963, 34.0168, 38.7272, 66.1219, 32.7564, 44.6168, 37.5268, 39.0905, 34.608, 42.4138, 45.2918, 38.8959, 45.6347, 38.4206, 43.1145, 49.2754, 46.5756], [20.2735, 47.1514, 7.9526, 72.3363, 33.5335, 43.3949, 32.6487, 24.6529, 92.105, 55.0619, 23.2977, 10.4227, 39.917, 69.7747, 85.9805, 31.6128, 77.607, 59.0835, 63.3746, 75.681, 48.2338, 16.682, 8.9575, 47.5683, 3.4946, 73.4908, 46.3134, 79.2281, 0.6739, 82.3827, 63.231, 9.3648, 27.433, 0.0, 62.7845, 93.5261, 4.2514, 26.0578, 42.6153, 78.6247, 90.7942, 32.5113, 93.0191, 76.0005, 49.8384, 32.9497, 91.0393, 39.3613, 32.5325, 56.5928, 32.8335, 35.7509, 63.6817, 32.6448, 32.8939, 67.8242, 33.0599, 32.3841, 72.2435, 68.9883], [44.8186, 18.1164, 64.1385, 12.0683, 31.2139, 21.6134, 32.0962, 40.2182, 30.0395, 11.4574, 41.6266, 56.5475, 24.9441, 10.2606, 24.1617, 33.133, 16.4437, 8.9671, 7.906, 14.7753, 14.5507, 46.1025, 53.8271, 15.2162, 59.2899, 10.7062, 16.4711, 16.4435, 62.1106, 19.5982, 0.4465, 53.4197, 35.3515, 62.7845, 0.0, 30.7416, 58.5331, 36.7268, 20.1692, 15.8402, 39.1611, 73.3681, 40.5469, 32.9148, 40.8288, 65.2149, 39.3093, 51.756, 73.5635, 36.2674, 65.784, 57.5641, 33.3272, 74.4382, 65.4804, 32.5231, 64.726, 71.5706, 32.4173, 32.4206], [75.2738, 47.7018, 94.7215, 23.0229, 61.4485, 51.4681, 62.3522, 70.6191, 8.0992, 39.8272, 72.0457, 87.0933, 54.9712, 25.4592, 11.1831, 63.4124, 18.1365, 35.8563, 31.6498, 19.8971, 45.2923, 76.8441, 84.5687, 45.9578, 90.0315, 20.0354, 47.2127, 14.2981, 92.8522, 11.1434, 30.2951, 84.1613, 66.0931, 93.5261, 30.7416, 0.0, 89.2747, 67.4684, 50.9108, 14.9014, 33.5152, 101.8633, 32.9784, 40.753, 64.3596, 93.1609, 33.4481, 78.146, 102.0698, 57.1517, 93.775, 84.7668, 50.4384, 102.9927, 93.4475, 46.8874, 92.6324, 99.9605, 43.4177, 45.9404], [16.4424, 42.9661, 9.4166, 68.112, 29.419, 39.2223, 28.5423, 20.671, 87.87, 50.8582, 19.3524, 8.3038, 35.7597, 65.5525, 81.7481, 27.5171, 73.379, 54.8733, 59.1588, 71.4543, 43.9825, 12.4306, 4.7061, 43.3169, 0.7568, 69.2394, 42.062, 74.9767, 3.5775, 78.1313, 58.9796, 5.1134, 23.1816, 4.2514, 58.5331, 89.2747, 0.0, 21.8064, 38.3639, 74.3734, 86.8354, 33.1822, 89.0457, 72.1767, 46.6873, 32.4239, 87.0788, 37.1072, 33.2308, 53.161, 32.3918, 34.163, 60.0593, 33.4646, 32.4072, 64.1202, 32.4621, 32.7983, 68.4692, 65.2643], [10.8211, 21.9026, 28.0593, 46.5219, 10.254, 18.3963, 9.6991, 8.356, 66.1812, 29.5122, 8.925, 20.8243, 15.2736, 43.984, 60.0809, 9.1217, 51.7529, 33.4423, 37.6609, 49.8402, 22.1761, 9.3758, 17.1003, 21.5105, 22.5632, 47.433, 20.2556, 53.1703, 25.3839, 56.325, 37.1732, 16.6929, 1.3752, 26.0578, 36.7268, 67.4684, 21.8064, 0.0, 16.5576, 52.567, 67.0947, 43.5358, 69.1864, 53.5857, 34.4647, 37.9895, 67.3245, 32.5733, 43.6816, 38.2411, 38.3363, 34.1454, 43.3152, 44.3407, 38.1504, 46.6143, 37.6974, 42.2186, 50.3204, 47.5741], [25.2179, 8.8013, 44.193, 30.3359, 12.7686, 7.9057, 13.496, 20.8234, 49.7815, 14.2667, 22.1581, 36.6849, 8.6412, 27.8555, 43.7217, 14.3757, 35.4799, 17.7899, 21.7517, 33.5951, 5.6185, 25.9333, 33.6578, 4.953, 39.1207, 30.8755, 3.6981, 36.6128, 41.9414, 39.7674, 20.6157, 33.2505, 15.1823, 42.6153, 20.1692, 50.9108, 38.3639, 16.5576, 0.0, 36.0094, 53.1943, 55.9794, 55.0997, 41.6097, 32.7091, 48.7441, 53.4026, 38.1623, 56.1571, 32.5903, 49.2355, 42.4289, 34.5997, 56.9548, 48.973, 36.5541, 48.324, 54.3526, 39.1202, 37.1866], [60.4751, 33.0987, 79.8818, 10.3768, 46.7103, 36.8148, 47.6086, 55.8363, 15.3351, 25.3951, 57.2577, 72.2661, 40.2818, 12.2055, 10.5536, 48.6628, 8.0323, 21.5732, 17.6184, 8.589, 30.3909, 61.9428, 69.6673, 31.0564, 75.1302, 5.134, 32.3114, 0.6033, 77.9508, 3.758, 15.3937, 69.2599, 51.1918, 78.6247, 15.8402, 14.9014, 74.3734, 52.567, 36.0094, 0.0, 32.9564, 87.8619, 33.4854, 33.8359, 52.0224, 79.3568, 33.0068, 64.8772, 88.0643, 45.6571, 79.955, 71.2222, 40.1648, 88.9696, 79.636, 37.5429, 78.8424, 85.9973, 35.2801, 36.8909], [70.5377, 45.4832, 89.1169, 27.6668, 57.6842, 48.7428, 58.5107, 66.1659, 25.426, 38.971, 67.5018, 81.7808, 51.8373, 28.9609, 24.4743, 59.4832, 25.6227, 35.9005, 32.8657, 26.2641, 48.8553, 75.443, 82.4871, 49.3558, 87.5381, 34.2956, 50.3099, 32.8482, 90.1649, 32.4594, 38.9115, 82.1126, 65.8934, 90.7942, 39.1611, 33.5152, 86.8354, 67.0947, 53.1943, 32.9564, 0.0, 87.8871, 2.3772, 16.0653, 46.9314, 78.6603, 0.2622, 62.4307, 88.1048, 38.4059, 79.3149, 69.6469, 29.9862, 89.0775, 78.9659, 25.2263, 78.0965, 85.8781, 20.2419, 23.9049], [32.7173, 55.252, 24.5598, 78.8514, 43.2324, 51.8586, 42.4842, 35.9973, 97.9275, 62.5325, 34.9578, 26.3705, 48.7637, 76.4051, 91.9865, 41.615, 83.9062, 66.2887, 70.3288, 82.056, 60.6506, 37.9117, 34.5254, 60.0888, 33.0238, 83.1105, 59.0353, 88.4231, 32.5816, 91.3661, 73.769, 34.6693, 44.4672, 32.5113, 73.3681, 101.8633, 33.1822, 43.5358, 55.9794, 87.8619, 87.8871, 0.0, 90.2643, 71.8218, 40.9557, 9.2268, 88.1493, 25.4563, 0.2177, 49.4812, 8.5722, 18.2402, 57.9009, 1.1904, 8.9212, 62.6608, 9.7906, 2.009, 67.6452, 63.9822], [72.7721, 47.5045, 91.4051, 28.8541, 59.8455, 50.8129, 60.6783, 68.3803, 24.8828, 40.8488, 69.7227, 84.0521, 53.9448, 30.3001, 24.5133, 61.6578, 26.4279, 37.6753, 34.4987, 27.2198, 50.6604, 77.597, 84.6788, 51.1742, 89.7511, 35.1532, 52.1522, 33.3359, 92.3876, 32.7246, 40.2795, 84.3025, 67.974, 93.0191, 40.5469, 32.9784, 89.0457, 69.1864, 55.0997, 33.4854, 2.3772, 90.2643, 0.0, 18.4425, 49.3086, 81.0375, 2.1149, 64.8079, 90.482, 40.7831, 81.6921, 72.0241, 32.3634, 91.4547, 81.3431, 27.6035, 80.4737, 88.2552, 22.6191, 26.282], [55.7485, 33.0872, 73.8005, 24.6623, 43.6696, 35.7676, 44.4274, 51.5819, 33.5773, 28.3208, 52.8501, 66.6245, 38.4285, 24.4681, 29.7049, 45.3233, 25.8766, 26.5075, 25.1594, 25.3114, 38.3289, 61.32, 68.0031, 38.6895, 72.8539, 32.7105, 39.391, 34.0167, 75.3913, 35.1157, 32.8366, 67.6451, 52.4963, 76.0005, 32.9148, 40.753, 72.1767, 53.5857, 41.6097, 33.8359, 16.0653, 71.8218, 18.4425, 0.0, 30.8661, 62.595, 16.3275, 46.3654, 72.0395, 22.3406, 63.2496, 53.5816, 13.9209, 73.0122, 62.9006, 9.161, 62.0312, 69.8128, 4.1766, 7.8396], [31.1148, 25.9248, 45.8356, 41.8896, 25.0312, 24.9226, 25.2402, 28.4601, 59.1614, 29.5589, 29.2199, 39.5716, 24.4925, 39.8256, 53.6232, 25.5246, 46.2958, 32.0154, 34.9638, 44.6636, 33.9775, 38.7006, 43.4185, 33.781, 47.2356, 48.1093, 33.4433, 52.4961, 49.3279, 55.0141, 41.1024, 43.148, 34.0168, 49.8384, 40.8288, 64.3596, 46.6873, 34.4647, 32.7091, 52.0224, 46.9314, 40.9557, 49.3086, 30.8661, 0.0, 31.7289, 47.1936, 15.4994, 41.1734, 8.5255, 32.3835, 22.7155, 16.9452, 42.1461, 32.0345, 21.7051, 31.1651, 38.9467, 26.6895, 23.0265], [27.4703, 47.156, 25.4528, 70.1382, 36.0051, 43.9389, 35.3419, 29.8932, 89.0231, 54.1614, 29.0918, 24.4696, 41.0436, 67.7284, 83.1282, 34.5785, 75.1284, 57.8135, 61.7616, 73.3003, 53.0764, 34.0317, 32.487, 52.5505, 32.4774, 74.6986, 51.5677, 79.9081, 32.8302, 82.8022, 65.6028, 32.5245, 38.7272, 32.9497, 65.2149, 93.1609, 32.4239, 37.9895, 48.7441, 79.3568, 78.6603, 9.2268, 81.0375, 62.595, 31.7289, 0.0, 78.9225, 16.2295, 9.4445, 40.2544, 0.6546, 9.0134, 48.6741, 10.4172, 0.3056, 53.434, 0.5638, 7.2178, 58.4184, 54.7554], [70.7838, 45.7045, 89.3691, 27.7903, 57.9218, 48.9698, 58.749, 66.4096, 25.3557, 39.1755, 67.7463, 82.031, 52.0687, 29.1021, 24.4673, 59.7223, 25.702, 36.0929, 33.0414, 26.3608, 49.052, 75.68, 82.7284, 49.554, 87.7818, 34.3832, 50.5109, 32.8939, 90.4097, 32.4803, 39.0577, 82.3536, 66.1219, 91.0393, 39.3093, 33.4481, 87.0788, 67.3245, 53.4026, 33.0068, 0.2622, 88.1493, 2.1149, 16.3275, 47.1936, 78.9225, 0.0, 62.693, 88.367, 38.6681, 79.5772, 69.9091, 30.2485, 89.3397, 79.2282, 25.4885, 78.3588, 86.1403, 20.5042, 24.1671], [24.7444, 34.3292, 33.7572, 55.2186, 26.4992, 31.7689, 26.1624, 24.4802, 73.5536, 40.3527, 24.4664, 29.0158, 29.6344, 52.92, 67.7857, 25.8027, 60.0163, 43.6518, 47.2981, 58.2535, 41.4139, 32.868, 35.0469, 41.002, 37.4831, 60.482, 40.2438, 65.4007, 38.9818, 68.1599, 52.1051, 34.8927, 32.7564, 39.3613, 51.756, 78.146, 37.1072, 32.5733, 38.1623, 64.8772, 62.4307, 25.4563, 64.8079, 46.3654, 15.4994, 16.2295, 62.693, 0.0, 25.674, 24.0249, 16.8842, 7.2162, 32.4445, 26.6467, 16.5352, 37.2044, 15.6658, 23.4473, 42.1888, 38.5259], [32.8623, 55.4473, 24.5802, 79.0584, 43.412, 52.0507, 42.6623, 36.1574, 98.1384, 62.7329, 35.1137, 26.4526, 48.9521, 76.6114, 92.1964, 41.7913, 84.1145, 66.4911, 70.533, 82.2638, 60.8348, 38.0256, 34.6018, 60.2723, 33.0676, 83.311, 59.2175, 88.6257, 32.6072, 91.5697, 73.9647, 34.7479, 44.6168, 32.5325, 73.5635, 102.0698, 33.2308, 43.6816, 56.1571, 88.0643, 88.1048, 0.2177, 90.482, 72.0395, 41.1734, 9.4445, 88.367, 25.674, 0.0, 49.6989, 8.7899, 18.4579, 58.1186, 0.9727, 9.1389, 62.8785, 10.0083, 2.2267, 67.8629, 64.1999], [36.9958, 24.4617, 53.2403, 35.3214, 28.1029, 24.7481, 28.5625, 33.6259, 51.5196, 25.7579, 34.6266, 46.5722, 25.5268, 33.5095, 46.2004, 29.1287, 39.3165, 27.3036, 29.482, 37.8198, 32.4177, 43.9564, 49.5107, 32.3874, 53.7633, 42.1935, 32.3673, 46.0846, 56.0413, 48.381, 36.471, 49.2031, 37.5268, 56.5928, 36.2674, 57.1517, 53.161, 38.2411, 32.5903, 45.6571, 38.4059, 49.4812, 40.7831, 22.3406, 8.5255, 40.2544, 38.6681, 24.0249, 49.6989, 0.0, 40.909, 31.241, 8.4196, 50.6716, 40.56, 13.1796, 39.6906, 47.4722, 18.164, 14.501], [27.7743, 47.7169, 25.2797, 70.7521, 36.4882, 44.4842, 35.8172, 30.2742, 89.6527, 54.7463, 29.4513, 24.495, 41.5711, 68.3393, 83.754, 35.0442, 75.7477, 58.4073, 62.3632, 73.9178, 53.5967, 34.2396, 32.5498, 53.0678, 32.4301, 75.2892, 52.0789, 80.507, 32.727, 83.4051, 66.173, 32.5954, 39.0905, 32.8335, 65.784, 93.775, 32.3918, 38.3363, 49.2355, 79.955, 79.3149, 8.5722, 81.6921, 63.2496, 32.3835, 0.6546, 79.5772, 16.8842, 8.7899, 40.909, 0.0, 9.668, 49.3287, 9.7626, 0.349, 54.0886, 1.2184, 6.5631, 59.073, 55.4101], [24.7089, 39.7263, 29.2554, 61.7708, 30.0225, 36.7952, 29.5035, 25.7896, 80.3948, 46.299, 25.3714, 25.8604, 34.2301, 59.4127, 74.5611, 28.9196, 66.6708, 49.7929, 53.6043, 64.8734, 46.2607, 32.4019, 32.9602, 45.7875, 34.4126, 66.6898, 44.9087, 71.7601, 35.47, 74.5892, 57.9338, 32.8857, 34.608, 35.7509, 57.5641, 84.7668, 34.163, 34.1454, 42.4289, 71.2222, 69.6469, 18.2402, 72.0241, 53.5816, 22.7155, 9.0134, 69.9091, 7.2162, 18.4579, 31.241, 9.668, 0.0, 39.6607, 19.4306, 9.319, 44.4206, 8.4496, 16.2312, 49.405, 45.742], [43.6686, 25.8504, 60.8417, 29.8232, 33.0701, 27.3236, 33.6901, 39.8762, 44.2903, 24.4642, 41.0193, 53.9186, 29.0754, 28.4274, 39.3114, 34.4337, 33.1416, 24.7413, 25.7481, 31.8672, 33.035, 50.0388, 56.1524, 33.1745, 60.6982, 37.3548, 33.4721, 40.525, 63.1023, 42.498, 33.4364, 55.82, 42.4138, 63.6817, 33.3272, 50.4384, 60.0593, 43.3152, 34.5997, 40.1648, 29.9862, 57.9009, 32.3634, 13.9209, 16.9452, 48.6741, 30.2485, 32.4445, 58.1186, 8.4196, 49.3287, 39.6607, 0.0, 59.0913, 48.9797, 4.7599, 48.1103, 55.8918, 9.7443, 6.0814], [33.5196, 56.3218, 24.6946, 79.9839, 44.219, 52.9112, 43.4628, 36.8795, 99.0806, 63.6298, 35.8179, 26.8379, 49.797, 77.5338, 93.1346, 42.5837, 85.0456, 67.3966, 71.4461, 83.193, 61.6605, 38.545, 34.9575, 61.0951, 33.2804, 84.2082, 60.0344, 89.5319, 32.7393, 92.4802, 74.8406, 35.1134, 45.2918, 32.6448, 74.4382, 102.9927, 33.4646, 44.3407, 56.9548, 88.9696, 89.0775, 1.1904, 91.4547, 73.0122, 42.1461, 10.4172, 89.3397, 26.6467, 0.9727, 50.6716, 9.7626, 19.4306, 59.0913, 0.0, 10.1116, 63.8512, 10.981, 3.1994, 68.8356, 65.1726], [27.6107, 47.4176, 25.37, 70.4248, 36.2299, 44.1931, 35.5631, 30.0699, 89.317, 54.4343, 29.2583, 24.4793, 41.2894, 68.0135, 83.4203, 34.7952, 75.4174, 58.0906, 62.0423, 73.5885, 53.3189, 34.1274, 32.5147, 52.7916, 32.4537, 74.9742, 51.8059, 80.1876, 32.7805, 83.0836, 65.8689, 32.556, 38.8959, 32.8939, 65.4804, 93.4475, 32.4072, 38.1504, 48.973, 79.636, 78.9659, 8.9212, 81.3431, 62.9006, 32.0345, 0.3056, 79.2282, 16.5352, 9.1389, 40.56, 0.349, 9.319, 48.9797, 10.1116, 0.0, 53.7396, 0.8694, 6.9122, 58.724, 55.061], [47.6862, 27.7574, 65.2281, 27.3801, 36.4438, 29.7512, 37.1243, 43.7329, 40.4078, 24.99, 44.93, 58.2006, 31.9007, 26.3231, 35.7083, 37.9347, 30.1355, 24.4842, 24.6802, 29.0472, 34.3057, 53.7571, 60.1047, 34.532, 64.7747, 35.2209, 34.9891, 37.8522, 67.2327, 39.5798, 32.5699, 59.7618, 45.6347, 67.8242, 32.5231, 46.8874, 64.1202, 46.6143, 36.5541, 37.5429, 25.2263, 62.6608, 27.6035, 9.161, 21.7051, 53.434, 25.4885, 37.2044, 62.8785, 13.1796, 54.0886, 44.4206, 4.7599, 63.8512, 53.7396, 0.0, 52.8702, 60.6518, 4.9844, 1.3214], [27.2184, 46.6749, 25.6143, 69.6101, 35.5935, 43.4717, 34.9372, 29.5727, 88.4811, 53.659, 28.7905, 24.4617, 40.5923, 67.203, 82.5895, 34.1823, 74.5956, 57.3032, 61.2443, 72.7691, 52.6307, 33.8618, 32.4435, 52.1075, 32.5287, 74.191, 51.13, 79.3929, 32.9293, 82.2836, 65.1131, 32.474, 38.4206, 33.0599, 64.726, 92.6324, 32.4621, 37.6974, 48.324, 78.8424, 78.0965, 9.7906, 80.4737, 62.0312, 31.1651, 0.5638, 78.3588, 15.6658, 10.0083, 39.6906, 1.2184, 8.4496, 48.1103, 10.981, 0.8694, 52.8702, 0.0, 7.7815, 57.8546, 54.1916], [31.4191, 53.458, 24.4623, 76.944, 41.5914, 50.0961, 40.858, 34.5504, 95.9835, 60.6887, 33.5521, 25.6877, 47.0365, 74.5046, 90.0514, 40.0071, 81.9866, 64.4258, 68.4488, 80.1405, 58.9613, 36.9056, 33.8786, 58.4061, 32.6845, 81.2639, 57.3658, 86.5566, 32.413, 89.4902, 71.9691, 34.0012, 43.1145, 32.3841, 71.5706, 99.9605, 32.7983, 42.2186, 54.3526, 85.9973, 85.8781, 2.009, 88.2552, 69.8128, 38.9467, 7.2178, 86.1403, 23.4473, 2.2267, 47.4722, 6.5631, 16.2312, 55.8918, 3.1994, 6.9122, 60.6518, 7.7815, 0.0, 65.6361, 61.9732], [52.0277, 30.4318, 69.8737, 25.5322, 40.2777, 32.8449, 41.0054, 47.9457, 36.5652, 26.4631, 49.1858, 62.7583, 35.3076, 24.9163, 32.2583, 41.8679, 27.5234, 25.1951, 24.5212, 26.6914, 36.2638, 57.8146, 64.3606, 36.5687, 69.137, 33.5694, 37.1693, 35.5245, 71.6417, 36.9366, 32.3955, 64.0088, 49.2754, 72.2435, 32.4173, 43.4177, 68.4692, 50.3204, 39.1202, 35.2801, 20.2419, 67.6452, 22.6191, 4.1766, 26.6895, 58.4184, 20.5042, 42.1888, 67.8629, 18.164, 59.073, 49.405, 9.7443, 68.8356, 58.724, 4.9844, 57.8546, 65.6361, 0.0, 3.6629], [48.8252, 28.4058, 66.4549, 26.8125, 37.4338, 30.5226, 38.1283, 44.8343, 39.3641, 25.2933, 46.044, 59.4022, 32.7646, 25.8642, 34.7574, 38.954, 29.3834, 24.5764, 24.5397, 28.3565, 34.766, 54.8179, 61.2223, 35.0144, 65.9226, 34.721, 35.5121, 37.1842, 68.3939, 38.8343, 32.4492, 60.8769, 46.5756, 68.9883, 32.4206, 45.9404, 65.2643, 47.5741, 37.1866, 36.8909, 23.9049, 63.9822, 26.282, 7.8396, 23.0265, 54.7554, 24.1671, 38.5259, 64.1999, 14.501, 55.4101, 45.742, 6.0814, 65.1726, 55.061, 1.3214, 54.1916, 61.9732, 3.6629, 0.0]]
