[4, 70]
[[0.0, 32.4227, 1.7112, 53.3544, 25.2238, 78.1569, 73.3624, 32.6078, 63.1435, 12.4187, 66.3931, 1.398, 89.4423, 37.4954, 31.5727, 5.1444, 90.9844, 43.2296, 53.8453, 9.6605, 27.05, 59.2097, 26.0393, 42.8539, 64.7433, 61.5762, 99.417, 71.3546, 88.2083, 66.3171, 58.3028, 85.1709, 61.0037, 102.1956, 93.4377, 55.4823, 94.8022, 71.9301, 71.4565, 92.6342, 73.5936, 104.8073, 79.494, 53.1946, 83.8606, 110.3914, 53.9453, 99.7345, 91.8468, 98.3797, 24.2802, 24.2731, 25.2416, 27.783, 36.245, 88.6361, 76.092, 67.0058, 62.4133, 24.2846, 24.2714, 24.3156, 34.5631, 84.6804, 41.2994, 27.81, 25.8905, 91.1403, 57.7938, 68.9551], [32.4227, 0.0, 34.1339, 20.9317, 7.199, 45.7342, 40.9396, 0.185, 30.7208, 20.0041, 33.9704, 31.0247, 57.0196, 5.0727, 0.85, 27.2783, 58.5616, 10.8069, 21.4225, 22.7622, 5.3727, 26.787, 6.3835, 10.4312, 53.1384, 52.9216, 74.008, 55.1224, 65.2338, 53.4499, 53.5059, 63.0676, 52.9537, 76.3262, 69.1953, 55.2037, 70.2698, 55.3677, 55.1652, 68.5699, 56.1292, 78.5447, 59.3596, 59.3859, 62.1692, 83.3968, 57.2747, 68.7403, 61.1789, 67.4347, 39.8577, 40.0602, 35.184, 30.7553, 24.8824, 58.1339, 46.5258, 38.6128, 34.8981, 39.761, 40.1277, 39.2783, 25.4931, 54.4166, 24.2873, 30.7213, 33.7102, 60.507, 31.4653, 40.2574], [1.7112, 34.1339, 0.0, 55.0656, 26.935, 79.8681, 75.0736, 34.319, 64.8547, 14.1299, 68.1043, 3.1092, 91.1535, 39.2066, 33.2839, 6.8556, 92.6956, 44.9408, 55.5565, 11.3717, 28.7612, 60.9209, 27.7505, 44.5651, 65.7442, 62.4687, 100.8698, 72.5137, 89.5834, 67.3624, 59.0418, 86.5184, 61.8731, 103.6633, 94.8531, 56.0207, 96.2267, 73.1001, 72.6176, 94.0438, 74.793, 106.288, 80.7791, 53.3975, 85.195, 111.8962, 54.3044, 101.3951, 93.4983, 100.0389, 24.3969, 24.3719, 25.7651, 28.6552, 37.5336, 90.2832, 77.7158, 68.6036, 63.9933, 24.4098, 24.3642, 24.4834, 35.8017, 86.3212, 42.6959, 28.6847, 26.5355, 92.7908, 59.3512, 70.5594], [53.3544, 20.9317, 55.0656, 0.0, 28.1306, 24.8025, 20.008, 20.7466, 9.7891, 40.9358, 13.0387, 51.9564, 36.0879, 15.859, 21.7817, 48.21, 37.6299, 10.1248, 0.4908, 43.6939, 26.3044, 5.8553, 27.3151, 10.5005, 55.2931, 57.2517, 61.2305, 53.1968, 55.6452, 54.5784, 60.2779, 54.5803, 57.6945, 62.9366, 57.9611, 64.3766, 58.6538, 53.1156, 53.1813, 57.5693, 52.9594, 64.6325, 53.2492, 71.3686, 54.1927, 68.5173, 68.09, 49.7086, 42.7777, 48.4939, 57.8831, 58.1145, 52.3695, 46.6371, 35.8822, 40.0772, 30.6754, 25.918, 24.6189, 57.7723, 58.1915, 57.2179, 37.617, 36.8822, 31.4061, 46.5897, 50.5376, 42.1764, 24.2837, 26.7225], [25.2238, 7.199, 26.935, 28.1306, 0.0, 52.9332, 48.1386, 7.384, 37.9198, 12.8051, 41.1693, 23.8258, 64.2185, 12.2716, 6.349, 20.0794, 65.7606, 18.0058, 28.6215, 15.5633, 1.8262, 33.9859, 0.8155, 17.6301, 54.2757, 53.2835, 79.2086, 57.5564, 69.6893, 54.9315, 52.9186, 67.2566, 53.162, 81.6671, 74.0392, 53.5977, 75.2025, 57.8976, 57.6163, 73.3592, 58.9231, 84.005, 62.9502, 56.4831, 66.2324, 89.0783, 54.9235, 75.5185, 67.8474, 74.1966, 34.427, 34.6082, 30.3799, 26.9383, 24.3263, 64.7454, 52.8017, 44.4433, 40.3831, 34.3405, 34.6687, 33.9106, 24.2746, 60.9447, 25.613, 26.9143, 29.1772, 67.1637, 36.4729, 46.2057], [78.1569, 45.7342, 79.8681, 24.8025, 52.9332, 0.0, 4.7946, 45.5492, 15.0134, 65.7383, 11.7638, 76.7589, 11.2854, 40.6615, 46.5842, 73.0125, 12.8274, 34.9273, 24.3117, 68.4964, 51.1069, 18.9472, 52.1177, 35.303, 66.8468, 70.5505, 53.2535, 60.9677, 53.4538, 65.2501, 75.371, 54.1311, 71.306, 53.7199, 52.9258, 81.1074, 52.9158, 60.5482, 60.8924, 52.956, 59.4077, 54.3271, 56.1647, 89.9129, 54.5102, 56.1295, 85.8904, 30.5632, 26.4118, 29.7344, 81.0703, 81.3135, 75.2316, 69.0345, 56.6909, 25.2822, 25.0069, 28.9027, 31.8668, 80.9538, 81.3943, 80.3706, 58.7878, 24.4482, 50.8966, 68.9826, 73.2681, 26.1313, 35.3498, 27.8244], [73.3624, 40.9396, 75.0736, 20.008, 48.1386, 4.7946, 0.0, 40.7546, 10.2189, 60.9437, 6.9693, 71.9644, 16.0799, 35.867, 41.7897, 68.218, 17.622, 30.1328, 19.5171, 63.7019, 46.3124, 14.1527, 47.3231, 30.5085, 64.0295, 67.4751, 54.0051, 58.7336, 52.9868, 62.5655, 72.0353, 53.3262, 68.1849, 54.7517, 53.0391, 77.5368, 53.1781, 58.3682, 58.6678, 52.9809, 57.3871, 55.6101, 54.7437, 86.0827, 53.5608, 57.9057, 82.1669, 33.6937, 28.6452, 32.7397, 76.509, 76.7508, 70.7102, 64.568, 52.398, 27.022, 24.2988, 26.6047, 28.99, 76.3933, 76.8311, 75.8136, 54.4567, 25.4794, 46.738, 64.5166, 68.7625, 28.2627, 32.033, 25.8195], [32.6078, 0.185, 34.319, 20.7466, 7.384, 45.5492, 40.7546, 0.0, 30.5358, 20.1891, 33.7853, 31.2098, 56.8345, 4.8876, 1.035, 27.4634, 58.3766, 10.6218, 21.2375, 22.9473, 5.5578, 26.6019, 6.5685, 10.2461, 53.1217, 52.9252, 73.8788, 55.0709, 65.1258, 53.424, 53.5337, 62.9671, 52.9612, 76.193, 69.0762, 55.2567, 70.1482, 55.3136, 55.1131, 68.4523, 56.0678, 78.408, 59.276, 59.4702, 62.0722, 83.2539, 57.3458, 68.5672, 61.0091, 67.2621, 40.0047, 40.2076, 35.3182, 30.8693, 24.924, 57.9658, 46.3681, 38.469, 34.7653, 39.9077, 40.2752, 39.424, 25.5504, 54.251, 24.2804, 30.8351, 33.8389, 60.3375, 31.3479, 40.1099], [63.1435, 30.7208, 64.8547, 9.7891, 37.9198, 15.0134, 10.2189, 30.5358, 0.0, 50.7249, 3.2496, 61.7455, 26.2988, 25.6481, 31.5708, 57.9991, 27.8408, 19.9139, 9.2983, 53.483, 36.0935, 3.9338, 37.1043, 20.2896, 58.884, 61.6571, 56.9366, 55.0734, 53.4328, 57.7628, 65.5326, 53.0355, 62.2471, 58.2211, 54.7006, 70.4135, 55.142, 54.8428, 55.0315, 54.4611, 54.2559, 59.5529, 53.051, 78.2748, 52.9481, 62.7552, 74.6396, 41.4417, 35.1575, 40.3173, 66.8964, 67.1339, 61.2125, 55.232, 43.5987, 32.8262, 25.8735, 24.2766, 24.9139, 66.7826, 67.2129, 66.2133, 45.5369, 30.2052, 38.3731, 55.1822, 59.3109, 34.631, 26.5176, 24.3073], [12.4187, 20.0041, 14.1299, 40.9358, 12.8051, 65.7383, 60.9437, 20.1891, 50.7249, 0.0, 53.9744, 11.0206, 77.0237, 25.0767, 19.1541, 7.2743, 78.5657, 30.8109, 41.4266, 2.7582, 14.6313, 46.7911, 13.6206, 30.4352, 58.4747, 56.2464, 89.1488, 63.6923, 78.6259, 59.6596, 54.2712, 75.8331, 55.8718, 91.7966, 83.4989, 53.0853, 84.7817, 64.1714, 63.7769, 82.7455, 65.5732, 94.2962, 70.711, 53.3687, 74.6386, 99.6702, 52.9482, 87.741, 79.9368, 86.399, 26.9033, 27.0143, 24.8762, 24.2923, 28.2709, 76.7673, 64.4436, 55.6123, 51.1999, 26.8508, 27.0516, 26.5948, 27.1578, 72.8695, 32.0913, 24.2949, 24.5032, 79.2389, 46.8143, 57.4972], [66.3931, 33.9704, 68.1043, 13.0387, 41.1693, 11.7638, 6.9693, 33.7853, 3.2496, 53.9744, 0.0, 64.9951, 23.0492, 28.8977, 34.8204, 61.2487, 24.5913, 23.1635, 12.5478, 56.7326, 39.3431, 7.1834, 40.3538, 23.5392, 60.3804, 63.3866, 55.8185, 56.0615, 53.0784, 59.1411, 67.5007, 52.9146, 64.0183, 56.9421, 53.9683, 72.5985, 54.317, 55.7853, 56.0115, 53.7847, 55.0656, 58.1335, 53.3834, 80.6993, 52.9302, 61.0696, 76.966, 38.8542, 32.8827, 37.7729, 69.9345, 70.1736, 64.2087, 58.1686, 46.3337, 30.7319, 24.9332, 24.584, 25.8443, 69.8201, 70.2531, 69.247, 48.3176, 28.3906, 40.9419, 58.1182, 62.2902, 32.3928, 27.9862, 24.3373], [1.398, 31.0247, 3.1092, 51.9564, 23.8258, 76.7589, 71.9644, 31.2098, 61.7455, 11.0206, 64.9951, 0.0, 88.0443, 36.0974, 30.1747, 3.7464, 89.5863, 41.8316, 52.4472, 8.2625, 25.652, 57.8117, 24.6413, 41.4559, 63.9479, 60.873, 98.2362, 70.4243, 87.0938, 65.4838, 57.7297, 84.0799, 60.3202, 101.0021, 92.2889, 55.0779, 93.6454, 70.9905, 70.5246, 91.4902, 72.6289, 103.603, 78.4562, 53.0693, 82.7807, 109.1665, 53.6907, 98.379, 90.4992, 97.0254, 24.2742, 24.2818, 24.8932, 27.1297, 35.219, 87.2923, 74.7683, 65.7046, 61.1277, 24.2715, 24.2849, 24.2673, 33.5819, 83.3419, 40.1766, 27.1546, 25.437, 89.7935, 56.5281, 67.6483], [89.4423, 57.0196, 91.1535, 36.0879, 64.2185, 11.2854, 16.0799, 56.8345, 26.2988, 77.0237, 23.0492, 88.0443, 0.0, 51.9469, 57.8696, 84.2979, 1.542, 46.2127, 35.5971, 79.7818, 62.3923, 30.2326, 63.403, 46.5884, 74.2822, 78.4728, 53.1758, 67.2903, 56.1764, 72.4341, 83.7832, 57.5779, 79.3143, 52.9517, 54.354, 89.9622, 54.0005, 66.7664, 67.1967, 54.5857, 65.3164, 52.9234, 60.8841, 99.2595, 58.261, 53.4341, 95.0346, 25.3396, 24.2821, 24.9732, 91.9003, 92.1461, 85.9908, 79.6985, 67.0643, 24.6265, 29.8159, 36.2917, 40.1128, 91.7826, 92.2279, 91.1929, 69.2237, 25.6515, 61.0542, 79.6457, 83.9998, 24.3191, 44.2396, 34.7679], [37.4954, 5.0727, 39.2066, 15.859, 12.2716, 40.6615, 35.867, 4.8876, 25.6481, 25.0767, 28.8977, 36.0974, 51.9469, 0.0, 5.9227, 32.351, 53.489, 5.7342, 16.3499, 27.8349, 10.4454, 21.7143, 11.4561, 5.3585, 52.9138, 53.2528, 70.5547, 53.9211, 62.4028, 52.9716, 54.4901, 60.4573, 53.3926, 72.7554, 66.0406, 56.858, 67.0408, 54.0919, 53.9505, 65.4607, 54.6465, 74.8739, 57.2395, 61.8542, 59.6626, 79.5411, 59.4014, 64.0193, 56.5582, 62.7284, 43.9904, 44.2032, 39.0142, 34.1074, 26.4702, 53.5662, 42.2807, 34.8133, 31.451, 43.8886, 44.274, 43.3804, 27.4751, 49.9275, 24.6071, 34.0684, 37.4098, 55.8972, 28.506, 36.3388], [31.5727, 0.85, 33.2839, 21.7817, 6.349, 46.5842, 41.7897, 1.035, 31.5708, 19.1541, 34.8204, 30.1747, 57.8696, 5.9227, 0.0, 26.4283, 59.4116, 11.6569, 22.2725, 21.9122, 4.5227, 27.637, 5.5335, 11.2812, 53.2233, 52.9135, 74.6048, 55.3667, 65.7346, 53.5766, 53.3864, 63.5341, 52.9274, 76.9411, 69.7461, 54.9675, 70.832, 55.6239, 55.4116, 69.1136, 56.4185, 79.1749, 59.7497, 59.0049, 62.6196, 84.0555, 56.9548, 69.5362, 61.9601, 68.2284, 39.1868, 39.3873, 34.5735, 30.2405, 24.7085, 58.9074, 47.2531, 39.2776, 35.5138, 39.0911, 39.454, 38.6135, 25.2456, 55.1787, 24.337, 30.2075, 33.1258, 61.2866, 32.0131, 40.9388], [5.1444, 27.2783, 6.8556, 48.21, 20.0794, 73.0125, 68.218, 27.4634, 57.9991, 7.2743, 61.2487, 3.7464, 84.2979, 32.351, 26.4283, 0.0, 85.84, 38.0852, 48.7008, 4.5161, 21.9056, 54.0653, 20.8949, 37.7095, 61.9218, 59.1106, 95.1012, 68.0103, 84.1489, 63.3491, 56.3364, 81.2027, 58.6137, 97.8307, 89.2453, 54.1577, 90.5791, 68.5498, 68.1058, 88.4605, 70.1158, 100.4003, 75.7323, 52.9144, 79.9355, 105.9051, 53.1839, 94.7529, 86.8958, 93.4028, 24.6521, 24.6982, 24.3337, 25.6743, 32.6062, 83.7001, 71.2351, 62.2385, 57.7083, 24.6309, 24.7141, 24.5335, 31.1103, 79.7653, 37.2596, 25.6925, 24.5751, 86.1925, 53.1688, 64.1654], [90.9844, 58.5616, 92.6956, 37.6299, 65.7606, 12.8274, 17.622, 58.3766, 27.8408, 78.5657, 24.5913, 89.5863, 1.542, 53.489, 59.4116, 85.84, 0.0, 47.7548, 37.1391, 81.3239, 63.9344, 31.7746, 64.9451, 48.1305, 75.3725, 79.6183, 53.3509, 68.2538, 56.7129, 73.4958, 84.9844, 58.2032, 80.4696, 53.0326, 54.7272, 91.2138, 54.3294, 67.7178, 68.158, 54.9848, 66.2323, 52.9159, 61.6615, 100.5676, 58.923, 53.2412, 96.3193, 24.9395, 24.3854, 24.6547, 93.3885, 93.6346, 87.4713, 81.1687, 68.5041, 24.9353, 30.7375, 37.4525, 41.3512, 93.2707, 93.7165, 92.6803, 70.67, 26.1919, 62.4722, 81.1157, 85.4772, 24.4685, 45.5368, 35.8884], [43.2296, 10.8069, 44.9408, 10.1248, 18.0058, 34.9273, 30.1328, 10.6218, 19.9139, 30.8109, 23.1635, 41.8316, 46.2127, 5.7342, 11.6569, 38.0852, 47.7548, 0.0, 10.6156, 33.5691, 16.1796, 15.9801, 17.1903, 0.3757, 53.2438, 54.1995, 66.9, 53.1166, 59.5619, 53.0133, 56.1363, 57.9015, 54.4564, 68.946, 62.7778, 59.1975, 63.6808, 53.198, 53.1301, 62.2575, 53.5027, 70.9327, 55.3073, 65.0092, 57.2397, 75.3563, 62.2173, 58.7532, 51.4375, 57.4835, 48.8757, 49.0971, 43.6502, 38.3544, 29.2371, 48.5238, 37.7288, 30.9609, 28.1531, 48.7698, 49.1707, 48.2402, 30.5863, 45.0026, 26.1754, 38.3115, 41.9392, 50.7926, 25.9604, 32.2984], [53.8453, 21.4225, 55.5565, 0.4908, 28.6215, 24.3117, 19.5171, 21.2375, 9.2983, 41.4266, 12.5478, 52.4472, 35.5971, 16.3499, 22.2725, 48.7008, 37.1391, 10.6156, 0.0, 44.1847, 26.7953, 5.3645, 27.806, 10.9914, 55.4375, 57.4409, 60.985, 53.2496, 55.4953, 54.7007, 60.5145, 54.462, 57.8919, 62.6722, 57.7625, 64.6574, 58.4438, 53.1606, 53.2328, 57.3777, 52.9821, 64.3519, 53.1964, 71.6989, 54.0888, 68.2065, 68.4, 49.2808, 42.3745, 48.0695, 58.329, 58.5609, 52.8049, 47.0569, 36.2453, 39.6877, 30.3777, 25.7497, 24.5409, 58.2181, 58.638, 57.6627, 37.9934, 36.514, 31.72, 47.0094, 50.9687, 41.7759, 24.3069, 26.5207], [9.6605, 22.7622, 11.3717, 43.6939, 15.5633, 68.4964, 63.7019, 22.9473, 53.483, 2.7582, 56.7326, 8.2625, 79.7818, 27.8349, 21.9122, 4.5161, 81.3239, 33.5691, 44.1847, 0.0, 17.3895, 49.5492, 16.3788, 33.1934, 59.7009, 57.2405, 91.3832, 65.2678, 80.6874, 60.9827, 54.9501, 77.8327, 56.8175, 94.0639, 85.6504, 53.3779, 86.9538, 65.7712, 65.3568, 84.8844, 67.2391, 96.5916, 72.57, 53.0797, 76.6088, 102.0181, 52.9201, 90.3948, 82.569, 89.0495, 25.8326, 25.9211, 24.4182, 24.5732, 29.7802, 79.3888, 67.0068, 58.1065, 53.6445, 25.791, 25.951, 25.5904, 28.5029, 75.4758, 33.9603, 24.582, 24.2753, 81.8689, 49.1937, 60.009], [27.05, 5.3727, 28.7612, 26.3044, 1.8262, 51.1069, 46.3124, 5.5578, 36.0935, 14.6313, 39.3431, 25.652, 62.3923, 10.4454, 4.5227, 21.9056, 63.9344, 16.1796, 26.7953, 17.3895, 0.0, 32.1597, 1.0107, 15.8039, 53.8985, 53.0996, 77.8592, 56.8626, 68.5149, 54.4695, 52.9757, 66.1449, 53.0167, 80.2848, 72.7735, 53.9187, 73.916, 57.1807, 56.9183, 72.1063, 58.1427, 82.5947, 61.9799, 57.1476, 65.1504, 87.616, 55.441, 73.7915, 66.1453, 72.4733, 35.7456, 35.9331, 31.5123, 27.7799, 24.2672, 63.0561, 51.1866, 42.9249, 38.9389, 35.656, 35.9956, 35.2104, 24.3891, 59.2739, 25.0885, 27.753, 30.2293, 65.4642, 35.1306, 44.6619], [59.2097, 26.787, 60.9209, 5.8553, 33.9859, 18.9472, 14.1527, 26.6019, 3.9338, 46.7911, 7.1834, 57.8117, 30.2326, 21.7143, 27.637, 54.0653, 31.7746, 15.9801, 5.3645, 49.5492, 32.1597, 0.0, 33.1704, 16.3558, 57.2672, 59.7332, 58.5034, 54.1146, 54.1203, 56.3005, 63.2915, 53.4466, 60.2681, 59.9687, 55.8277, 67.8825, 56.3755, 53.9422, 54.083, 55.5239, 53.5239, 61.4574, 52.9135, 75.4228, 53.2358, 64.955, 71.9192, 44.6899, 38.1008, 43.5231, 63.2466, 63.482, 57.6222, 51.7271, 40.39, 35.5943, 27.4868, 24.4832, 24.3269, 63.1339, 63.5603, 62.5698, 42.2602, 32.7006, 35.4133, 51.6781, 55.7447, 37.5388, 25.1902, 24.8463], [26.0393, 6.3835, 27.7505, 27.3151, 0.8155, 52.1177, 47.3231, 6.5685, 37.1043, 13.6206, 40.3538, 24.6413, 63.403, 11.4561, 5.5335, 20.8949, 64.9451, 17.1903, 27.806, 16.3788, 1.0107, 33.1704, 0.0, 16.8146, 54.1, 53.1937, 78.6037, 57.2404, 69.1614, 54.7182, 52.9363, 66.7563, 53.0894, 81.0477, 73.4711, 53.7336, 74.6252, 57.5714, 57.2985, 72.7967, 58.5688, 83.3732, 62.5122, 56.7736, 65.7452, 88.4236, 55.1477, 74.7467, 67.0865, 73.4264, 35.0102, 35.1943, 30.8774, 27.3022, 24.283, 63.9901, 52.0788, 43.7623, 39.7343, 34.9223, 35.2557, 34.4851, 24.3089, 60.1975, 25.3639, 27.2769, 29.6378, 66.4039, 35.8682, 45.5137], [42.8539, 10.4312, 44.5651, 10.5005, 17.6301, 35.303, 30.5085, 10.2461, 20.2896, 30.4352, 23.5392, 41.4559, 46.5884, 5.3585, 11.2812, 37.7095, 48.1305, 0.3757, 10.9914, 33.1934, 15.8039, 16.3558, 16.8146, 0.0, 53.2033, 54.1194, 67.1306, 53.1508, 59.7353, 52.9916, 56.012, 58.055, 54.3688, 69.1875, 62.9808, 59.03, 63.8906, 53.2381, 53.1653, 62.4563, 53.5596, 71.1835, 55.4178, 64.7916, 57.3841, 75.6243, 62.0205, 59.0956, 51.769, 57.8243, 48.5499, 48.7708, 43.3384, 38.0642, 29.0292, 48.8495, 38.0173, 31.1956, 28.3454, 48.4442, 48.8443, 47.9159, 30.359, 45.3194, 26.0369, 38.0215, 41.6333, 51.123, 26.0962, 32.5476], [64.7433, 53.1384, 65.7442, 55.2931, 54.2757, 66.8468, 64.0295, 53.1217, 58.884, 58.4747, 60.3804, 63.9479, 74.2822, 52.9138, 53.2233, 61.9218, 75.3725, 53.2438, 55.4375, 59.7009, 53.8985, 57.2672, 54.1, 53.2033, 0.0, 5.8149, 46.8582, 10.5635, 33.2677, 2.6689, 12.8253, 29.4326, 6.9494, 50.1229, 39.7039, 20.6209, 41.3537, 11.4171, 10.7153, 38.7269, 13.8409, 53.1619, 22.0174, 31.8453, 27.7521, 59.5759, 26.8068, 65.9734, 58.7348, 64.7174, 46.4021, 46.6029, 41.7422, 37.2302, 30.4709, 55.8484, 45.0825, 38.1198, 35.0493, 46.3061, 46.6697, 45.8272, 31.334, 52.3537, 28.9094, 37.1948, 40.2564, 58.0963, 32.4034, 39.5277], [61.5762, 52.9216, 62.4687, 57.2517, 53.2835, 70.5505, 67.4751, 52.9252, 61.6571, 56.2464, 63.3866, 60.873, 78.4728, 53.2528, 52.9135, 59.1106, 79.6183, 54.1995, 57.4409, 57.2405, 53.0996, 59.7332, 53.1937, 54.1194, 5.8149, 0.0, 52.6731, 16.3784, 39.0826, 8.4837, 7.0104, 35.2474, 1.1346, 55.9378, 45.5187, 14.806, 47.1686, 17.232, 16.5302, 44.5418, 19.6558, 58.9768, 27.8323, 26.0304, 33.567, 65.3907, 20.9919, 71.2562, 63.8742, 69.979, 41.9814, 42.168, 37.7245, 33.8135, 29.0088, 60.9131, 49.71, 42.1831, 38.6927, 41.8922, 42.2303, 41.4481, 29.4614, 57.3093, 28.7111, 33.7841, 36.4069, 63.2201, 35.4954, 43.7379], [99.417, 74.008, 100.8698, 61.2305, 79.2086, 53.2535, 54.0051, 73.8788, 56.9366, 89.1488, 55.8185, 98.2362, 53.1758, 70.5547, 74.6048, 95.1012, 53.3509, 66.9, 60.985, 91.3832, 77.8592, 58.5034, 78.6037, 67.1306, 46.8582, 52.6731, 0.0, 36.2948, 13.5906, 44.1894, 59.6836, 17.4257, 53.8077, 3.2647, 7.1544, 67.4791, 5.5045, 35.4411, 36.1429, 8.1313, 33.0173, 6.3037, 24.8408, 78.7035, 19.1062, 12.7176, 73.665, 31.2835, 28.985, 30.7486, 88.1468, 88.3879, 82.3616, 76.2255, 64.0112, 28.667, 31.0766, 35.943, 39.1352, 88.0314, 88.468, 87.4534, 66.086, 28.8071, 58.275, 76.1741, 80.4171, 28.8825, 42.7361, 34.7224], [71.3546, 55.1224, 72.5137, 53.1968, 57.5564, 60.9677, 58.7336, 55.0709, 55.0734, 63.6923, 56.0615, 70.4243, 67.2903, 53.9211, 55.3667, 68.0103, 68.2538, 53.1166, 53.2496, 65.2678, 56.8626, 54.1146, 57.2404, 53.1508, 10.5635, 16.3784, 36.2948, 0.0, 22.7042, 7.8946, 23.3888, 18.8691, 17.5129, 39.5594, 29.1404, 31.1843, 30.7902, 0.8536, 0.1518, 28.1635, 3.2775, 42.5984, 11.4539, 42.4088, 17.1886, 49.0124, 37.3702, 56.6437, 49.7803, 55.4427, 55.0995, 55.3174, 49.9544, 44.7221, 35.489, 47.0931, 37.5309, 32.1461, 30.2222, 54.9953, 55.3899, 54.4742, 36.9004, 43.8941, 32.0861, 44.6795, 48.2671, 49.1828, 29.0105, 33.1452], [88.2083, 65.2338, 89.5834, 55.6452, 69.6893, 53.4538, 52.9868, 65.1258, 53.4328, 78.6259, 53.0784, 87.0938, 56.1764, 62.4028, 65.7346, 84.1489, 56.7129, 59.5619, 55.4953, 80.6874, 68.5149, 54.1203, 69.1614, 59.7353, 33.2677, 39.0826, 13.5906, 22.7042, 0.0, 30.5988, 46.093, 3.8351, 40.2171, 16.8552, 6.4362, 53.8885, 8.0861, 21.8506, 22.5524, 5.4593, 19.4267, 19.8942, 11.2503, 65.1129, 5.5156, 26.3082, 60.0744, 38.7951, 33.8363, 37.8669, 75.4234, 75.6592, 69.7799, 63.8358, 52.213, 32.1862, 28.6881, 29.7746, 31.4885, 75.3105, 75.7376, 74.7453, 54.16, 30.5286, 46.918, 63.7862, 67.8909, 33.4521, 33.8979, 29.2746], [66.3171, 53.4499, 67.3624, 54.5784, 54.9315, 65.2501, 62.5655, 53.424, 57.7628, 59.6596, 59.1411, 65.4838, 72.4341, 52.9716, 53.5766, 63.3491, 73.4958, 53.0133, 54.7007, 60.9827, 54.4695, 56.3005, 54.7182, 52.9916, 2.6689, 8.4837, 44.1894, 7.8946, 30.5988, 0.0, 15.4942, 26.7637, 9.6183, 47.454, 37.035, 23.2897, 38.6849, 8.7483, 8.0465, 36.0581, 11.1721, 50.4931, 19.3486, 34.5141, 25.0832, 56.907, 29.4756, 63.5798, 56.4199, 62.3355, 48.5296, 48.7356, 43.7218, 38.989, 31.4806, 53.5748, 43.0551, 36.4143, 33.5824, 48.4312, 48.8041, 47.9394, 32.5071, 50.1411, 29.3877, 38.9514, 42.1743, 55.7899, 31.2453, 37.7383], [58.3028, 53.5059, 59.0418, 60.2779, 52.9186, 75.371, 72.0353, 53.5337, 65.5326, 54.2712, 67.5007, 57.7297, 83.7832, 54.4901, 53.3864, 56.3364, 84.9844, 56.1363, 60.5145, 54.9501, 52.9757, 63.2915, 52.9363, 56.012, 12.8253, 7.0104, 59.6836, 23.3888, 46.093, 15.4942, 0.0, 42.2579, 5.8759, 62.9482, 52.5292, 7.7955, 54.1791, 24.2424, 23.5406, 51.5523, 26.6663, 65.9872, 34.8427, 19.0199, 40.5774, 72.4012, 13.9814, 77.7263, 70.2105, 76.429, 37.1658, 37.3287, 33.5876, 30.6695, 28.7502, 67.1809, 55.5864, 47.5679, 43.7144, 37.0881, 37.383, 36.7028, 28.6468, 63.4779, 30.0078, 30.6497, 32.5512, 69.5422, 40.0367, 49.2499], [85.1709, 63.0676, 86.5184, 54.5803, 67.2566, 54.1311, 53.3262, 62.9671, 53.0355, 75.8331, 52.9146, 84.0799, 57.5779, 60.4573, 63.5341, 81.2027, 58.2032, 57.9015, 54.462, 77.8327, 66.1449, 53.4466, 66.7563, 58.055, 29.4326, 35.2474, 17.4257, 18.8691, 3.8351, 26.7637, 42.2579, 0.0, 36.382, 20.6903, 10.2713, 50.0534, 11.9212, 18.0154, 18.7172, 9.2944, 15.5916, 23.7294, 7.4151, 61.2778, 1.6805, 30.1433, 56.2393, 41.4782, 36.024, 40.4791, 71.8904, 72.1242, 66.3016, 60.433, 49.0518, 34.1059, 29.1471, 28.9649, 30.0992, 71.7785, 72.202, 71.2182, 50.9456, 32.057, 43.9431, 60.3842, 64.4342, 35.5845, 32.012, 28.7306], [61.0037, 52.9537, 61.8731, 57.6945, 53.162, 71.306, 68.1849, 52.9612, 62.2471, 55.8718, 64.0183, 60.3202, 79.3143, 53.3926, 52.9274, 58.6137, 80.4696, 54.4564, 57.8919, 56.8175, 53.0167, 60.2681, 53.0894, 54.3688, 6.9494, 1.1346, 53.8077, 17.5129, 40.2171, 9.6183, 5.8759, 36.382, 0.0, 57.0723, 46.6533, 13.6714, 48.3032, 18.3666, 17.6647, 45.6764, 20.7904, 60.1113, 28.9668, 24.8958, 34.7015, 66.5253, 19.8573, 72.2965, 64.8903, 71.0157, 41.1593, 41.3427, 36.9963, 33.2246, 28.8518, 61.9167, 50.6415, 43.0228, 39.4643, 41.0717, 41.4038, 40.6357, 29.2173, 58.2947, 28.8094, 33.1966, 35.7178, 64.2336, 36.1769, 44.6014], [102.1956, 76.3262, 103.6633, 62.9366, 81.6671, 53.7199, 54.7517, 76.193, 58.2211, 91.7966, 56.9421, 101.0021, 52.9517, 72.7554, 76.9411, 97.8307, 53.0326, 68.946, 62.6722, 94.0639, 80.2848, 59.9687, 81.0477, 69.1875, 50.1229, 55.9378, 3.2647, 39.5594, 16.8552, 47.454, 62.9482, 20.6903, 57.0723, 0.0, 10.419, 70.7438, 8.7692, 38.7058, 39.4076, 11.396, 36.282, 3.039, 28.1055, 81.9682, 22.3708, 9.453, 76.9297, 30.1203, 28.6697, 29.7183, 91.2404, 91.4824, 85.43, 79.2603, 66.9467, 28.7294, 32.4819, 38.0039, 41.4284, 91.1246, 91.5629, 90.5442, 69.0425, 29.3315, 61.1391, 79.2086, 83.4757, 28.6496, 45.2118, 36.6663], [93.4377, 69.1953, 94.8531, 57.9611, 74.0392, 52.9258, 53.0391, 69.0762, 54.7006, 83.4989, 53.9683, 92.2889, 54.354, 66.0406, 69.7461, 89.2453, 54.7272, 62.7778, 57.7625, 85.6504, 72.7735, 55.8277, 73.4711, 62.9808, 39.7039, 45.5187, 7.1544, 29.1404, 6.4362, 37.035, 52.5292, 10.2713, 46.6533, 10.419, 0.0, 60.3247, 1.6499, 28.2867, 28.9886, 0.9769, 25.8629, 13.458, 17.6865, 71.5491, 11.9518, 19.872, 66.5106, 34.7811, 30.8953, 34.008, 81.414, 81.6526, 75.6949, 69.6474, 57.7022, 29.8075, 29.0614, 32.1318, 34.6587, 81.2998, 81.732, 80.7277, 59.7193, 28.9409, 52.1634, 69.5969, 73.776, 30.6284, 37.733, 31.242], [55.4823, 55.2037, 56.0207, 64.3766, 53.5977, 81.1074, 77.5368, 55.2567, 70.4135, 53.0853, 72.5985, 55.0779, 89.9622, 56.858, 54.9675, 54.1577, 91.2138, 59.1975, 64.6574, 53.3779, 53.9187, 67.8825, 53.7336, 59.03, 20.6209, 14.806, 67.4791, 31.1843, 53.8885, 23.2897, 7.7955, 50.0534, 13.6714, 70.7438, 60.3247, 0.0, 61.9746, 32.038, 31.3362, 59.3478, 34.4618, 73.7828, 42.6383, 11.2244, 48.3729, 80.1967, 6.1859, 85.0216, 77.393, 83.7073, 32.755, 32.8794, 30.2571, 28.8201, 30.4202, 74.3066, 62.3965, 53.9957, 49.8652, 32.696, 32.921, 32.4057, 29.7224, 70.5223, 33.1746, 28.8141, 29.6536, 76.7128, 45.8235, 55.7757], [94.8022, 70.2698, 96.2267, 58.6538, 75.2025, 52.9158, 53.1781, 70.1482, 55.142, 84.7817, 54.317, 93.6454, 54.0005, 67.0408, 70.832, 90.5791, 54.3294, 63.6808, 58.4438, 86.9538, 73.916, 56.3755, 74.6252, 63.8906, 41.3537, 47.1686, 5.5045, 30.7902, 8.0861, 38.6849, 54.1791, 11.9212, 48.3032, 8.7692, 1.6499, 61.9746, 0.0, 29.9366, 30.6384, 2.6268, 27.5128, 11.8082, 19.3363, 73.199, 13.6017, 18.2221, 68.1605, 33.8726, 30.316, 33.148, 82.9604, 83.1996, 77.2245, 71.1545, 59.14, 29.3943, 29.3842, 32.912, 35.6135, 82.8459, 83.2792, 82.2723, 61.1721, 28.7526, 53.5499, 71.1038, 75.2992, 30.0842, 38.827, 31.9362], [71.9301, 55.3677, 73.1001, 53.1156, 57.8976, 60.5482, 58.3682, 55.3136, 54.8428, 64.1714, 55.7853, 70.9905, 66.7664, 54.0919, 55.6239, 68.5498, 67.7178, 53.198, 53.1606, 65.7712, 57.1807, 53.9422, 57.5714, 53.2381, 11.4171, 17.232, 35.4411, 0.8536, 21.8506, 8.7483, 24.2424, 18.0154, 18.3666, 38.7058, 28.2867, 32.038, 29.9366, 0.0, 0.7018, 27.3098, 2.4238, 41.7448, 10.6003, 43.2624, 16.335, 48.1587, 38.2239, 55.9089, 49.0846, 54.7136, 55.8305, 56.0494, 50.6561, 45.3809, 35.9995, 46.4185, 36.9851, 31.7679, 29.9611, 55.7258, 56.1222, 55.2021, 37.4443, 43.2509, 32.4796, 45.3379, 48.9567, 48.4915, 28.888, 32.7241], [71.4565, 55.1652, 72.6176, 53.1813, 57.6163, 60.8924, 58.6678, 55.1131, 55.0315, 63.7769, 56.0115, 70.5246, 67.1967, 53.9505, 55.4116, 68.1058, 68.158, 53.1301, 53.2328, 65.3568, 56.9183, 54.083, 57.2985, 53.1653, 10.7153, 16.5302, 36.1429, 0.1518, 22.5524, 8.0465, 23.5406, 18.7172, 17.6647, 39.4076, 28.9886, 31.3362, 30.6384, 0.7018, 0.0, 28.0116, 3.1256, 42.4466, 11.3021, 42.5606, 17.0368, 48.8605, 37.5221, 56.5128, 49.6562, 55.3128, 55.2293, 55.4473, 50.0788, 44.8388, 35.5789, 46.9727, 37.433, 32.0775, 30.1742, 55.125, 55.5199, 54.6034, 36.9963, 43.7792, 32.1548, 44.7962, 48.3894, 49.0595, 28.9869, 33.0691], [92.6342, 68.5699, 94.0438, 57.5693, 73.3592, 52.956, 52.9809, 68.4523, 54.4611, 82.7455, 53.7847, 91.4902, 54.5857, 65.4607, 69.1136, 88.4605, 54.9848, 62.2575, 57.3777, 84.8844, 72.1063, 55.5239, 72.7967, 62.4563, 38.7269, 44.5418, 8.1313, 28.1635, 5.4593, 36.0581, 51.5523, 9.2944, 45.6764, 11.396, 0.9769, 59.3478, 2.6268, 27.3098, 28.0116, 0.0, 24.886, 14.435, 16.7095, 70.5722, 10.9749, 20.8489, 65.5337, 35.3443, 31.2743, 34.5443, 80.5003, 80.7385, 74.7915, 68.7582, 56.8562, 30.0921, 28.9129, 31.7013, 34.1184, 80.3862, 80.8177, 79.8151, 58.864, 29.0959, 51.3498, 68.7078, 72.8768, 30.9876, 37.1046, 30.8651], [73.5936, 56.1292, 74.793, 52.9594, 58.9231, 59.4077, 57.3871, 56.0678, 54.2559, 65.5732, 55.0656, 72.6289, 65.3164, 54.6465, 56.4185, 70.1158, 66.2323, 53.5027, 52.9821, 67.2391, 58.1427, 53.5239, 58.5688, 53.5596, 13.8409, 19.6558, 33.0173, 3.2775, 19.4267, 11.1721, 26.6663, 15.5916, 20.7904, 36.282, 25.8629, 34.4618, 27.5128, 2.4238, 3.1256, 24.886, 0.0, 39.321, 8.1765, 45.6862, 13.9111, 45.7349, 40.6477, 53.8418, 47.1376, 52.6638, 57.9243, 58.1459, 52.6729, 47.2856, 37.5171, 44.5364, 35.5016, 30.7978, 29.3427, 57.8182, 58.2197, 57.2878, 39.0493, 41.466, 33.6898, 47.2415, 50.942, 46.5578, 28.6762, 31.6237], [104.8073, 78.5447, 106.288, 64.6325, 84.005, 54.3271, 55.6101, 78.408, 59.5529, 94.2962, 58.1335, 103.603, 52.9234, 74.8739, 79.1749, 100.4003, 52.9159, 70.9327, 64.3519, 96.5916, 82.5947, 61.4574, 83.3732, 71.1835, 53.1619, 58.9768, 6.3037, 42.5984, 19.8942, 50.4931, 65.9872, 23.7294, 60.1113, 3.039, 13.458, 73.7828, 11.8082, 41.7448, 42.4466, 14.435, 39.321, 0.0, 31.1445, 85.0072, 25.4098, 6.4139, 79.9687, 29.3241, 28.7086, 29.0576, 94.1306, 94.3734, 88.299, 82.1012, 69.7055, 29.1182, 34.0202, 40.0665, 43.6744, 94.0144, 94.4541, 93.4321, 71.8186, 30.1309, 63.8397, 82.0493, 86.3364, 28.766, 47.6019, 38.6362], [79.494, 59.3596, 80.7791, 53.2492, 62.9502, 56.1647, 54.7437, 59.276, 53.051, 70.711, 53.3834, 78.4562, 60.8841, 57.2395, 59.7497, 75.7323, 61.6615, 55.3073, 53.1964, 72.57, 61.9799, 52.9135, 62.5122, 55.4178, 22.0174, 27.8323, 24.8408, 11.4539, 11.2503, 19.3486, 34.8427, 7.4151, 28.9668, 28.1055, 17.6865, 42.6383, 19.3363, 10.6003, 11.3021, 16.7095, 8.1765, 31.1445, 0.0, 53.8627, 5.7347, 37.5584, 48.8242, 47.1199, 40.9469, 46.0183, 65.1564, 65.3854, 59.7003, 54.0184, 43.2499, 38.6354, 31.3735, 28.8172, 28.7044, 65.0468, 65.4616, 64.4983, 45.0073, 36.0003, 38.6239, 53.9714, 57.8861, 40.4266, 29.4594, 29.118], [53.1946, 59.3859, 53.3975, 71.3686, 56.4831, 89.9129, 86.0827, 59.4702, 78.2748, 53.3687, 80.6993, 53.0693, 99.2595, 61.8542, 59.0049, 52.9144, 100.5676, 65.0092, 71.6989, 53.0797, 57.1476, 75.4228, 56.7736, 64.7916, 31.8453, 26.0304, 78.7035, 42.4088, 65.1129, 34.5141, 19.0199, 61.2778, 24.8958, 81.9682, 71.5491, 11.2244, 73.199, 43.2624, 42.5606, 70.5722, 45.6862, 85.0072, 53.8627, 0.0, 59.5973, 91.4211, 5.0385, 95.6645, 87.9185, 94.3322, 29.0228, 29.0648, 28.6849, 29.7603, 35.7932, 84.7738, 72.5513, 63.7888, 59.4036, 29.0035, 29.0793, 28.9141, 34.4573, 80.9075, 40.0267, 29.7754, 28.8671, 87.226, 55.0334, 65.6602], [83.8606, 62.1692, 85.195, 54.1927, 66.2324, 54.5102, 53.5608, 62.0722, 52.9481, 74.6386, 52.9302, 82.7807, 58.261, 59.6626, 62.6196, 79.9355, 58.923, 57.2397, 54.0888, 76.6088, 65.1504, 53.2358, 65.7452, 57.3841, 27.7521, 33.567, 19.1062, 17.1886, 5.5156, 25.0832, 40.5774, 1.6805, 34.7015, 22.3708, 11.9518, 48.3729, 13.6017, 16.335, 17.0368, 10.9749, 13.9111, 25.4098, 5.7347, 59.5973, 0.0, 31.8238, 54.5588, 42.7093, 37.067, 41.6834, 70.3523, 70.5852, 64.7901, 58.9587, 47.6977, 35.0464, 29.5034, 28.7645, 29.6266, 70.2409, 70.6626, 69.6829, 49.565, 32.8456, 42.6829, 58.9103, 62.9334, 36.6064, 31.2981, 28.6512], [110.3914, 83.3968, 111.8962, 68.5173, 89.0783, 56.1295, 57.9057, 83.2539, 62.7552, 99.6702, 61.0696, 109.1665, 53.4341, 79.5411, 84.0555, 105.9051, 53.2412, 75.3563, 68.2065, 102.0181, 87.616, 64.955, 88.4236, 75.6243, 59.5759, 65.3907, 12.7176, 49.0124, 26.3082, 56.907, 72.4012, 30.1433, 66.5253, 9.453, 19.872, 80.1967, 18.2221, 48.1587, 48.8605, 20.8489, 45.7349, 6.4139, 37.5584, 91.4211, 31.8238, 0.0, 86.3826, 28.6469, 29.8248, 28.6881, 100.2593, 100.5036, 94.3889, 88.1405, 75.5988, 30.9188, 37.8671, 44.7862, 48.698, 100.1424, 100.5848, 99.5565, 77.7424, 32.693, 69.6312, 88.0881, 92.4115, 30.037, 52.8655, 43.2027], [53.9453, 57.2747, 54.3044, 68.09, 54.9235, 85.8904, 82.1669, 57.3458, 74.6396, 52.9482, 76.966, 53.6907, 95.0346, 59.4014, 56.9548, 53.1839, 96.3193, 62.2173, 68.4, 52.9201, 55.441, 71.9192, 55.1477, 62.0205, 26.8068, 20.9919, 73.665, 37.3702, 60.0744, 29.4756, 13.9814, 56.2393, 19.8573, 76.9297, 66.5106, 6.1859, 68.1605, 38.2239, 37.5221, 65.5337, 40.6477, 79.9687, 48.8242, 5.0385, 54.5588, 86.3826, 0.0, 90.8697, 83.1711, 89.5447, 30.2433, 30.326, 28.8662, 28.806, 33.0195, 80.0498, 67.9513, 59.3301, 55.0433, 30.2044, 30.3539, 30.0161, 31.9332, 76.2163, 36.6853, 28.8119, 28.6845, 82.4836, 50.799, 61.166], [99.7345, 68.7403, 101.3951, 49.7086, 75.5185, 30.5632, 33.6937, 68.5672, 41.4417, 87.741, 38.8542, 98.379, 25.3396, 64.0193, 69.5362, 94.7529, 24.9395, 58.7532, 49.2808, 90.3948, 73.7915, 44.6899, 74.7467, 59.0956, 65.9734, 71.2562, 31.2835, 56.6437, 38.7951, 63.5798, 77.7263, 41.4782, 72.2965, 30.1203, 34.7811, 85.0216, 33.8726, 55.9089, 56.5128, 35.3443, 53.8418, 29.3241, 47.1199, 95.6645, 42.7093, 28.6469, 90.8697, 0.0, 8.1542, 1.3974, 95.9333, 96.1882, 89.7905, 83.209, 69.8147, 11.4877, 24.6184, 34.2801, 39.2347, 95.8113, 96.2729, 95.1997, 72.1257, 15.6084, 63.3192, 83.1536, 87.713, 8.8869, 44.2849, 32.1932], [91.8468, 61.1789, 93.4983, 42.7777, 67.8474, 26.4118, 28.6452, 61.0091, 35.1575, 79.9368, 32.8827, 90.4992, 24.2821, 56.5582, 61.9601, 86.8958, 24.3854, 51.4375, 42.3745, 82.569, 66.1453, 38.1008, 67.0865, 51.769, 58.7348, 63.8742, 28.985, 49.7803, 33.8363, 56.4199, 70.2105, 36.024, 64.8903, 28.6697, 30.8953, 77.393, 30.316, 49.0846, 49.6562, 31.2743, 47.1376, 28.7086, 40.9469, 87.9185, 37.067, 29.8248, 83.1711, 8.1542, 0.0, 6.7568, 87.7792, 88.034, 81.6364, 75.0549, 61.6605, 3.3335, 16.4643, 26.1259, 31.0805, 87.6571, 88.1188, 87.0456, 63.9716, 7.4542, 55.165, 74.9994, 79.5588, 0.7327, 36.1307, 24.039], [98.3797, 67.4347, 100.0389, 48.4939, 74.1966, 29.7344, 32.7397, 67.2621, 40.3173, 86.399, 37.7729, 97.0254, 24.9732, 62.7284, 68.2284, 93.4028, 24.6547, 57.4835, 48.0695, 89.0495, 72.4733, 43.5231, 73.4264, 57.8243, 64.7174, 69.979, 30.7486, 55.4427, 37.8669, 62.3355, 76.429, 40.4791, 71.0157, 29.7183, 34.008, 83.7073, 33.148, 54.7136, 55.3128, 34.5443, 52.6638, 29.0576, 46.0183, 94.3322, 41.6834, 28.6881, 89.5447, 1.3974, 6.7568, 0.0, 94.536, 94.7908, 88.3931, 81.8117, 68.4173, 10.0903, 23.2211, 32.8827, 37.8373, 94.4139, 94.8755, 93.8024, 70.7283, 14.211, 61.9218, 81.7562, 86.3156, 7.4895, 42.8875, 30.7958], [24.2802, 39.8577, 24.3969, 57.8831, 34.427, 81.0703, 76.509, 40.0047, 66.8964, 26.9033, 69.9345, 24.2742, 91.9003, 43.9904, 39.1868, 24.6521, 93.3885, 48.8757, 58.329, 25.8326, 35.7456, 63.2466, 35.0102, 48.5499, 46.4021, 41.9814, 88.1468, 55.0995, 75.4234, 48.5296, 37.1658, 71.8904, 41.1593, 91.2404, 81.414, 32.755, 82.9604, 55.8305, 55.2293, 80.5003, 57.9243, 94.1306, 65.1564, 29.0228, 70.3523, 100.2593, 30.2433, 95.9333, 87.7792, 94.536, 0.0, 0.2549, 6.1428, 12.7243, 26.1186, 84.4457, 71.3149, 61.6533, 56.6986, 0.1221, 0.3396, 0.7336, 23.8076, 80.325, 32.6141, 12.7798, 8.2204, 87.0464, 51.6485, 63.7402], [24.2731, 40.0602, 24.3719, 58.1145, 34.6082, 81.3135, 76.7508, 40.2076, 67.1339, 27.0143, 70.1736, 24.2818, 92.1461, 44.2032, 39.3873, 24.6982, 93.6346, 49.0971, 58.5609, 25.9211, 35.9331, 63.482, 35.1943, 48.7708, 46.6029, 42.168, 88.3879, 55.3174, 75.6592, 48.7356, 37.3287, 72.1242, 41.3427, 91.4824, 81.6526, 32.8794, 83.1996, 56.0494, 55.4473, 80.7385, 58.1459, 94.3734, 65.3854, 29.0648, 70.5852, 100.5036, 30.326, 96.1882, 88.034, 94.7908, 0.2549, 0.0, 6.3977, 12.9792, 26.3735, 84.7005, 71.5698, 61.9081, 56.9535, 0.3769, 0.0847, 0.9885, 24.0625, 80.5798, 32.869, 13.0346, 8.4752, 87.3013, 51.9033, 63.995], [25.2416, 35.184, 25.7651, 52.3695, 30.3799, 75.2316, 70.7102, 35.3182, 61.2125, 24.8762, 64.2087, 24.8932, 85.9908, 39.0142, 34.5735, 24.3337, 87.4713, 43.6502, 52.8049, 24.4182, 31.5123, 57.6222, 30.8774, 43.3384, 41.7422, 37.7245, 82.3616, 49.9544, 69.7799, 43.7218, 33.5876, 66.3016, 36.9963, 85.43, 75.6949, 30.2571, 77.2245, 50.6561, 50.0788, 74.7915, 52.6729, 88.299, 59.7003, 28.6849, 64.7901, 94.3889, 28.8662, 89.7905, 81.6364, 88.3931, 6.1428, 6.3977, 0.0, 6.5815, 19.9758, 78.3029, 65.1721, 55.5105, 50.5558, 6.0208, 6.4824, 5.4092, 17.6648, 74.1821, 26.4713, 6.6369, 2.0775, 80.9036, 45.5057, 57.5973], [27.783, 30.7553, 28.6552, 46.6371, 26.9383, 69.0345, 64.568, 30.8693, 55.232, 24.2923, 58.1686, 27.1297, 79.6985, 34.1074, 30.2405, 25.6743, 81.1687, 38.3544, 47.0569, 24.5732, 27.7799, 51.7271, 27.3022, 38.0642, 37.2302, 33.8135, 76.2255, 44.7221, 63.8358, 38.989, 30.6695, 60.433, 33.2246, 79.2603, 69.6474, 28.8201, 71.1545, 45.3809, 44.8388, 68.7582, 47.2856, 82.1012, 54.0184, 29.7603, 58.9587, 88.1405, 28.806, 83.209, 75.0549, 81.8117, 12.7243, 12.9792, 6.5815, 0.0, 13.3943, 71.7214, 58.5906, 48.929, 43.9743, 12.6023, 13.0639, 11.9907, 11.0833, 67.6007, 19.8898, 0.0554, 4.5039, 74.3221, 38.9242, 51.0159], [36.245, 24.8824, 37.5336, 35.8822, 24.3263, 56.6909, 52.398, 24.924, 43.5987, 28.2709, 46.3337, 35.219, 67.0643, 26.4702, 24.7085, 32.6062, 68.5041, 29.2371, 36.2453, 29.7802, 24.2672, 40.39, 24.283, 29.0292, 30.4709, 29.0088, 64.0112, 35.489, 52.213, 31.4806, 28.7502, 49.0518, 28.8518, 66.9467, 57.7022, 30.4202, 59.14, 35.9995, 35.5789, 56.8562, 37.5171, 69.7055, 43.2499, 35.7932, 47.6977, 75.5988, 33.0195, 69.8147, 61.6605, 68.4173, 26.1186, 26.3735, 19.9758, 13.3943, 0.0, 58.327, 45.1962, 35.5346, 30.58, 25.9966, 26.4582, 25.385, 2.311, 54.2063, 6.4955, 13.3389, 17.8983, 60.9278, 25.5298, 37.6215], [88.6361, 58.1339, 90.2832, 40.0772, 64.7454, 25.2822, 27.022, 57.9658, 32.8262, 76.7673, 30.7319, 87.2923, 24.6265, 53.5662, 58.9074, 83.7001, 24.9353, 48.5238, 39.6877, 79.3888, 63.0561, 35.5943, 63.9901, 48.8495, 55.8484, 60.9131, 28.667, 47.0931, 32.1862, 53.5748, 67.1809, 34.1059, 61.9167, 28.7294, 29.8075, 74.3066, 29.3943, 46.4185, 46.9727, 30.0921, 44.5364, 29.1182, 38.6354, 84.7738, 35.0464, 30.9188, 80.0498, 11.4877, 3.3335, 10.0903, 84.4457, 84.7005, 78.3029, 71.7214, 58.327, 0.0, 13.1308, 22.7924, 27.7471, 84.3236, 84.7853, 83.7121, 60.6381, 4.1207, 51.8316, 71.6659, 76.2253, 2.6008, 32.7972, 20.7055], [76.092, 46.5258, 77.7158, 30.6754, 52.8017, 25.0069, 24.2988, 46.3681, 25.8735, 64.4436, 24.9332, 74.7683, 29.8159, 42.2807, 47.2531, 71.2351, 30.7375, 37.7288, 30.3777, 67.0068, 51.1866, 27.4868, 52.0788, 38.0173, 45.0825, 49.71, 31.0766, 37.5309, 28.6881, 43.0551, 55.5864, 29.1471, 50.6415, 32.4819, 29.0614, 62.3965, 29.3842, 36.9851, 37.433, 28.9129, 35.5016, 34.0202, 31.3735, 72.5513, 29.5034, 37.8671, 67.9513, 24.6184, 16.4643, 23.2211, 71.3149, 71.5698, 65.1721, 58.5906, 45.1962, 13.1308, 0.0, 9.6616, 14.6163, 71.1928, 71.6545, 70.5813, 47.5073, 9.0101, 38.7008, 58.5351, 63.0945, 15.7315, 19.6664, 7.5747], [67.0058, 38.6128, 68.6036, 25.918, 44.4433, 28.9027, 26.6047, 38.469, 24.2766, 55.6123, 24.584, 65.7046, 36.2917, 34.8133, 39.2776, 62.2385, 37.4525, 30.9609, 25.7497, 58.1065, 42.9249, 24.4832, 43.7623, 31.1956, 38.1198, 42.1831, 35.943, 32.1461, 29.7746, 36.4143, 47.5679, 28.9649, 43.0228, 38.0039, 32.1318, 53.9957, 32.912, 31.7679, 32.0775, 31.7013, 30.7978, 40.0665, 28.8172, 63.7888, 28.7645, 44.7862, 59.3301, 34.2801, 26.1259, 32.8827, 61.6533, 61.9081, 55.5105, 48.929, 35.5346, 22.7924, 9.6616, 0.0, 4.9546, 61.5312, 61.9928, 60.9197, 37.8457, 18.6717, 29.0391, 48.8735, 53.4329, 25.3932, 10.0048, 2.0869], [62.4133, 34.8981, 63.9933, 24.6189, 40.3831, 31.8668, 28.99, 34.7653, 24.9139, 51.1999, 25.8443, 61.1277, 40.1128, 31.451, 35.5138, 57.7083, 41.3512, 28.1531, 24.5409, 53.6445, 38.9389, 24.3269, 39.7343, 28.3454, 35.0493, 38.6927, 39.1352, 30.2222, 31.4885, 33.5824, 43.7144, 30.0992, 39.4643, 41.4284, 34.6587, 49.8652, 35.6135, 29.9611, 30.1742, 34.1184, 29.3427, 43.6744, 28.7044, 59.4036, 29.6266, 48.698, 55.0433, 39.2347, 31.0805, 37.8373, 56.6986, 56.9535, 50.5558, 43.9743, 30.58, 27.7471, 14.6163, 4.9546, 0.0, 56.5766, 57.0382, 55.965, 32.891, 23.6263, 24.0845, 43.9189, 48.4783, 30.3478, 5.0501, 7.0415], [24.2846, 39.761, 24.4098, 57.7723, 34.3405, 80.9538, 76.3933, 39.9077, 66.7826, 26.8508, 69.8201, 24.2715, 91.7826, 43.8886, 39.0911, 24.6309, 93.2707, 48.7698, 58.2181, 25.791, 35.656, 63.1339, 34.9223, 48.4442, 46.3061, 41.8922, 88.0314, 54.9953, 75.3105, 48.4312, 37.0881, 71.7785, 41.0717, 91.1246, 81.2998, 32.696, 82.8459, 55.7258, 55.125, 80.3862, 57.8182, 94.0144, 65.0468, 29.0035, 70.2409, 100.1424, 30.2044, 95.8113, 87.6571, 94.4139, 0.1221, 0.3769, 6.0208, 12.6023, 25.9966, 84.3236, 71.1928, 61.5312, 56.5766, 0.0, 0.4616, 0.6116, 23.6856, 80.2029, 32.4921, 12.6577, 8.0983, 86.9244, 51.5264, 63.6181], [24.2714, 40.1277, 24.3642, 58.1915, 34.6687, 81.3943, 76.8311, 40.2752, 67.2129, 27.0516, 70.2531, 24.2849, 92.2279, 44.274, 39.454, 24.7141, 93.7165, 49.1707, 58.638, 25.951, 35.9956, 63.5603, 35.2557, 48.8443, 46.6697, 42.2303, 88.468, 55.3899, 75.7376, 48.8041, 37.383, 72.202, 41.4038, 91.5629, 81.732, 32.921, 83.2792, 56.1222, 55.5199, 80.8177, 58.2197, 94.4541, 65.4616, 29.0793, 70.6626, 100.5848, 30.3539, 96.2729, 88.1188, 94.8755, 0.3396, 0.0847, 6.4824, 13.0639, 26.4582, 84.7853, 71.6545, 61.9928, 57.0382, 0.4616, 0.0, 1.0732, 24.1472, 80.6645, 32.9537, 13.1193, 8.5599, 87.386, 51.9881, 64.0797], [24.3156, 39.2783, 24.4834, 57.2179, 33.9106, 80.3706, 75.8136, 39.424, 66.2133, 26.5948, 69.247, 24.2673, 91.1929, 43.3804, 38.6135, 24.5335, 92.6803, 48.2402, 57.6627, 25.5904, 35.2104, 62.5698, 34.4851, 47.9159, 45.8272, 41.4481, 87.4534, 54.4742, 74.7453, 47.9394, 36.7028, 71.2182, 40.6357, 90.5442, 80.7277, 32.4057, 82.2723, 55.2021, 54.6034, 79.8151, 57.2878, 93.4321, 64.4983, 28.9141, 69.6829, 99.5565, 30.0161, 95.1997, 87.0456, 93.8024, 0.7336, 0.9885, 5.4092, 11.9907, 25.385, 83.7121, 70.5813, 60.9197, 55.965, 0.6116, 1.0732, 0.0, 23.074, 79.5914, 31.8805, 12.0462, 7.4868, 86.3128, 50.9149, 63.0066], [34.5631, 25.4931, 35.8017, 37.617, 24.2746, 58.7878, 54.4567, 25.5504, 45.5369, 27.1578, 48.3176, 33.5819, 69.2237, 27.4751, 25.2456, 31.1103, 70.67, 30.5863, 37.9934, 28.5029, 24.3891, 42.2602, 24.3089, 30.359, 31.334, 29.4614, 66.086, 36.9004, 54.16, 32.5071, 28.6468, 50.9456, 29.2173, 69.0425, 59.7193, 29.7224, 61.1721, 37.4443, 36.9963, 58.864, 39.0493, 71.8186, 45.0073, 34.4573, 49.565, 77.7424, 31.9332, 72.1257, 63.9716, 70.7283, 23.8076, 24.0625, 17.6648, 11.0833, 2.311, 60.6381, 47.5073, 37.8457, 32.891, 23.6856, 24.1472, 23.074, 0.0, 56.5173, 8.8065, 11.0279, 15.5873, 63.2388, 27.8409, 39.9325], [84.6804, 54.4166, 86.3212, 36.8822, 60.9447, 24.4482, 25.4794, 54.251, 30.2052, 72.8695, 28.3906, 83.3419, 25.6515, 49.9275, 55.1787, 79.7653, 26.1919, 45.0026, 36.514, 75.4758, 59.2739, 32.7006, 60.1975, 45.3194, 52.3537, 57.3093, 28.8071, 43.8941, 30.5286, 50.1411, 63.4779, 32.057, 58.2947, 29.3315, 28.9409, 70.5223, 28.7526, 43.2509, 43.7792, 29.0959, 41.466, 30.1309, 36.0003, 80.9075, 32.8456, 32.693, 76.2163, 15.6084, 7.4542, 14.211, 80.325, 80.5798, 74.1821, 67.6007, 54.2063, 4.1207, 9.0101, 18.6717, 23.6263, 80.2029, 80.6645, 79.5914, 56.5173, 0.0, 47.7108, 67.5452, 72.1046, 6.7215, 28.6765, 16.5848], [41.2994, 24.2873, 42.6959, 31.4061, 25.613, 50.8966, 46.738, 24.2804, 38.3731, 32.0913, 40.9419, 40.1766, 61.0542, 24.6071, 24.337, 37.2596, 62.4722, 26.1754, 31.72, 33.9603, 25.0885, 35.4133, 25.3639, 26.0369, 28.9094, 28.7111, 58.275, 32.0861, 46.918, 29.3877, 30.0078, 43.9431, 28.8094, 61.1391, 52.1634, 33.1746, 53.5499, 32.4796, 32.1548, 51.3498, 33.6898, 63.8397, 38.6239, 40.0267, 42.6829, 69.6312, 36.6853, 63.3192, 55.165, 61.9218, 32.6141, 32.869, 