[4, 80]
[[0.0, 42.6261, 84.9397, 32.333, 36.3201, 31.0731, 23.9832, 76.5745, 18.8167, 24.3701, 92.7581, 86.3542, 32.2873, 95.7951, 29.4677, 25.5414, 63.7709, 81.3818, 7.8941, 94.4205, 81.8407, 77.8149, 83.9777, 46.8202, 62.0383, 83.2257, 68.0479, 48.4206, 41.66, 51.3752, 59.7037, 97.9169, 66.7821, 68.9612, 75.4012, 35.9416, 104.407, 49.6868, 35.9459, 69.1239, 66.4482, 70.8251, 97.6014, 60.4177, 46.6168, 36.7547, 64.6109, 44.6683, 54.2988, 86.3065, 36.0935, 72.0924, 64.0725, 76.2034, 89.558, 98.6218, 93.5415, 78.3493, 53.2771, 61.8924, 92.3956, 92.4957, 31.0588, 34.3251, 32.6817, 64.5519, 70.0355, 60.7701, 94.8491, 88.3415, 31.7873, 101.6194, 72.1424, 85.1615, 29.6065, 57.8962, 80.9383, 30.0137, 47.6718, 29.3533], [42.6261, 0.0, 42.3137, 10.293, 6.3059, 11.5529, 18.6429, 33.9484, 23.8094, 18.256, 50.132, 43.7282, 10.3388, 53.169, 13.1583, 17.0847, 21.1449, 38.7557, 34.732, 51.7944, 39.2146, 35.1889, 41.3516, 4.1941, 19.4122, 40.5996, 25.4219, 37.35, 41.905, 36.4204, 36.2905, 60.3293, 38.4466, 39.4327, 43.0266, 56.1777, 66.0361, 36.8866, 55.1557, 39.5115, 38.3075, 40.3759, 60.0571, 36.4252, 38.1939, 50.1072, 37.6032, 39.3779, 35.9887, 50.7561, 53.2335, 41.0649, 37.4172, 43.5342, 51.1784, 59.2617, 54.6837, 41.9125, 29.2445, 31.534, 53.6668, 53.7554, 43.2961, 38.1327, 40.3761, 32.7883, 35.9747, 31.0726, 55.8516, 50.1258, 41.8622, 62.0084, 37.3731, 47.4208, 47.6066, 30.098, 43.9527, 46.0293, 29.5926, 49.0572], [84.9397, 42.3137, 0.0, 52.6067, 48.6196, 53.8666, 60.9565, 8.3653, 66.1231, 60.5697, 7.8184, 1.4145, 52.6525, 10.8554, 55.472, 59.3984, 21.1688, 3.5579, 77.0456, 9.4808, 3.0991, 7.1248, 0.962, 38.1195, 22.9015, 1.714, 16.8918, 63.6127, 73.2835, 60.1433, 51.7691, 36.4587, 45.9609, 44.4049, 40.4901, 92.739, 38.2462, 62.0862, 91.5067, 44.2933, 46.2091, 43.1642, 36.4031, 51.1314, 65.9073, 85.1831, 47.6211, 68.581, 56.9933, 36.5153, 89.1503, 42.3696, 48.0495, 40.0785, 29.1807, 30.6155, 29.4435, 31.6375, 49.8065, 42.1071, 29.3066, 29.3166, 79.8242, 72.9526, 76.0418, 39.9996, 36.1103, 43.0362, 29.6585, 29.2209, 77.9945, 31.7049, 34.7993, 29.5935, 85.0891, 45.5176, 30.6697, 83.1971, 55.5265, 86.8009], [32.333, 10.293, 52.6067, 0.0, 3.9871, 1.2599, 8.3498, 44.2414, 13.5164, 7.963, 60.425, 54.0212, 0.0458, 63.4621, 2.8653, 6.7917, 31.4379, 49.0487, 24.4389, 62.0875, 49.5076, 45.4819, 51.6447, 14.4872, 29.7052, 50.8926, 35.7149, 35.9375, 37.6601, 36.2034, 39.0757, 68.8703, 43.1896, 44.6656, 49.4399, 48.7133, 74.8813, 35.9918, 47.82, 44.779, 42.9709, 45.9894, 68.5811, 39.4341, 36.0342, 43.5645, 41.8066, 36.4031, 36.8995, 58.4806, 46.1659, 46.9183, 41.4787, 50.0699, 59.9226, 68.4086, 63.6263, 49.8195, 31.6437, 36.6943, 62.5562, 62.6496, 36.3598, 32.4758, 34.0835, 38.5859, 42.8168, 35.9349, 64.8515, 58.8012, 35.2203, 71.2554, 44.5356, 55.8945, 39.9747, 34.1138, 52.1003, 38.624, 29.6686, 41.24], [36.3201, 6.3059, 48.6196, 3.9871, 0.0, 5.247, 12.3369, 40.2543, 17.5035, 11.9501, 56.438, 50.0341, 4.0329, 59.475, 6.8524, 10.7788, 27.4508, 45.0616, 28.426, 58.1004, 45.5205, 41.4948, 47.6576, 10.5001, 25.7181, 46.9055, 31.7278, 36.145, 39.0381, 35.9395, 37.6889, 65.5021, 41.1122, 42.4194, 46.7915, 51.4891, 71.409, 35.9934, 50.5393, 42.5209, 40.9211, 43.6129, 65.2187, 37.967, 36.5434, 45.936, 39.9168, 37.2473, 36.2038, 55.3894, 48.7676, 44.4601, 39.6386, 47.3802, 56.4735, 64.8247, 60.111, 46.6463, 30.3248, 34.4231, 59.0588, 59.1505, 38.8705, 34.413, 36.3048, 36.1032, 39.9914, 33.7634, 61.317, 55.375, 37.5985, 67.6376, 41.6056, 52.5351, 42.7989, 32.2292, 48.8482, 41.3461, 29.212, 44.1477], [31.0731, 11.5529, 53.8666, 1.2599, 5.247, 0.0, 7.0899, 45.5013, 12.2565, 6.7031, 61.6849, 55.2811, 1.2141, 64.722, 1.6054, 5.5318, 32.6978, 50.3086, 23.179, 63.3474, 50.7675, 46.7418, 52.9046, 15.7471, 30.9651, 52.1525, 36.9748, 35.9637, 37.3028, 36.3773, 39.5874, 69.9482, 43.9009, 45.4251, 50.3134, 47.8718, 75.989, 36.0829, 46.9984, 45.5419, 43.6743, 46.786, 69.6573, 39.9693, 35.9638, 42.8649, 42.4642, 36.2235, 37.2056, 59.4796, 45.3857, 47.7381, 42.122, 50.9552, 61.0261, 69.5502, 64.7485, 50.846, 32.1522, 37.4716, 63.6734, 63.7672, 35.6224, 31.9428, 33.4498, 39.4218, 43.7473, 36.6845, 65.9791, 59.8983, 34.5305, 72.4066, 45.4949, 56.9729, 39.1243, 34.7831, 53.1487, 37.8105, 29.9221, 40.3595], [23.9832, 18.6429, 60.9565, 8.3498, 12.3369, 7.0899, 0.0, 52.5913, 5.1665, 0.3869, 68.7749, 62.371, 8.3041, 71.8119, 5.4845, 1.5582, 39.7877, 57.3986, 16.0891, 70.4373, 57.8575, 53.8317, 59.9945, 22.837, 38.055, 59.2425, 44.0647, 36.9214, 36.055, 38.1256, 43.0449, 76.118, 48.3229, 50.0767, 55.507, 43.5146, 82.3043, 37.3921, 42.7743, 50.2096, 48.0587, 51.6138, 75.8191, 43.5417, 36.388, 39.4507, 46.6288, 36.0274, 39.6371, 65.2698, 41.4375, 52.6761, 46.2178, 56.2044, 67.3385, 76.0442, 71.1494, 56.7981, 35.7141, 42.2817, 70.0504, 70.1464, 32.0856, 29.7712, 30.6147, 44.4996, 49.2572, 41.3677, 72.4059, 66.1802, 31.3178, 78.9471, 51.137, 63.1668, 34.8053, 39.0972, 59.2027, 33.7481, 32.2419, 35.8299], [76.5745, 33.9484, 8.3653, 44.2414, 40.2543, 45.5013, 52.5913, 0.0, 57.7578, 52.2044, 16.1836, 9.7798, 44.2872, 19.2206, 47.1067, 51.0331, 12.8035, 4.8073, 68.6804, 17.846, 5.2662, 1.2405, 7.4032, 29.7543, 14.5362, 6.6512, 8.5265, 56.9068, 66.1205, 53.6689, 46.1149, 38.7557, 41.2677, 40.0674, 37.381, 85.0891, 41.8534, 55.4765, 83.8779, 39.9835, 41.4641, 39.1549, 38.63, 45.5618, 59.0714, 77.679, 42.6027, 61.6123, 50.7754, 35.9872, 81.5645, 38.5964, 42.9549, 37.1406, 30.2819, 34.0928, 31.6657, 29.4338, 43.3053, 36.5389, 31.2167, 31.2544, 72.1028, 65.3713, 68.3923, 34.8169, 31.9066, 37.3209, 32.2248, 29.9633, 70.3064, 35.814, 31.0439, 29.3806, 77.2844, 39.4634, 29.1994, 75.4203, 48.6086, 78.9725], [18.8167, 23.8094, 66.1231, 13.5164, 17.5035, 12.2565, 5.1665, 57.7578, 0.0, 5.5534, 73.9414, 67.5376, 13.4706, 76.9784, 10.6511, 6.7247, 44.9543, 62.5651, 10.9226, 75.6038, 63.024, 58.9983, 65.161, 28.0035, 43.2216, 64.409, 49.2313, 38.4367, 36.0081, 40.1473, 46.091, 80.7094, 51.9192, 53.8027, 59.5385, 40.825, 86.9816, 39.1355, 40.2073, 53.9446, 51.6337, 55.4391, 80.4057, 46.6541, 37.5469, 37.6149, 50.0794, 36.7555, 42.0782, 69.6408, 39.1228, 56.5635, 49.6294, 60.2674, 72.0295, 80.8395, 75.8911, 61.2883, 38.9227, 46.1586, 74.7784, 74.8755, 30.3034, 29.1888, 29.4657, 48.5187, 53.5072, 45.1771, 77.1624, 70.8541, 29.8324, 83.7695, 55.4583, 67.7911, 32.2809, 42.7103, 63.7489, 31.471, 34.7556, 33.1002], [24.3701, 18.256, 60.5697, 7.963, 11.9501, 6.7031, 0.3869, 52.2044, 5.5534, 0.0, 68.388, 61.9842, 7.9172, 71.425, 5.0977, 1.1713, 39.4009, 57.0117, 16.476, 70.0504, 57.4706, 53.4449, 59.6076, 22.4501, 37.6682, 58.8556, 43.6779, 36.8346, 36.0883, 37.9982, 42.8331, 75.7772, 48.0651, 49.8081, 55.2127, 43.7339, 81.9564, 37.2871, 42.9853, 49.9402, 47.8027, 51.3368, 75.4787, 43.3245, 36.3293, 39.6119, 46.3832, 36.0021, 39.4754, 64.9472, 41.6315, 52.3939, 45.9756, 55.9075, 66.99, 75.6871, 70.7968, 56.4666, 35.4924, 42.0026, 69.6989, 69.7947, 32.2484, 29.8504, 30.734, 44.2082, 48.9461, 41.0943, 72.052, 65.8332, 31.4604, 78.5877, 50.8198, 62.824, 35.0177, 38.8408, 58.8664, 33.9442, 32.0793, 36.0558], [92.7581, 50.132, 7.8184, 60.425, 56.438, 61.6849, 68.7749, 16.1836, 73.9414, 68.388, 0.0, 6.4038, 60.4708, 3.037, 63.2904, 67.2167, 28.9871, 11.3763, 84.864, 1.6624, 10.9174, 14.9431, 8.7804, 45.9379, 30.7198, 9.5324, 24.7101, 70.2029, 80.1889, 66.5765, 57.6528, 35.9763, 51.201, 49.4041, 44.6347, 99.9923, 36.3215, 68.6111, 98.7446, 49.2736, 51.4842, 47.9389, 35.9937, 56.9587, 72.5864, 92.3306, 53.0798, 75.3514, 63.2539, 38.674, 96.3568, 46.9814, 53.5594, 44.1005, 30.2793, 29.2153, 29.4368, 35.4012, 56.3291, 48.0503, 29.6202, 29.6023, 87.1484, 80.1793, 83.3156, 45.7046, 41.2033, 49.0702, 29.2871, 30.6484, 85.2952, 29.537, 39.6058, 31.844, 92.4723, 51.7614, 33.9033, 90.5604, 62.3139, 94.2009], [86.3542, 43.7282, 1.4145, 54.0212, 50.0341, 55.2811, 62.371, 9.7798, 67.5376, 61.9842, 6.4038, 0.0, 54.067, 9.4409, 56.8865, 60.8129, 22.5833, 4.9725, 78.4601, 8.0663, 4.5136, 8.5393, 2.3765, 39.534, 24.316, 3.1286, 18.3063, 64.7848, 74.5194, 61.2833, 52.7964, 36.2472, 46.8557, 45.2502, 41.1609, 94.0446, 37.7856, 63.2449, 92.8092, 45.1347, 47.1112, 43.9635, 36.2045, 52.1471, 67.0975, 86.4676, 48.5609, 69.7897, 58.098, 36.7923, 90.4466, 43.1356, 48.9999, 40.7245, 29.2279, 30.2174, 29.288, 32.2106, 50.9595, 43.1381, 29.2089, 29.2139, 81.1425, 74.2512, 77.3499, 40.9801, 36.9612, 44.0864, 29.4382, 29.3303, 79.308, 31.1789, 35.5898, 29.8619, 86.4192, 46.6121, 31.1344, 84.5232, 56.7349, 88.1344], [32.2873, 10.3388, 52.6525, 0.0458, 4.0329, 1.2141, 8.3041, 44.2872, 13.4706, 7.9172, 60.4708, 54.067, 0.0, 63.5078, 2.8195, 6.7459, 31.4837, 49.0945, 24.3932, 62.1332, 49.5534, 45.5277, 51.6904, 14.5329, 29.751, 50.9384, 35.7607, 35.9377, 37.6464, 36.2089, 39.0937, 68.9094, 43.215, 44.6928, 49.4713, 48.6825, 74.9214, 35.9943, 47.7899, 44.8063, 42.996, 46.018, 68.6201, 39.453, 36.0309, 43.5386, 41.8301, 36.3958, 36.9099, 58.5167, 46.1372, 46.9478, 41.5016, 50.1018, 59.9626, 68.45, 63.667, 49.8566, 31.6615, 36.722, 62.5967, 62.6901, 36.3325, 32.4557, 34.0599, 38.6158, 42.8503, 35.9616, 64.8924, 58.8409, 35.1946, 71.2971, 44.5702, 55.9336, 39.9434, 34.1375, 52.1382, 38.594, 29.6769, 41.2076], [95.7951, 53.169, 10.8554, 63.4621, 59.475, 64.722, 71.8119, 19.2206, 76.9784, 71.425, 3.037, 9.4409, 63.5078, 0.0, 66.3274, 70.2537, 32.0242, 14.4133, 87.901, 1.3746, 13.9544, 17.9801, 11.8174, 48.9749, 33.7568, 12.5694, 27.7472, 72.8284, 82.915, 69.1525, 60.0574, 36.2449, 53.4068, 51.5355, 46.5003, 102.8322, 36.0066, 71.2159, 101.5794, 51.3991, 53.7008, 50.0008, 36.2905, 59.3458, 75.2401, 95.1354, 55.3531, 78.0342, 65.7758, 39.8961, 99.1812, 48.9927, 55.8484, 45.9275, 31.2279, 29.2227, 29.989, 37.2052, 58.9479, 50.4969, 30.2904, 30.2622, 90.0158, 83.0154, 86.1669, 48.0812, 43.4008, 51.5436, 29.7018, 31.7095, 88.1551, 29.2203, 41.7193, 33.1771, 95.3589, 54.2968, 35.5459, 93.4405, 65.0129, 97.0931], [29.4677, 13.1583, 55.472, 2.8653, 6.8524, 1.6054, 5.4845, 47.1067, 10.6511, 5.0977, 63.2904, 56.8865, 2.8195, 66.3274, 0.0, 3.9264, 34.3032, 51.9141, 21.5736, 64.9528, 52.3729, 48.3472, 54.51, 17.3525, 32.5705, 53.758, 38.5802, 36.0609, 36.9048, 36.6606, 40.2871, 71.3303, 44.8423, 46.4244, 51.4498, 46.8267, 77.4073, 36.2623, 45.9802, 46.5452, 44.6062, 47.8298, 71.0374, 40.6976, 35.938, 42.0114, 43.3407, 36.0573, 37.6531, 60.7666, 44.4233, 48.8098, 42.9812, 52.1057, 62.4408, 71.0107, 66.1856, 52.1689, 32.8587, 38.4991, 65.1045, 65.1988, 34.7264, 31.324, 32.6949, 40.5187, 44.9562, 37.6791, 67.4227, 61.3053, 33.6994, 73.8787, 46.7379, 58.3576, 38.0737, 35.6824, 54.4977, 36.8104, 30.318, 39.2675], [25.5414, 17.0847, 59.3984, 6.7917, 10.7788, 5.5318, 1.5582, 51.0331, 6.7247, 1.1713, 67.2167, 60.8129, 6.7459, 70.2537, 3.9264, 0.0, 38.2296, 55.8404, 17.6473, 68.8792, 56.2993, 52.2736, 58.4363, 21.2788, 36.4969, 57.6843, 42.5066, 36.5955, 36.2141, 37.634, 42.2073, 74.7481, 47.2954, 49.0044, 54.3288, 44.4119, 80.9054, 36.992, 43.639, 49.1341, 47.0386, 50.5071, 74.4508, 42.6814, 36.1763, 40.1186, 45.6517, 35.9509, 39.0053, 63.9749, 42.2349, 51.5478, 45.2543, 55.0154, 65.9376, 74.6077, 69.7313, 55.4671, 34.8389, 41.1682, 68.637, 68.7325, 32.7642, 30.1191, 31.1216, 43.3352, 48.0108, 40.2782, 70.9826, 64.7853, 31.9167, 77.5014, 49.8654, 61.7891, 35.6786, 38.0779, 57.852, 34.5573, 31.6106, 36.756], [63.7709, 21.1449, 21.1688, 31.4379, 27.4508, 32.6978, 39.7877, 12.8035, 44.9543, 39.4009, 28.9871, 22.5833, 31.4837, 32.0242, 34.3032, 38.2296, 0.0, 17.6108, 55.8768, 30.6496, 18.0697, 14.044, 20.2068, 16.9507, 1.7327, 19.4547, 4.277, 47.6701, 55.8087, 44.9841, 39.3767, 45.1384, 36.7081, 36.2717, 36.0252, 73.6823, 49.6486, 46.4687, 72.5168, 36.2464, 36.791, 36.0417, 44.9339, 39.0209, 49.5262, 66.592, 37.3233, 51.754, 42.703, 38.8267, 70.2975, 35.9599, 37.5038, 36.1003, 35.8923, 42.1633, 38.4915, 30.5188, 34.9269, 30.592, 37.7155, 37.7825, 60.6164, 54.2161, 57.0746, 29.8289, 29.1796, 30.9992, 39.4022, 35.158, 58.8978, 44.4782, 29.2628, 33.3921, 65.6068, 32.2635, 31.4469, 63.8064, 39.1309, 67.2417], [81.3818, 38.7557, 3.5579, 49.0487, 45.0616, 50.3086, 57.3986, 4.8073, 62.5651, 57.0117, 11.3763, 4.9725, 49.0945, 14.4133, 51.9141, 55.8404, 17.6108, 0.0, 73.4877, 13.0387, 0.4589, 3.5668, 2.5959, 34.5616, 19.3435, 1.8439, 13.3338, 60.7102, 70.2044, 57.3298, 49.2701, 37.2239, 43.8313, 42.4129, 38.9791, 89.4696, 39.605, 59.2207, 88.2457, 42.312, 44.0595, 41.2998, 37.1369, 48.6648, 62.9547, 81.971, 45.3661, 65.5771, 54.2782, 36.0552, 85.9062, 40.5973, 45.7652, 38.6354, 29.3643, 31.8733, 30.1259, 30.4399, 46.9693, 39.6188, 29.8487, 29.8711, 76.5235, 69.7062, 72.769, 37.6556, 34.1356, 40.4929, 30.497, 29.248, 74.7067, 33.2581, 32.9957, 29.2118, 81.756, 42.8477, 29.7672, 79.8749, 52.5327, 83.4586], [7.8941, 34.732, 77.0456, 24.4389, 28.426, 23.179, 16.0891, 68.6804, 10.9226, 16.476, 84.864, 78.4601, 24.3932, 87.901, 21.5736, 17.6473, 55.8768, 73.4877, 0.0, 86.5264, 73.9466, 69.9208, 76.0836, 38.9261, 54.1442, 75.3316, 60.1538, 43.5262, 38.2776, 46.066, 53.6109, 90.62, 60.2783, 62.3596, 68.5647, 36.9168, 97.0333, 44.6024, 36.6337, 62.5154, 59.9604, 64.1479, 90.3086, 54.2754, 42.0316, 35.9378, 58.2164, 40.4813, 48.6623, 79.1976, 36.223, 65.3676, 57.7071, 69.3422, 82.135, 91.1111, 86.0765, 71.0839, 46.872, 55.0566, 84.942, 85.0412, 29.3083, 30.9052, 29.967, 57.6209, 62.9452, 53.9788, 87.3716, 80.9325, 29.5579, 94.085, 65.0013, 77.7923, 29.3216, 51.2327, 73.6301, 29.1923, 41.71, 29.5561], [94.4205, 51.7944, 9.4808, 62.0875, 58.1004, 63.3474, 70.4373, 17.846, 75.6038, 70.0504, 1.6624, 8.0663, 62.1332, 1.3746, 64.9528, 68.8792, 30.6496, 13.0387, 86.5264, 0.0, 12.5799, 16.6056, 10.4428, 47.6003, 32.3823, 11.1948, 26.3726, 71.6361, 81.6784, 67.9819, 58.9619, 36.0919, 52.3982, 50.5594, 45.6403, 101.5455, 36.1178, 70.0326, 100.2949, 50.4255, 52.6874, 49.055, 36.1249, 58.2579, 74.0354, 93.8641, 54.3149, 76.8167, 64.6288, 39.3186, 97.9013, 48.069, 54.8034, 45.0844, 30.7651, 29.1802, 29.7019, 36.3684, 57.7575, 49.3814, 29.9508, 29.9272, 88.7166, 81.73, 84.8748, 46.9961, 42.3933, 50.4165, 29.4761, 31.1971, 86.8592, 29.3251, 40.7483, 32.5454, 94.0512, 53.1427, 34.7792, 92.1357, 63.7876, 95.783], [81.8407, 39.2146, 3.0991, 49.5076, 45.5205, 50.7675, 57.8575, 5.2662, 63.024, 57.4706, 10.9174, 4.5136, 49.5534, 13.9544, 52.3729, 56.2993, 18.0697, 0.4589, 73.9466, 12.5799, 0.0, 4.0257, 2.137, 35.0205, 19.8024, 1.385, 13.7927, 61.0806, 70.599, 57.688, 49.5851, 37.1069, 44.0956, 42.6584, 39.1591, 89.8901, 39.4144, 59.5861, 88.665, 42.556, 44.3266, 41.5278, 37.0239, 48.9754, 63.332, 82.3837, 45.6476, 65.9614, 54.6229, 36.0952, 86.3232, 40.8128, 46.0508, 38.8062, 29.3164, 31.6914, 30.0151, 30.5738, 47.3298, 39.9306, 29.7554, 29.7763, 76.948, 70.1232, 73.1896, 37.9473, 34.376, 40.8124, 30.3668, 29.2202, 75.1294, 33.0404, 33.2124, 29.237, 82.1849, 43.1848, 29.8614, 80.3023, 52.9149, 83.8886], [77.8149, 35.1889, 7.1248, 45.4819, 41.4948, 46.7418, 53.8317, 1.2405, 58.9983, 53.4449, 14.9431, 8.5393, 45.5277, 17.9801, 48.3472, 52.2736, 14.044, 3.5668, 69.9208, 16.6056, 4.0257, 0.0, 6.1628, 30.9947, 15.7767, 5.4107, 9.767, 57.8739, 67.1651, 54.5965, 46.9023, 38.3086, 41.8914, 40.6312, 37.7413, 86.2151, 41.2314, 56.4272, 85.0004, 40.5426, 42.0966, 39.6637, 38.1924, 46.3346, 60.0607, 78.7808, 43.2816, 62.6241, 51.6591, 35.9433, 82.6799, 39.0659, 43.6467, 37.473, 29.9741, 33.4681, 31.2048, 29.6221, 44.2298, 37.2987, 30.7978, 30.8317, 73.2388, 66.4836, 69.5162, 35.5088, 32.4283, 38.1066, 31.7183, 29.706, 71.4368, 35.1093, 31.489, 29.2616, 78.4345, 40.309, 29.2715, 76.5657, 49.6063, 80.1265], [83.9777, 41.3516, 0.962, 51.6447, 47.6576, 52.9046, 59.9945, 7.4032, 65.161, 59.6076, 8.7804, 2.3765, 51.6904, 11.8174, 54.51, 58.4363, 20.2068, 2.5959, 76.0836, 10.4428, 2.137, 6.1628, 0.0, 37.1575, 21.9395, 0.752, 15.9298, 62.8212, 72.4466, 59.3747, 51.081, 36.6331, 45.3674, 43.8467, 40.056, 91.8529, 38.586, 61.3042, 90.6227, 43.7379, 45.6105, 42.6388, 36.5688, 50.4516, 65.103, 84.3119, 46.9955, 67.7635, 56.2499, 36.3571, 88.2707, 41.868, 47.4164, 39.662, 29.1877, 30.9203, 29.5874, 31.2783, 49.0301, 41.4189, 29.4117, 29.4252, 78.9295, 72.0719, 75.1543, 39.3479, 35.5521, 42.3341, 29.8458, 29.1855, 77.1031, 32.0934, 34.2846, 29.4484, 84.1861, 44.7835, 30.3873, 82.2969, 54.7104, 85.8955], [46.8202, 4.1941, 38.1195, 14.4872, 10.5001, 15.7471, 22.837, 29.7543, 28.0035, 22.4501, 45.9379, 39.534, 14.5329, 48.9749, 17.3525, 21.2788, 16.9507, 34.5616, 38.9261, 47.6003, 35.0205, 30.9947, 37.1575, 0.0, 15.218, 36.4055, 21.2277, 38.7036, 44.2088, 37.3313, 35.9475, 57.0153, 37.1636, 37.8996, 40.8707, 59.4619, 62.5591, 38.052, 58.4013, 37.9605, 37.0646, 38.6448, 56.7523, 35.9798, 39.8103, 53.1152, 36.5889, 41.2703, 36.454, 47.8865, 56.3988, 39.2077, 36.4725, 41.3124, 47.7926, 55.6496, 51.1855, 39.0112, 29.2656, 30.1942, 50.1986, 50.2845, 46.4807, 40.9587, 43.381, 31.1002, 33.6937, 29.8916, 52.3212, 46.7793, 44.9647, 58.341, 34.9064, 44.1901, 50.9854, 29.3528, 40.911, 49.3447, 30.572, 52.4881], [62.0383, 19.4122, 22.9015, 29.7052, 25.7181, 30.9651, 38.055, 14.5362, 43.2216, 37.6682, 30.7198, 24.316, 29.751, 33.7568, 32.5705, 36.4969, 1.7327, 19.3435, 54.1442, 32.3823, 19.8024, 15.7767, 21.9395, 15.218, 0.0, 21.1874, 6.0097, 46.55, 54.4945, 43.9637, 38.7008, 46.2074, 36.3944, 36.0778, 36.1875, 72.1746, 50.8595, 45.39, 71.0171, 36.0616, 36.4592, 35.9515, 45.9949, 38.379, 48.3503, 65.14, 36.8933, 50.5215, 41.7925, 39.5152, 68.814, 35.9402, 37.0455, 36.3057, 36.9281, 43.4306, 39.6433, 31.0707, 34.0055, 30.1169, 38.8365, 38.9062, 59.1036, 52.764, 55.5925, 29.518, 29.2249, 30.4579, 40.5869, 36.1532, 57.3992, 45.8, 29.4442, 34.268, 64.0596, 31.5631, 32.1331, 62.2706, 37.9983, 65.6849], [83.2257, 40.5996, 1.714, 50.8926, 46.9055, 52.1525, 59.2425, 6.6512, 64.409, 58.8556, 9.5324, 3.1286, 50.9384, 12.5694, 53.758, 57.6843, 19.4547, 1.8439, 75.3316, 11.1948, 1.385, 5.4107, 0.752, 36.4055, 21.1874, 0.0, 15.1777, 62.2059, 71.7946, 58.7778, 50.5494, 36.7864, 44.9124, 43.4203, 39.7296, 91.1613, 38.8661, 60.6966, 89.9329, 43.3136, 45.1513, 42.2389, 36.7154, 49.9267, 64.4773, 83.6322, 46.5144, 67.1271, 55.6734, 36.2508, 87.5844, 41.4872, 46.9293, 39.3498, 29.2152, 31.1771, 29.7211, 31.0154, 48.4278, 40.8887, 29.5155, 29.5316, 78.2313, 71.3849, 74.4618, 38.8474, 35.1279, 41.7925, 30.0128, 29.1799, 76.4076, 32.4137, 33.8958, 29.3565, 83.4811, 44.2158, 30.186, 81.5942, 54.0757, 85.1885], [68.0479, 25.4219, 16.8918, 35.7149, 31.7278, 36.9748, 44.0647, 8.5265, 49.2313, 43.6779, 24.7101, 18.3063, 35.7607, 27.7472, 38.5802, 42.5066, 4.277, 13.3338, 60.1538, 26.3726, 13.7927, 9.767, 15.9298, 21.2277, 6.0097, 15.1777, 0.0, 50.583, 59.1451, 47.6792, 41.3097, 42.6865, 37.8125, 37.094, 35.9805, 77.4441, 46.8, 49.2913, 76.2612, 37.0472, 37.9377, 36.6161, 42.5043, 40.8776, 52.5609, 70.2307, 38.6978, 54.9122, 45.1569, 37.4177, 74.0057, 36.3636, 38.9432, 35.9474, 33.5823, 39.188, 35.8491, 29.55, 37.4484, 32.1366, 35.1617, 35.2207, 64.3982, 57.8666, 60.7897, 31.0001, 29.5064, 32.6918, 36.6651, 32.9639, 62.6489, 41.3456, 29.2528, 31.5348, 69.4636, 34.3071, 30.1149, 67.6383, 42.1016, 71.1192], [48.4206, 37.35, 63.6127, 35.9375, 36.145, 35.9637, 36.9214, 56.9068, 38.4367, 36.8346, 70.2029, 64.7848, 35.9377, 72.8284, 36.0609, 36.5955, 47.6701, 60.7102, 43.5262, 71.6361, 61.0806, 57.8739, 62.8212, 38.7036, 46.55, 62.2059, 50.583, 0.0, 11.378, 4.2631, 15.2256, 58.6327, 23.8373, 26.4062, 33.8352, 33.004, 65.5763, 1.8608, 31.6657, 26.5967, 23.4408, 28.5795, 58.2935, 16.1167, 2.7586, 24.7424, 21.2435, 5.9222, 8.2537, 46.0177, 29.0972, 30.0457, 20.5943, 34.7463, 52.6557, 62.124, 56.8263, 40.8253, 13.8811, 23.1402, 55.6281, 55.7329, 22.8339, 15.8833, 18.9757, 26.0224, 31.9396, 21.923, 58.192, 51.3789, 20.9609, 65.24, 34.2013, 48.0334, 28.2605, 18.8103, 43.5719, 26.3063, 8.5559, 30.0307], [41.66, 41.905, 73.2835, 37.6601, 39.0381, 37.3028, 36.055, 66.1205, 36.0081, 36.0883, 80.1889, 74.5194, 37.6464, 82.915, 36.9048, 36.2141, 55.8087, 70.2044, 38.2776, 81.6784, 70.599, 67.1651, 72.4466, 44.2088, 54.4945, 71.7946, 59.1451, 11.378, 0.0, 15.6411, 26.6036, 70.0107, 35.2153, 37.7842, 45.2132, 21.626, 76.9543, 13.2388, 20.2877, 37.9747, 34.8187, 39.9575, 69.6714, 27.4947, 8.6194, 13.3644, 32.6214, 5.4557, 19.6317, 57.3957, 17.7192, 41.4237, 31.9723, 46.1243, 63.9563, 73.4449, 68.137, 52.0804, 24.4552, 34.1841, 66.9361, 67.0411, 12.4305, 7.3922, 9.2756, 37.1277, 43.1273, 32.9342, 69.5056, 62.6759, 10.8306, 76.5658, 45.4107, 59.3198, 17.4263, 29.7112, 54.8406, 15.5866, 17.9464, 19.1168], [51.3752, 36.4204, 60.1433, 36.2034, 35.9395, 36.3773, 38.1256, 53.6689, 40.1473, 37.9982, 66.5765, 61.2833, 36.2089, 69.1525, 36.6606, 37.634, 44.9841, 57.3298, 46.066, 67.9819, 57.688, 54.5965, 59.3747, 37.3313, 43.9637, 58.7778, 47.6792, 4.2631, 15.6411, 0.0, 10.9625, 54.3697, 19.5742, 22.1431, 29.5721, 37.2671, 61.3132, 2.4023, 35.9287, 22.3336, 19.1777, 24.3164, 54.0304, 11.8536, 7.0217, 29.0055, 16.9804, 10.1853, 3.9907, 41.7547, 33.3603, 25.7826, 16.3312, 30.4832, 48.431, 57.8881, 52.5959, 36.6278, 10.3672, 19.1036, 51.3992, 51.5038, 26.9356, 19.8245, 23.0095, 21.9335, 27.7877, 17.9158, 53.96, 47.1562, 25.0341, 61.0014, 30.0341, 43.8168, 32.416, 14.9107, 39.3659, 30.446, 6.8292, 34.1979], [59.7037, 36.2905, 51.7691, 39.0757, 37.6889, 39.5874, 43.0449, 46.1149, 46.091, 42.8331, 57.6528, 52.7964, 39.0937, 60.0574, 40.2871, 42.2073, 39.3767, 49.2701, 53.6109, 58.9619, 49.5851, 46.9023, 51.081, 35.9475, 38.7008, 50.5494, 41.3097, 15.2256, 26.6036, 10.9625, 0.0, 43.4072, 8.6117, 11.1807, 18.6096, 48.2295, 50.3507, 13.3648, 46.8912, 11.3712, 8.2152, 13.354, 43.0679, 0.8912, 17.9841, 39.968, 6.0179, 21.1478, 6.9718, 30.7922, 44.3227, 14.8202, 5.3687, 19.5207, 37.6069, 47.018, 41.7481, 25.9326, 7.4352, 9.6623, 40.5575, 40.6616, 37.648, 30.3612, 33.6429, 11.9899, 17.3603, 8.7957, 43.1057, 36.3408, 35.7124, 50.1211, 19.5093, 33.0288, 43.1981, 7.1479, 28.6281, 41.2069, 12.0513, 44.9964], [97.9169, 60.3293, 36.4587, 68.8703, 65.5021, 69.9482, 76.118, 38.7557, 80.7094, 75.7772, 35.9763, 36.2472, 68.9094, 36.2449, 71.3303, 74.7481, 45.1384, 37.2239, 90.62, 36.0919, 37.1069, 38.3086, 36.6331, 57.0153, 46.2074, 36.7864, 42.6865, 58.6327, 70.0107, 54.3697, 43.4072, 0.0, 34.7954, 32.2265, 24.7975, 91.6367, 6.9435, 56.772, 90.2984, 32.036, 35.192, 30.0532, 0.3393, 42.516, 61.3913, 83.3752, 37.3893, 64.555, 50.379, 12.615, 87.7299, 28.587, 38.0385, 23.8864, 9.316, 7.4445, 7.11, 19.5742, 46.9962, 37.1216, 7.5725, 7.5255, 80.7271, 73.3188, 76.6628, 34.178, 28.2368, 38.377, 6.8092, 10.2451, 78.7648, 9.2092, 25.9993, 12.9758, 86.3382, 41.6305, 16.99, 84.3274, 53.8114, 88.1526], [66.7821, 38.4466, 45.9609, 43.1896, 41.1122, 43.9009, 48.3229, 41.2677, 51.9192, 48.0651, 51.201, 46.8557, 43.215, 53.4068, 44.8423, 47.2954, 36.7081, 43.8313, 60.2783, 52.3982, 44.0956, 41.8914, 45.3674, 37.1636, 36.3944, 44.9124, 37.8125, 23.8373, 35.2153, 19.5742, 8.6117, 34.7954, 0.0, 2.5689, 9.9979, 56.8413, 41.739, 21.9765, 55.503, 2.7594, 0.3965, 4.7422, 34.4562, 7.7206, 26.5959, 48.5797, 2.5938, 29.7595, 15.5835, 22.1804, 52.9345, 6.2084, 3.243, 10.909, 29.1764, 38.5156, 33.2791, 17.7607, 13.5221, 6.9699, 32.0983, 32.2014, 46.1458, 38.8043, 42.1146, 6.8803, 10.0061, 7.3865, 34.6268, 27.9253, 44.1986, 41.6042, 11.8136, 24.6623, 51.7213, 9.2273, 20.3615, 49.7221, 19.7801, 53.5261], [68.9612, 39.4327, 44.4049, 44.6656, 42.4194, 45.4251, 50.0767, 40.0674, 53.8027, 49.8081, 49.4041, 45.2502, 44.6928, 51.5355, 46.4244, 49.0044, 36.2717, 42.4129, 62.3596, 50.5594, 42.6584, 40.6312, 43.8467, 37.8996, 36.0778, 43.4203, 37.094, 26.4062, 37.7842, 22.1431, 11.1807, 32.2265, 2.5689, 0.0, 7.429, 59.4102, 39.1701, 24.5454, 58.0719, 0.1905, 2.9655, 2.1733, 31.8872, 10.2895, 29.1648, 51.1486, 5.1628, 32.3285, 18.1525, 19.6115, 55.5034, 3.6395, 5.8119, 8.3401, 26.684, 35.9893, 30.7681, 15.416, 15.7995, 7.9964, 29.5919, 29.6946, 48.6885, 41.3363, 44.6522, 6.8774, 8.2951, 8.7453, 32.1112, 25.4403, 46.739, 39.0717, 9.8171, 22.2028, 54.2692, 11.1366, 17.9584, 52.2683, 22.2118, 56.0754], [75.4012, 43.0266, 40.4901, 49.4399, 46.7915, 50.3134, 55.507, 37.381, 59.5385, 55.2127, 44.6347, 41.1609, 49.4713, 46.5003, 51.4498, 54.3288, 36.0252, 38.9791, 68.5647, 45.6403, 39.1591, 37.7413, 40.056, 40.8707, 36.1875, 39.7296, 35.9805, 33.8352, 45.2132, 29.5721, 18.6096, 24.7975, 9.9979, 7.429, 0.0, 66.8392, 31.7411, 31.9744, 65.5009, 7.2385, 10.3945, 5.2557, 24.4582, 17.7185, 36.5938, 58.5776, 12.5917, 39.7575, 25.5815, 12.1825, 62.9324, 3.7895, 13.2409, 0.9111, 19.5878, 28.7264, 23.5771, 9.326, 22.7377, 13.5147, 22.4235, 22.5241, 56.055, 48.6805, 52.0077, 11.0208, 7.2475, 14.6337, 24.8977, 18.3844, 54.1005, 31.7806, 6.7649, 15.2944, 61.6474, 17.6276, 11.4229, 59.6427, 29.3757, 63.4566], [35.9416, 56.1777, 92.739, 48.7133, 51.4891, 47.8718, 43.5146, 85.0891, 40.825, 43.7339, 99.9923, 94.0446, 48.6825, 102.8322, 46.8267, 44.4119, 73.6823, 89.4696, 36.9168, 101.5455, 89.8901, 86.2151, 91.8529, 59.4619, 72.1746, 91.1613, 77.4441, 33.004, 21.626, 37.2671, 48.2295, 91.6367, 56.8413, 59.4102, 66.8392, 0.0, 98.5802, 34.8647, 1.3383, 59.6007, 56.4447, 61.5835, 91.2974, 49.1207, 30.2454, 8.2615, 54.2474, 27.0817, 41.2577, 79.0217, 3.9068, 63.0497, 53.5983, 67.7503, 85.4918, 95.0, 89.682, 73.5771, 45.6321, 55.548, 88.4785, 88.5837, 13.0749, 19.8178, 16.7007, 58.525, 64.5751, 54.2817, 91.0534, 84.2081, 14.7958, 98.126, 66.8734, 80.8425, 8.7533, 51.0081, 76.3483, 10.1555, 38.8437, 7.7255], [104.407, 66.0361, 38.2462, 74.8813, 71.409, 75.989, 82.3043, 41.8534, 86.9816, 81.9564, 36.3215, 37.7856, 74.9214, 36.0066, 77.4073, 80.9054, 49.6486, 39.605, 97.0333, 36.1178, 39.4144, 41.2314, 38.586, 62.5591, 50.8595, 38.8661, 46.8, 65.5763, 76.9543, 61.3132, 50.3507, 6.9435, 41.739, 39.1701, 31.7411, 98.5802, 0.0, 63.7155, 97.2419, 38.9796, 42.1355, 36.9968, 7.2828, 49.4596, 68.3349, 90.3187, 44.3328, 71.4985, 57.3225, 19.5585, 94.6734, 35.5306, 44.982, 30.83, 14.9684, 7.7633, 11.3776, 26.2007, 53.8768, 43.9673, 12.3694, 12.2812, 87.6482, 80.2354, 83.5815, 41.0074, 35.018, 45.2286, 10.3037, 16.1279, 85.6848, 6.7927, 32.754, 19.2461, 93.2621, 48.495, 23.5233, 91.2503, 60.7062, 95.0772], [49.6868, 36.8866, 62.0862, 35.9918, 35.9934, 36.0829, 37.3921, 55.4765, 39.1355, 37.2871, 68.6111, 63.2449, 35.9943, 71.2159, 36.2623, 36.992, 46.4687, 59.2207, 44.6024, 70.0326, 59.5861, 56.4272, 61.3042, 38.052, 45.39, 60.6966, 49.2913, 1.8608, 13.2388, 2.4023, 13.3648, 56.772, 21.9765, 24.5454, 31.9744, 34.8647, 63.7155, 0.0, 33.5264, 24.7359, 21.58, 26.7188, 56.4327, 14.2559, 4.6194, 26.6032, 19.3827, 7.783, 6.393, 44.157, 30.9579, 28.1849, 18.7335, 32.8855, 50.8109, 60.2746, 54.9792, 38.9914, 12.2891, 21.3675, 53.7816, 53.8863, 24.6175, 17.5851, 20.7251, 24.2303, 30.1235, 20.161, 56.3442, 49.5349, 22.7302, 63.3895, 32.3793, 46.1919, 30.0706, 17.0868, 41.7346, 28.1086, 7.559, 31.8465], [35.9459, 55.1557, 91.5067, 47.82, 50.5393, 46.9984, 42.7743, 83.8779, 40.2073, 42.9853, 98.7446, 92.8092, 47.7899, 101.5794, 45.9802, 43.639, 72.5168, 88.2457, 36.6337, 100.2949, 88.665, 85.0004, 90.6227, 58.4013, 71.0171, 89.9329, 76.2612, 31.6657, 20.2877, 35.9287, 46.8912, 90.2984, 55.503, 58.0719, 65.5009, 1.3383, 97.2419, 33.5264, 0.0, 58.2624, 55.1064, 60.2452, 89.9591, 47.7824, 28.9071, 6.9232, 52.9091, 25.7434, 39.9194, 77.6834, 2.5685, 61.7114, 52.2599, 66.412, 84.1577, 93.6651, 88.3475, 72.2445, 44.309, 54.2199, 87.1442, 87.2494, 11.9492, 18.5653, 15.4864, 57.1958, 63.2443, 52.9541, 89.7188, 82.8742, 13.619, 96.7909, 65.542, 79.509, 7.9699, 49.6819, 75.0153, 9.1997, 37.5266, 7.1731], [69.1239, 39.5115, 44.2933, 44.779, 42.5209, 45.5419, 50.2096, 39.9835, 53.9446, 49.9402, 49.2736, 45.1347, 44.8063, 51.3991, 46.5452, 49.1341, 36.2464, 42.312, 62.5154, 50.4255, 42.556, 40.5426, 43.7379, 37.9605, 36.0616, 43.3136, 37.0472, 26.5967, 37.9747, 22.3336, 11.3712, 32.036, 2.7594, 0.1905, 7.2385, 59.6007, 38.9796, 24.7359, 58.2624, 0.0, 3.156, 1.9828, 31.6967, 10.48, 29.3553, 51.3391, 5.3533, 32.519, 18.343, 19.421, 55.6939, 3.449, 6.0024, 8.1496, 26.4997, 35.8022, 30.5823, 15.2451, 15.9719, 8.0999, 29.4064, 29.5091, 48.8771, 41.5243, 44.8405, 6.9153, 8.1861, 8.8674, 31.925, 25.2567, 46.9275, 38.884, 9.6798, 22.0215, 54.4583, 11.2886, 17.7821, 52.4572, 22.3934, 56.2645], [66.4482, 38.3075, 46.2091, 42.9709, 40.9211, 43.6743, 48.0587, 41.4641, 51.6337, 47.8027, 51.4842, 47.1112, 42.996, 53.7008, 44.6062, 47.0386, 36.791, 44.0595, 59.9604, 52.6874, 44.3266, 42.0966, 45.6105, 37.0646, 36.4592, 45.1513, 37.9377, 23.4408, 34.8187, 19.1777, 8.2152, 35.192, 0.3965, 2.9655, 10.3945, 56.4447, 42.1355, 21.58, 55.1064, 3.156, 0.0, 5.1388, 34.8527, 7.324, 26.1993, 48.1832, 2.1973, 29.363, 15.187, 22.577, 52.5379, 6.605, 2.8465, 11.3055, 29.5623, 38.906, 33.6675, 18.1281, 13.1801, 6.8836, 32.486, 32.5892, 45.7536, 38.4138, 41.7233, 6.9657, 10.302, 7.2355, 35.0158, 28.3102, 43.8068, 41.9956, 12.1409, 25.0439, 51.3282, 8.962, 20.736, 49.3293, 19.4079, 53.1327], [70.8251, 40.3759, 43.1642, 45.9894, 43.6129, 46.786, 51.6138, 39.1549, 55.4391, 51.3368, 47.9389, 43.9635, 46.018, 50.0008, 47.8298, 50.5071, 36.0417, 41.2998, 64.1479, 49.055, 41.5278, 39.6637, 42.6388, 38.6448, 35.9515, 42.2389, 36.6161, 28.5795, 39.9575, 24.3164, 13.354, 30.0532, 4.7422, 2.1733, 5.2557, 61.5835, 36.9968, 26.7188, 60.2452, 1.9828, 5.1388, 0.0, 29.7139, 12.4628, 31.3381, 53.322, 7.3361, 34.5018, 20.3258, 17.4382, 57.6767, 1.4662, 7.9852, 6.1668, 24.5877, 33.8571, 28.6519, 13.4964, 17.7882, 9.3406, 27.4805, 27.5828, 50.8416, 43.4819, 46.8016, 7.5876, 7.2542, 10.2631, 29.9901, 23.3522, 48.8904, 36.933, 8.3754, 20.1435, 56.4263, 12.9314, 15.9658, 54.4241, 24.2911, 58.2335], [97.6014, 60.0571, 36.4031, 68.5811, 65.2187, 69.6573, 75.8191, 38.63, 80.4057, 75.4787, 35.9937, 36.2045, 68.6201, 36.2905, 71.0374, 74.4508, 44.9339, 37.1369, 90.3086, 36.1249, 37.0239, 38.1924, 36.5688, 56.7523, 45.9949, 36.7154, 42.5043, 58.2935, 69.6714, 54.0304, 43.0679, 0.3393, 34.4562, 31.8872, 24.4582, 91.2974, 7.2828, 56.4327, 89.9591, 31.6967, 34.8527, 29.7139, 0.0, 42.1767, 61.052, 83.0359, 37.05, 64.2157, 50.0397, 12.2757, 87.3906, 28.2477, 37.6992, 23.5472, 9.0858, 7.593, 7.012, 19.2561, 46.6605, 36.788, 7.4256, 7.3825, 80.389, 72.981, 76.3248, 33.8454, 27.9075, 38.0431, 6.776, 9.9926, 78.4268, 9.443, 25.6719, 12.6874, 86.0, 41.2957, 16.6792, 83.9892, 53.4748, 87.8144], [60.4177, 36.4252, 51.1314, 39.4341, 37.967, 39.9693, 43.5417, 45.5618, 46.6541, 43.3245, 56.9587, 52.1471, 39.453, 59.3458, 40.6976, 42.6814, 39.0209, 48.6648, 54.2754, 58.2579, 48.9754, 46.3346, 50.4516, 35.9798, 38.379, 49.9267, 40.8776, 16.1167, 27.4947, 11.8536, 0.8912, 42.516, 7.7206, 10.2895, 17.7185, 49.1207, 49.4596, 14.2559, 47.7824, 10.48, 7.324, 12.4628, 42.1767, 0.0, 18.8753, 40.8591, 5.1267, 22.039, 7.863, 29.901, 45.2139, 13.929, 4.4776, 18.6296, 36.7306, 46.1363, 40.8689, 25.0733, 7.8488, 9.0469, 39.6791, 39.7831, 38.525, 31.2306, 34.5163, 11.265, 16.5431, 8.2537, 42.2258, 35.4656, 36.5878, 49.2383, 18.6759, 32.157, 44.0785, 6.9091, 27.7629, 42.0862, 12.7989, 45.8777], [46.6168, 38.1939, 65.9073, 36.0342, 36.5434, 35.9638, 36.388, 59.0714, 37.5469, 36.3293, 72.5864, 67.0975, 36.0309, 75.2401, 35.938, 36.1763, 49.5262, 62.9547, 42.0316, 74.0354, 63.332, 60.0607, 65.103, 39.8103, 48.3503, 64.4773, 52.5609, 2.7586, 8.6194, 7.0217, 17.9841, 61.3913, 26.5959, 29.1648, 36.5938, 30.2454, 68.3349, 4.6194, 28.9071, 29.3553, 26.1993, 31.3381, 61.052, 18.8753, 0.0, 21.9838, 24.002, 3.1637, 11.0123, 48.7763, 26.3386, 32.8043, 23.3529, 37.5049, 55.3926, 64.8669, 59.5662, 43.5482, 16.3459, 25.7911, 58.3672, 58.472, 20.2154, 13.4382, 16.4274, 28.6952, 34.6407, 24.562, 60.9328, 54.1147, 18.3711, 67.9843, 36.9096, 50.766, 25.5905, 21.4077, 46.2991, 23.6509, 10.4769, 27.3499], [36.7547, 50.1072, 85.1831, 43.5645, 45.936, 42.8649, 39.4507, 77.679, 37.6149, 39.6119, 92.3306, 86.4676, 43.5386, 95.1354, 42.0114, 40.1186, 66.592, 81.971, 35.9378, 93.8641, 82.3837, 78.7808, 84.3119, 53.1152, 65.14, 83.6322, 70.2307, 24.7424, 13.3644, 29.0055, 39.968, 83.3752, 48.5797, 51.1486, 58.5776, 8.2615, 90.3187, 26.6032, 6.9232, 51.3391, 48.1832, 53.322, 83.0359, 40.8591, 21.9838, 0.0, 45.9859, 18.8202, 32.9962, 70.7602, 4.3547, 54.7881, 45.3367, 59.4887, 77.2588, 86.7614, 81.4463, 65.3549, 37.4816, 47.3585, 80.2436, 80.3487, 7.3663, 12.3763, 9.7376, 50.3278, 56.3655, 46.0959, 82.8169, 75.9761, 8.3479, 89.8858, 58.66, 72.6132, 7.2766, 42.8333, 68.1231, 6.7921, 30.7418, 8.1291], [64.6109, 37.6032, 47.6211, 41.8066, 39.9168, 42.4642, 46.6288, 42.6027, 50.0794, 46.3832, 53.0798, 48.5609, 41.8301, 55.3531, 43.3407, 45.6517, 37.3233, 45.3661, 58.2164, 54.3149, 45.6476, 43.2816, 46.9955, 36.5889, 36.8933, 46.5144, 38.6978, 21.2435, 32.6214, 16.9804, 6.0179, 37.3893, 2.5938, 5.1628, 12.5917, 54.2474, 44.3328, 19.3827, 52.9091, 5.3533, 2.1973, 7.3361, 37.05, 5.1267, 24.002, 45.9859, 0.0, 27.1657, 12.9897, 24.7743, 50.3406, 8.8023, 0.6492, 13.5028, 31.7054, 41.0717, 35.8228, 20.1836, 11.3497, 6.816, 34.6383, 34.7418, 43.5816, 36.2529, 39.5566, 7.7956, 12.047, 6.769, 37.1742, 30.4485, 41.6371, 44.1656, 14.0198, 27.1661, 49.1509, 7.6992, 22.8245, 47.1536, 17.365, 50.9541], [44.6683, 39.3779, 68.581, 36.4031, 37.2473, 36.2235, 36.0274, 61.6123, 36.7555, 36.0021, 75.3514, 69.7897, 36.3958, 78.0342, 36.0573, 35.9509, 51.754, 65.5771, 40.4813, 76.8167, 65.9614, 62.6241, 67.7635, 41.2703, 50.5215, 67.1271, 54.9122, 5.9222, 5.4557, 10.1853, 21.1478, 64.555, 29.7595, 32.3285, 39.7575, 27.0817, 71.4985, 7.783, 25.7434, 32.519, 29.363, 34.5018, 64.2157, 22.039, 3.1637, 18.8202, 27.1657, 0.0, 14.176, 51.94, 23.1749, 35.968, 26.5165, 40.6685, 58.5339, 68.0142, 62.7105, 46.6761, 19.271, 28.8562, 61.5107, 61.6156, 17.2662, 10.8213, 13.6062, 31.7787, 37.7486, 27.6172, 64.0779, 57.255, 15.4731, 71.133, 40.0239, 53.9032, 22.5546, 24.43, 49.431, 20.6389, 13.0549, 24.297], [54.2988, 35.9887, 56.9933, 36.8995, 36.2038, 37.2056, 39.6371, 50.7754, 42.0782, 39.4754, 63.2539, 58.098, 36.9099, 65.7758, 37.6531, 39.0053, 42.703, 54.2782, 48.6623, 64.6288, 54.6229, 51.6591, 56.2499, 36.454, 41.7925, 55.6734, 45.1569, 8.2537, 19.6317, 3.9907, 6.9718, 50.379, 15.5835, 18.1525, 25.5815, 41.2577, 57.3225, 6.393, 39.9194, 18.343, 15.187, 20.3258, 50.0397, 7.863, 11.0123, 32.9962, 12.9897, 14.176, 0.0, 37.764, 37.3509, 21.792, 12.3405, 26.4925, 44.4829, 53.9267, 48.641, 32.714, 7.7882, 15.4357, 47.4461, 47.5505, 30.8149, 23.6153, 26.8497, 18.1786, 23.9365, 14.2993, 50.0033, 43.2105, 28.8967, 57.037, 26.1612, 39.8786, 36.3285, 11.4966, 35.4411, 34.3485, 7.3964, 38.1181], [86.3065, 50.7561, 36.5153, 58.4806, 55.3894, 59.4796, 65.2698, 35.9872, 69.6408, 64.9472, 38.674, 36.7923, 58.5167, 39.8961, 60.7666, 63.9749, 38.8267, 36.0552, 79.1976, 39.3186, 36.0952, 35.9433, 36.3571, 47.8865, 39.5152, 36.2508, 37.4177, 46.0177, 57.3957, 41.7547, 30.7922, 12.615, 22.1804, 19.6115, 12.1825, 79.0217, 19.5585, 44.157, 77.6834, 19.421, 22.577, 17.4382, 12.2757, 29.901, 48.7763, 70.7602, 24.7743, 51.94, 37.764, 0.0, 75.1149, 15.972, 25.4235, 11.2715, 9.1728, 17.1272, 12.4072, 8.8767, 34.56, 24.8239, 11.414, 11.4992, 68.1645, 60.7687, 64.1065, 21.9542, 16.271, 26.054, 13.5812, 8.3561, 66.2052, 20.0448, 14.2016, 6.9307, 73.7686, 29.2546, 7.383, 71.7601, 41.3266, 75.581], [36.0935, 53.2335, 89.1503, 46.1659, 48.7676, 45.3857, 41.4375, 81.5645, 39.1228, 41.6315, 96.3568, 90.4466, 46.1372, 99.1812, 44.4233, 42.2349, 70.2975, 85.9062, 36.223, 97.9013, 86.3232, 82.6799, 88.2707, 56.3988, 68.814, 87.5844, 74.0057, 29.0972, 17.7192, 33.3603, 44.3227, 87.7299, 52.9345, 55.5034, 62.9324, 3.9068, 94.6734, 30.9579, 2.5685, 55.6939, 52.5379, 57.6767, 87.3906, 45.2139, 26.3386, 4.3547, 50.3406, 23.1749, 37.3509, 75.1149, 0.0, 59.1429, 49.6915, 63.8435, 81.5978, 91.1035, 85.7868, 69.6877, 41.7724, 51.6724, 84.5837, 84.6889, 9.9377, 16.2, 13.2229, 54.6462, 60.6911, 50.4076, 87.1578, 80.3145, 11.4601, 94.2288, 62.9878, 76.9501, 6.958, 47.1385, 72.4576, 7.6919, 35.0031, 6.7599], [72.0924, 41.0649, 42.3696, 46.9183, 44.4601, 47.7381, 52.6761, 38.5964, 56.5635, 52.3939, 46.9814, 43.1356, 46.9478, 48.9927, 48.8098, 51.5478, 35.9599, 40.5973, 65.3676, 48.069, 40.8128, 39.0659, 41.868, 39.2077, 35.9402, 41.4872, 36.3636, 30.0457, 41.4237, 25.7826, 14.8202, 28.587, 6.2084, 3.6395, 3.7895, 63.0497, 35.5306, 28.1849, 61.7114, 3.449, 6.605, 1.4662, 28.2477, 13.929, 32.8043, 54.7881, 8.8023, 35.968, 21.792, 15.972, 59.1429, 0.0, 9.4514, 4.7006, 23.1815, 32.4218, 27.2293, 12.2492, 19.1526, 10.407, 26.0618, 26.1637, 52.2952, 44.9308, 48.2529, 8.3569, 6.8586, 11.4075, 28.5635, 21.9529, 50.343, 35.4926, 7.6019, 18.7687, 57.8822, 14.2021, 14.6506, 55.8793, 25.7026, 59.69], [64.0725, 37.4172, 48.0495, 41.4787, 39.6386, 42.122, 46.2178, 42.9549, 49.6294, 45.9756, 53.5594, 48.9999, 41.5016, 55.8484, 42.9812, 45.2543, 37.5038, 45.7652, 57.7071, 54.8034, 46.0508, 43.6467, 47.4164, 36.4725, 37.0455, 46.9293, 38.9432, 20.5943, 31.9723, 16.3312, 5.3687, 38.0385, 3.243, 5.8119, 13.2409, 53.5983, 44.982, 18.7335, 52.2599, 6.0024, 2.8465, 7.9852, 37.6992, 4.4776, 23.3529, 45.3367, 0.6492, 26.5165, 12.3405, 25.4235, 49.6915, 9.4514, 0.0, 14.152, 32.34, 41.7122, 36.4605, 20.7964, 10.8351, 6.9305, 35.2752, 35.3788, 42.9404, 35.6153, 38.9171, 8.1386, 12.5897, 6.7629, 37.8128, 31.0818, 40.9967, 44.8073, 14.592, 27.7954, 48.508, 7.4101, 23.4454, 46.5113, 16.7689, 50.3107], [76.2034, 43.5342, 40.0785, 50.0699, 47.3802, 50.9552, 56.2044, 37.1406, 60.2674, 55.9075, 44.1005, 40.7245, 50.1018, 45.9275, 52.1057, 55.0154, 36.1003, 38.6354, 69.3422, 45.0844, 38.8062, 37.473, 39.662, 41.3124, 36.3057, 39.3498, 35.9474, 34.7463, 46.1243, 30.4832, 19.5207, 23.8864, 10.909, 8.3401, 0.9111, 67.7503, 30.83, 32.8855, 66.412, 8.1496, 11.3055, 6.1668, 23.5472, 18.6296, 37.5049, 59.4887, 13.5028, 40.6685, 26.4925, 11.2715, 63.8435, 4.7006, 14.152, 0.0, 18.7352, 27.8417, 22.7057, 8.7231, 23.6092, 14.311, 21.5565, 21.6567, 56.9596, 49.583, 52.9112, 11.7538, 7.6242, 15.4475, 24.0221, 17.5403, 55.0046, 30.891, 6.867, 14.4827, 62.553, 18.4724, 10.7019, 60.548, 30.2631, 64.3625], [89.558, 51.1784, 29.1807, 59.9226, 56.4735, 61.0261, 67.3385, 30.2819, 72.0295, 66.99, 30.2793, 29.2279, 59.9626, 31.2279, 62.4408, 65.9376, 35.8923, 29.3643, 82.135, 30.7651, 29.3164, 29.9741, 29.1877, 47.7926, 36.9281, 29.2152, 33.5823, 52.6557, 63.9563, 48.431, 37.6069, 9.316, 29.1764, 26.684, 19.5878, 85.4918, 14.9684, 50.8109, 84.1577, 26.4997, 29.5623, 24.5877, 9.0858, 36.7306, 55.3926, 77.2588, 31.7054, 58.5339, 44.4829, 9.1728, 81.5978, 23.1815, 32.34, 18.7352, 0.0, 9.5351, 4.2028, 11.9582, 40.0953, 30.0888, 2.9958, 3.1013, 74.0313, 66.5943, 69.9519, 27.0907, 21.0038, 31.3649, 5.578, 1.2878, 72.0619, 12.6687, 18.6932, 4.6647, 79.6609, 34.6658, 9.1757, 77.6437, 46.9729, 81.4808], [98.6218, 59.2617, 30.6155, 68.4086, 64.8247, 69.5502, 76.0442, 34.0928, 80.8395, 75.6871, 29.2153, 30.2174, 68.45, 29.2227, 71.0107, 74.6077, 42.1633, 31.8733, 91.1111, 29.1802, 31.6914, 33.4681, 30.9203, 55.6496, 43.4306, 31.1771, 39.188, 62.124, 73.4449, 57.8881, 47.018, 7.4445, 38.5156, 35.9893, 28.7264, 95.0, 7.7633, 60.2746, 93.6651, 35.8022, 38.906, 33.8571, 7.593, 46.1363, 64.8669, 86.7614, 41.0717, 68.0142, 53.9267, 17.1272, 91.1035, 32.4218, 41.7122, 27.8417, 9.5351, 0.0, 5.3323, 21.4933, 49.6304, 39.6239, 6.5393, 6.4338, 83.5663, 76.1294, 79.487, 36.6258, 30.5389, 40.9, 3.9571, 10.8229, 81.597, 3.1336, 28.2283, 14.1998, 89.196, 44.2009, 18.7108, 87.1788, 56.508, 91.0159], [93.5415, 54.6837, 29.4435, 63.6263, 60.111, 64.7485, 71.1494, 31.6657, 75.8911, 70.7968, 29.4368, 29.288, 63.667, 29.989, 66.1856, 69.7313, 38.4915, 30.1259, 86.0765, 29.7019, 30.0151, 31.2048, 29.5874, 51.1855, 39.6433, 29.7211, 35.8491, 56.8263, 68.137, 52.5959, 41.7481, 7.11, 33.2791, 30.7681, 23.5771, 89.682, 11.3776, 54.9792, 88.3475, 30.5823, 33.6675, 28.6519, 7.012, 40.8689, 59.5662, 81.4463, 35.8228, 62.7105, 48.641, 12.4072, 85.7868, 27.2293, 36.4605, 22.7057, 4.2028, 5.3323, 0.0, 16.1609, 44.2981, 34.2916, 1.2069, 1.1014, 78.234, 70.797, 74.1546, 31.2935, 25.2065, 35.5676, 1.3752, 5.4905, 76.2646, 8.466, 22.896, 8.8674, 83.8637, 38.8686, 13.3784, 81.8464, 51.1756, 85.6835], [78.3493, 41.9125, 31.6375, 49.8195, 46.6463,