[4, 90]
[[0.0, 9.4505, 30.2, 49.568, 38.2245, 28.8402, 26.644, 15.6854, 21.1621, 9.149, 40.765, 20.811, 7.6061, 28.5558, 15.9181, 5.2691, 23.6954, 6.9166, 57.9298, 8.5801, 31.5177, 26.4849, 11.5099, 14.3595, 30.8345, 47.7785, 1.0862, 40.838, 43.2513, 38.465, 27.0656, 70.5994, 54.1943, 33.2341, 33.5564, 70.5778, 30.179, 42.0808, 25.2309, 25.6497, 45.7759, 59.7307, 40.7001, 42.8948, 68.7189, 20.9331, 29.1284, 21.0989, 33.5221, 55.5446, 29.4462, 46.3786, 72.3899, 48.3781, 69.5263, 34.6538, 27.3084, 35.8385, 36.9719, 20.9474, 31.8509, 37.2714, 51.4736, 26.9035, 35.1528, 25.7746, 60.9841, 30.2911, 68.7713, 25.7017, 70.7917, 41.9145, 25.7885, 60.8998, 44.6688, 41.2803, 25.9537, 32.8704, 29.962, 30.2655, 27.1724, 35.9225, 30.7051, 26.3668, 33.2587, 70.189, 37.9857, 50.4204, 25.8202, 32.7978], [9.4505, 0.0, 20.7495, 59.0184, 47.675, 38.2907, 17.1935, 6.2349, 11.7116, 0.3015, 50.2155, 30.2615, 17.0566, 38.0063, 6.4676, 4.1814, 33.1459, 2.5339, 67.3803, 0.8704, 40.9682, 17.0344, 2.0594, 4.909, 40.285, 57.229, 10.5367, 50.2885, 52.7018, 47.9155, 33.9819, 79.6882, 63.041, 26.4603, 26.7198, 79.6664, 24.132, 50.5389, 31.6637, 32.2076, 54.3863, 68.6813, 49.0899, 51.3899, 77.7883, 21.265, 36.4411, 24.9962, 26.6921, 64.4195, 36.8104, 55.0104, 81.4958, 57.0749, 78.6041, 27.619, 34.278, 28.6139, 45.1347, 24.5931, 27.3501, 44.5958, 59.8487, 31.0459, 42.1719, 28.1445, 69.6687, 26.5263, 77.6178, 27.1689, 79.6716, 49.7198, 28.2135, 69.5823, 52.6806, 49.0311, 28.8463, 27.9695, 35.7539, 26.5143, 25.7014, 43.0609, 26.7277, 29.9394, 28.219, 79.0593, 31.6769, 58.7494, 26.6051, 27.9237], [30.2, 20.7495, 0.0, 79.7679, 68.4244, 59.0401, 3.5559, 14.5145, 9.0379, 21.051, 70.9649, 51.0109, 37.806, 58.7558, 14.2818, 24.9309, 53.8954, 23.2833, 88.1298, 21.6198, 61.7176, 3.715, 18.69, 15.8404, 61.0345, 77.9785, 31.2862, 71.0379, 73.4512, 68.6649, 52.0425, 99.8792, 82.9333, 20.9518, 20.876, 99.8572, 22.0888, 70.0058, 49.3233, 49.9702, 74.0139, 88.6977, 68.4868, 70.8953, 97.9541, 33.3103, 54.8393, 40.5695, 20.8836, 84.3449, 55.2532, 74.661, 101.7094, 76.797, 98.781, 20.6784, 52.3834, 20.5675, 64.3063, 39.9497, 28.1004, 62.7053, 79.0919, 46.0168, 59.973, 41.2225, 89.284, 29.3364, 97.4397, 39.1803, 99.5376, 68.3304, 41.354, 89.195, 71.5144, 67.5838, 42.5062, 27.464, 52.3512, 29.3598, 33.413, 60.9817, 28.9733, 44.3245, 27.2522, 98.9125, 25.7901, 77.9393, 37.7466, 27.5053], [49.568, 59.0184, 79.7679, 0.0, 11.3435, 20.7278, 76.212, 65.2534, 70.7301, 58.717, 8.803, 28.757, 41.9619, 21.0122, 65.4861, 54.8371, 25.8725, 56.4846, 8.3619, 58.1481, 18.0503, 76.0529, 61.0779, 63.9275, 18.7334, 1.7894, 48.4817, 8.73, 6.3167, 11.103, 37.9924, 27.3019, 20.5586, 78.4269, 78.8216, 27.2871, 74.557, 24.2353, 40.5266, 39.9157, 22.3022, 21.5588, 25.1147, 23.7554, 26.0484, 57.36, 35.4818, 49.2781, 78.7798, 20.651, 35.1191, 22.0493, 28.5673, 21.3455, 26.5763, 80.1501, 37.681, 81.5606, 27.8752, 49.9341, 73.0579, 34.1984, 26.1697, 48.889, 36.2548, 54.0329, 26.3273, 70.4622, 29.3681, 56.3838, 30.4799, 30.5102, 53.8851, 26.3072, 28.8087, 30.9525, 52.608, 74.631, 42.7412, 70.417, 63.8099, 35.4775, 71.1785, 50.6513, 75.2106, 30.1367, 81.6911, 26.4283, 58.1059, 74.5216], [38.2245, 47.675, 68.4244, 11.3435, 0.0, 9.3843, 64.8685, 53.9099, 59.3866, 47.3735, 2.5405, 17.4135, 30.6184, 9.6687, 54.1426, 43.4936, 14.529, 45.1411, 19.7054, 46.8046, 6.7068, 64.7094, 49.7344, 52.584, 7.3899, 9.5541, 37.1382, 2.6135, 5.0268, 0.2405, 29.1057, 35.803, 23.7584, 67.5452, 67.9349, 35.7845, 63.7296, 20.6053, 31.2831, 30.7508, 20.7243, 27.2266, 20.782, 20.5584, 34.21, 46.9457, 27.0448, 39.2541, 67.8935, 24.5216, 26.7569, 20.8221, 37.3492, 21.2924, 34.8897, 69.2469, 28.8443, 70.6409, 21.8729, 39.87, 62.5664, 28.0391, 26.4738, 39.6888, 29.3736, 44.383, 30.8546, 60.0425, 36.247, 46.5744, 37.8111, 26.1972, 44.2461, 30.8032, 25.7494, 26.3663, 43.0674, 64.1, 34.3598, 59.9986, 53.6216, 28.85, 60.738, 41.2787, 64.6658, 37.3389, 71.013, 26.2068, 48.1935, 63.9933], [28.8402, 38.2907, 59.0401, 20.7278, 9.3843, 0.0, 55.4842, 44.5256, 50.0023, 37.9892, 11.9248, 8.0292, 21.2341, 0.2844, 44.7583, 34.1093, 5.1447, 35.7568, 29.0897, 37.4203, 2.6775, 55.3251, 40.3501, 43.1997, 1.9944, 18.9383, 27.7539, 11.9978, 14.4111, 9.6248, 23.4172, 43.8197, 29.6023, 58.6753, 59.0585, 43.7998, 54.9301, 22.0099, 24.9803, 24.5832, 23.8296, 34.1256, 21.4917, 22.3598, 42.0917, 38.7268, 22.1249, 31.6423, 59.0178, 30.6671, 21.9635, 24.1775, 45.4793, 25.4167, 42.8316, 60.3497, 23.2416, 61.7229, 20.6375, 32.1938, 54.1473, 25.76, 30.1434, 33.0988, 26.1479, 37.1308, 36.8874, 51.717, 43.3792, 39.0917, 45.1484, 26.0474, 37.0097, 36.8208, 26.8229, 25.9273, 35.9745, 55.63, 28.9914, 51.6749, 45.607, 25.9643, 52.3854, 34.4331, 56.178, 44.6178, 62.357, 29.524, 40.5639, 55.5266], [26.644, 17.1935, 3.5559, 76.212, 64.8685, 55.4842, 0.0, 10.9586, 5.4819, 17.495, 67.409, 47.455, 34.2501, 55.1998, 10.7259, 21.3749, 50.3395, 19.7274, 84.5739, 18.0639, 58.1617, 0.1591, 15.1341, 12.2845, 57.4785, 74.4225, 27.7303, 67.482, 69.8953, 65.109, 48.7958, 96.4021, 79.4931, 20.5571, 20.5508, 96.3801, 21.0466, 66.6147, 46.1145, 46.7517, 70.6047, 85.2424, 65.1035, 67.4999, 94.4802, 30.5905, 51.5597, 37.5467, 20.551, 80.9008, 51.9692, 71.2492, 98.2294, 73.3769, 95.3057, 20.5889, 49.1324, 20.7293, 60.9475, 36.9456, 26.8582, 59.4794, 75.7376, 43.1125, 56.7804, 38.5057, 85.8846, 27.7954, 94.0143, 36.5702, 96.1065, 65.0491, 38.631, 85.7959, 68.2078, 64.3091, 39.7317, 26.4184, 49.284, 27.8139, 31.2597, 57.7763, 27.5114, 41.4782, 26.2818, 95.4831, 25.7287, 74.5914, 35.2249, 26.4458], [15.6854, 6.2349, 14.5145, 65.2534, 53.9099, 44.5256, 10.9586, 0.0, 5.4767, 6.5364, 56.4504, 36.4964, 23.2915, 44.2412, 0.2327, 10.4163, 39.3809, 8.7688, 73.6153, 7.1053, 47.2031, 10.7995, 4.1755, 1.3259, 46.52, 63.4639, 16.7717, 56.5234, 58.9367, 54.1504, 39.1296, 85.7273, 68.9653, 23.0472, 23.2352, 85.7054, 21.5285, 56.2922, 36.6312, 37.2216, 60.2051, 74.6539, 54.8144, 57.159, 83.8179, 23.6482, 41.7384, 29.0023, 23.2149, 70.3568, 42.1273, 60.8385, 87.5433, 62.9317, 84.6379, 23.9078, 39.4456, 24.6849, 50.7653, 28.4983, 25.885, 49.8215, 65.5345, 34.9288, 47.2688, 31.2124, 75.4991, 25.6967, 83.5267, 29.7846, 85.597, 55.1518, 31.308, 75.4117, 58.2031, 54.4395, 32.1635, 26.1415, 40.3392, 25.696, 26.5904, 48.208, 25.7188, 33.569, 26.2621, 84.9799, 28.4829, 64.4142, 28.8578, 26.1202], [21.1621, 11.7116, 9.0379, 70.7301, 59.3866, 50.0023, 5.4819, 5.4767, 0.0, 12.0131, 61.9271, 41.9731, 28.7682, 49.7179, 5.244, 15.893, 44.8575, 14.2455, 79.0919, 12.582, 52.6798, 5.3228, 9.6522, 6.8026, 51.9966, 68.9406, 22.2483, 62.0001, 64.4134, 59.6271, 43.8845, 91.0537, 74.2111, 21.1397, 21.2393, 91.0318, 20.5719, 61.4234, 41.2794, 41.8972, 65.3796, 79.9332, 59.9268, 62.3006, 89.1376, 26.7842, 46.5833, 33.0951, 21.2284, 75.6115, 46.9841, 66.0192, 92.8759, 68.1317, 89.9605, 21.6277, 44.2125, 22.1257, 55.8172, 32.5332, 25.8005, 54.5868, 70.6053, 38.8482, 51.9511, 34.6166, 80.6704, 26.1992, 88.7538, 32.8956, 90.836, 60.0521, 34.7294, 80.5823, 63.1635, 59.3242, 35.7267, 25.7027, 44.6975, 26.2088, 28.496, 52.9225, 26.06, 37.3296, 25.6942, 90.2154, 26.5826, 69.4707, 31.728, 25.706], [9.149, 0.3015, 21.051, 58.717, 47.3735, 37.9892, 17.495, 6.5364, 12.0131, 0.0, 49.914, 29.96, 16.7551, 37.7048, 6.7691, 3.8799, 32.8444, 2.2324, 67.0788, 0.5689, 40.6667, 17.3359, 2.3609, 5.2105, 39.9835, 56.9275, 10.2352, 49.987, 52.4003, 47.614, 33.7422, 79.3969, 62.756, 26.6512, 26.9135, 79.3751, 24.2914, 50.2636, 31.4349, 31.9761, 54.1073, 68.3936, 48.8163, 51.1137, 77.4976, 21.1895, 36.1925, 24.8258, 26.8855, 64.1338, 36.5606, 54.7308, 81.2041, 56.7938, 78.3132, 27.8213, 34.0371, 28.8245, 44.8665, 24.4287, 27.4548, 44.3497, 59.5765, 30.8777, 41.9332, 28.0228, 69.3885, 26.6028, 77.3333, 27.0724, 79.3862, 49.4619, 28.0903, 69.3022, 52.4176, 48.7746, 28.7106, 28.09, 35.5449, 26.5903, 25.696, 42.8193, 26.8123, 29.7857, 28.345, 78.7742, 31.8542, 58.4785, 26.5285, 28.0431], [40.765, 50.2155, 70.9649, 8.803, 2.5405, 11.9248, 67.409, 56.4504, 61.9271, 49.914, 0.0, 19.954, 33.1589, 12.2092, 56.6831, 46.0341, 17.0695, 47.6816, 17.1649, 49.3451, 9.2473, 67.2499, 52.2749, 55.1245, 9.9304, 7.0136, 39.6787, 0.073, 2.4863, 2.3, 30.9568, 33.7542, 22.5907, 69.9695, 70.3606, 33.7363, 66.1395, 20.9444, 33.2404, 32.6848, 20.5509, 25.632, 21.3087, 20.7849, 32.2152, 49.2424, 28.7611, 41.44, 70.319, 23.2333, 28.4508, 20.5665, 35.2555, 20.7728, 32.8708, 71.6769, 30.6804, 73.0753, 22.8677, 42.0674, 64.8912, 29.1493, 25.9791, 41.6575, 30.6852, 46.4778, 29.5239, 62.3481, 34.5021, 48.7134, 35.9887, 26.8087, 46.3379, 29.4783, 26.0393, 27.0498, 45.1317, 66.4353, 36.0965, 62.3038, 55.8647, 30.0905, 63.0492, 43.2959, 67.0047, 35.5386, 73.3871, 25.8271, 50.361, 66.3278], [20.811, 30.2615, 51.0109, 28.757, 17.4135, 8.0292, 47.455, 36.4964, 41.9731, 29.96, 19.954, 0.0, 13.2049, 7.7448, 36.7291, 26.0801, 2.8845, 27.7276, 37.1189, 29.3911, 10.7067, 47.2959, 32.3209, 35.1705, 10.0235, 26.9675, 19.7247, 20.027, 22.4403, 17.654, 20.7977, 51.0503, 35.8178, 51.2319, 51.6068, 51.0296, 47.5789, 25.9897, 21.4575, 21.2639, 28.7409, 40.823, 25.0476, 26.5692, 49.2551, 32.2045, 20.5511, 26.0639, 51.567, 37.02, 20.5523, 29.2156, 52.7669, 30.8326, 50.0248, 52.8711, 20.7439, 54.2178, 22.8209, 26.5134, 47.2336, 26.4289, 35.0172, 28.7219, 25.8901, 31.8233, 43.0136, 44.9263, 50.0747, 33.4593, 51.9519, 28.4884, 31.7244, 42.9391, 30.1259, 28.1495, 30.8917, 48.6501, 26.2552, 44.8865, 39.235, 26.0504, 45.5589, 29.6986, 49.1751, 51.3904, 55.1405, 34.2002, 34.7253, 48.5512], [7.6061, 17.0566, 37.806, 41.9619, 30.6184, 21.2341, 34.2501, 23.2915, 28.7682, 16.7551, 33.1589, 13.2049, 0.0, 20.9497, 23.5242, 12.8752, 16.0894, 14.5227, 50.3238, 16.1862, 23.9116, 34.091, 19.116, 21.9656, 23.2285, 40.1725, 6.5198, 33.2319, 35.6452, 30.8589, 22.8575, 63.3614, 47.2445, 39.4927, 39.8425, 63.3401, 36.1223, 35.6375, 21.7203, 21.9607, 39.1287, 52.654, 34.3502, 36.4013, 61.503, 23.5936, 24.337, 20.7439, 39.8053, 48.5599, 24.5788, 39.7033, 65.1326, 41.618, 62.3006, 41.0268, 23.0223, 42.2954, 30.9392, 20.8543, 36.8601, 32.1915, 45.0432, 25.6968, 30.4734, 26.2912, 54.1809, 34.9206, 61.7814, 26.9792, 63.7641, 36.2067, 26.2561, 54.0991, 38.6952, 35.6431, 25.9952, 38.0811, 26.8538, 34.8877, 30.5069, 31.0867, 35.4456, 25.7496, 38.5388, 63.1723, 43.8903, 44.0469, 27.6279, 37.9952], [28.5558, 38.0063, 58.7558, 21.0122, 9.6687, 0.2844, 55.1998, 44.2412, 49.7179, 37.7048, 12.2092, 7.7448, 20.9497, 0.0, 44.4739, 33.8249, 4.8604, 35.4724, 29.374, 37.1359, 2.9619, 55.0407, 40.0657, 42.9153, 2.2787, 19.2227, 27.4696, 12.2822, 14.6955, 9.9092, 23.2822, 44.0711, 29.8076, 58.409, 58.792, 44.0512, 54.6664, 22.1133, 24.8197, 24.4283, 23.9748, 34.3531, 21.5767, 22.4734, 42.3401, 38.4861, 22.0211, 31.4266, 58.7513, 30.8788, 21.8648, 24.3285, 45.7332, 25.5851, 43.0813, 60.0824, 23.1102, 61.4548, 20.6656, 31.9754, 53.8971, 25.7413, 30.2931, 32.9203, 26.0967, 36.926, 37.092, 51.4704, 43.6087, 38.8778, 45.3825, 26.0956, 36.8056, 37.0251, 26.9059, 25.9669, 35.776, 55.3779, 28.8608, 51.4283, 45.3724, 25.9249, 52.1378, 34.2445, 55.9252, 44.8506, 62.098, 29.6651, 40.3442, 55.2747], [15.9181, 6.4676, 14.2818, 65.4861, 54.1426, 44.7583, 10.7259, 0.2327, 5.244, 6.7691, 56.6831, 36.7291, 23.5242, 44.4739, 0.0, 10.649, 39.6136, 9.0015, 73.848, 7.338, 47.4358, 10.5668, 4.4082, 1.5586, 46.7527, 63.6967, 17.0044, 56.7561, 59.1694, 54.3831, 39.3278, 85.9532, 69.1874, 22.9428, 23.1275, 85.9313, 21.4603, 56.5089, 36.8241, 37.4159, 60.4239, 74.8776, 55.0302, 57.3762, 84.0435, 23.7642, 41.9411, 29.1669, 23.1076, 70.5793, 42.3305, 61.0576, 87.7696, 63.1517, 84.8637, 23.7897, 39.6445, 24.5568, 50.9781, 28.66, 25.8578, 50.021, 65.7486, 35.0869, 47.4643, 31.3451, 75.718, 25.6945, 83.7481, 29.903, 85.819, 55.3578, 31.4416, 75.6306, 58.412, 54.6448, 32.304, 26.0996, 40.5188, 25.6943, 26.6512, 48.405, 25.7097, 33.7192, 26.215, 85.2017, 28.3833, 64.6277, 28.9645, 26.0794], [5.2691, 4.1814, 24.9309, 54.8371, 43.4936, 34.1093, 21.3749, 10.4163, 15.893, 3.8799, 46.0341, 26.0801, 12.8752, 33.8249, 10.649, 0.0, 28.9645, 1.6475, 63.1989, 3.311, 36.7868, 21.2158, 6.2408, 9.0904, 36.1036, 53.0476, 6.3553, 46.1071, 48.5204, 43.7341, 30.7558, 75.6559, 59.1037, 29.275, 29.5676, 75.6342, 26.5637, 46.7497, 28.6116, 29.1105, 50.5396, 64.7035, 45.3264, 47.5868, 73.7637, 20.5905, 33.0722, 22.8756, 29.5364, 60.4713, 33.4229, 51.1555, 77.4567, 53.1953, 74.5762, 30.5713, 31.0328, 31.6662, 41.4556, 22.5683, 29.0497, 41.2486, 56.101, 28.9068, 38.9396, 26.7122, 65.8001, 27.8614, 73.6851, 26.1112, 75.7256, 46.1906, 26.7587, 65.7146, 49.0726, 45.5226, 27.2019, 29.8695, 32.9834, 27.8427, 25.9411, 39.7837, 28.1675, 28.0237, 30.1888, 75.1171, 34.2906, 55.0195, 25.8378, 29.8102], [23.6954, 33.1459, 53.8954, 25.8725, 14.529, 5.1447, 50.3395, 39.3809, 44.8575, 32.8444, 17.0695, 2.8845, 16.0894, 4.8604, 39.6136, 28.9645, 0.0, 30.6121, 34.2344, 32.2756, 7.8222, 50.1804, 35.2054, 38.055, 7.1391, 24.0831, 22.6092, 17.1425, 19.5558, 14.7695, 21.4316, 48.4238, 33.4962, 53.8866, 54.2648, 48.4034, 50.1959, 24.331, 22.4578, 22.1807, 26.8038, 38.3582, 23.5179, 24.8414, 46.6492, 34.4745, 20.7758, 27.9309, 54.2247, 34.6578, 20.715, 27.2411, 50.1228, 28.7466, 47.4098, 55.54, 21.3293, 56.8975, 21.7225, 28.4239, 49.6787, 25.9057, 33.1251, 30.1216, 25.6959, 33.6059, 40.7367, 47.3212, 47.622, 35.3763, 49.4655, 27.3666, 33.4979, 40.6647, 28.7255, 27.0995, 32.5815, 51.1221, 26.9964, 47.2805, 41.4579, 25.7328, 47.9685, 31.2449, 51.6565, 48.9136, 57.7083, 32.3692, 36.7277, 51.0214], [6.9166, 2.5339, 23.2833, 56.4846, 45.1411, 35.7568, 19.7274, 8.7688, 14.2455, 2.2324, 47.6816, 27.7276, 14.5227, 35.4724, 9.0015, 1.6475, 30.6121, 0.0, 64.8464, 1.6635, 38.4343, 19.5683, 4.5933, 7.4429, 37.7511, 54.6951, 8.0029, 47.7546, 50.1679, 45.3816, 32.0005, 77.2427, 60.6511, 28.1254, 28.4062, 77.221, 25.5516, 48.2349, 29.7814, 30.2997, 52.0491, 66.2678, 46.8008, 49.0779, 75.3474, 20.7586, 34.3783, 23.6457, 28.3762, 62.0232, 34.7369, 52.6684, 79.0464, 54.7186, 76.1613, 29.3724, 32.2857, 30.4315, 42.8942, 23.2976, 28.3186, 42.5498, 57.5705, 29.6978, 40.1923, 27.2089, 67.3199, 27.2667, 75.2314, 26.4542, 77.2774, 47.5685, 27.2647, 67.234, 50.4836, 46.8918, 27.7864, 29.0639, 34.0406, 27.2505, 25.7661, 41.0554, 27.5335, 28.7212, 29.3574, 76.6673, 33.2225, 56.4816, 26.0629, 29.0097], [57.9298, 67.3803, 88.1298, 8.3619, 19.7054, 29.0897, 84.5739, 73.6153, 79.0919, 67.0788, 17.1649, 37.1189, 50.3238, 29.374, 73.848, 63.1989, 34.2344, 64.8464, 0.0, 66.51, 26.4122, 84.4148, 69.4398, 72.2894, 27.0953, 10.1513, 56.8436, 17.0918, 14.6786, 19.4649, 45.252, 22.6874, 21.9749, 86.5244, 86.9217, 22.6779, 82.6271, 29.5315, 47.9216, 47.2806, 26.6872, 20.6331, 30.6938, 28.8709, 21.9261, 65.2356, 42.5748, 56.9849, 86.8795, 21.5023, 42.1846, 26.2627, 23.5404, 24.9414, 22.2351, 88.2585, 44.9219, 89.6774, 34.0869, 57.6578, 80.939, 40.2105, 28.9451, 56.1751, 42.5687, 61.5175, 25.8277, 78.3077, 26.3542, 63.9406, 26.921, 35.7203, 61.3649, 25.8373, 33.4328, 36.2852, 60.0438, 82.5319, 49.6784, 78.2619, 71.5432, 41.6856, 79.0342, 58.0127, 83.1185, 26.735, 89.6672, 29.5266, 65.71, 82.4211], [8.5801, 0.8704, 21.6198, 58.1481, 46.8046, 37.4203, 18.0639, 7.1053, 12.582, 0.5689, 49.3451, 29.3911, 16.1862, 37.1359, 7.338, 3.311, 32.2756, 1.6635, 66.51, 0.0, 40.0978, 17.9048, 2.9298, 5.7794, 39.4147, 56.3587, 9.6664, 49.4181, 51.8314, 47.0451, 33.2928, 78.8475, 62.2188, 27.017, 27.2843, 78.8258, 24.5994, 49.745, 31.0067, 31.5423, 53.5815, 67.8513, 48.3009, 50.5934, 76.9492, 21.058, 35.7257, 24.5112, 27.2557, 63.5952, 36.0915, 54.204, 80.6538, 56.2638, 77.7644, 28.2079, 33.5854, 29.2262, 44.3615, 24.1259, 27.6604, 43.8873, 59.0638, 30.5659, 41.4851, 27.8006, 68.8604, 26.7559, 76.797, 26.8986, 78.8482, 48.9767, 27.8652, 68.7742, 51.9225, 48.292, 28.4613, 28.3247, 35.1542, 26.7424, 25.6955, 42.3656, 26.9804, 29.5021, 28.5898, 78.2366, 32.1937, 57.968, 26.3927, 28.2758], [31.5177, 40.9682, 61.7176, 18.0503, 6.7068, 2.6775, 58.1617, 47.2031, 52.6798, 40.6667, 9.2473, 10.7067, 23.9116, 2.9619, 47.4358, 36.7868, 7.8222, 38.4343, 26.4122, 40.0978, 0.0, 58.0026, 43.0276, 45.8772, 0.6832, 16.2608, 30.4314, 9.3203, 11.7336, 6.9473, 24.8124, 41.474, 27.7374, 61.1904, 61.5758, 41.4544, 57.4219, 21.1991, 26.5939, 26.1486, 22.5924, 32.0286, 20.8656, 21.4463, 39.7764, 41.0209, 23.2502, 33.7232, 61.5348, 28.7358, 23.0449, 22.8804, 43.1077, 23.9392, 40.5028, 62.8738, 24.6064, 64.2538, 20.5653, 34.2974, 56.5184, 26.0884, 28.8338, 34.8487, 26.7741, 39.1076, 35.016, 54.057, 41.2524, 41.1472, 42.9738, 25.7438, 38.9811, 34.953, 26.1803, 25.7064, 37.8968, 58.018, 30.3246, 54.0144, 47.843, 26.4824, 54.7345, 36.2706, 58.5718, 42.4568, 64.8061, 28.3012, 42.6695, 57.9135], [26.4849, 17.0344, 3.715, 76.0529, 64.7094, 55.3251, 0.1591, 10.7995, 5.3228, 17.3359, 67.2499, 47.2959, 34.091, 55.0407, 10.5668, 21.2158, 50.1804, 19.5683, 84.4148, 17.9048, 58.0026, 0.0, 14.975, 12.1254, 57.3195, 74.2634, 27.5712, 67.3229, 69.7362, 64.9499, 48.6515, 96.2467, 79.3395, 20.5537, 20.5505, 96.2247, 21.0128, 66.4634, 45.9721, 46.6089, 70.4525, 85.0881, 64.9525, 67.3484, 94.325, 30.4729, 51.4138, 37.4137, 20.5504, 80.7469, 51.8231, 71.0969, 98.0738, 73.2242, 95.1504, 20.5993, 48.9879, 20.7507, 60.7977, 36.8135, 26.8123, 59.336, 75.588, 42.9849, 56.6385, 38.3874, 85.7328, 27.7351, 93.8613, 36.4572, 95.9532, 64.903, 38.5123, 85.6441, 68.0605, 64.1633, 39.6105, 26.3819, 49.1483, 27.7534, 31.1693, 57.6338, 27.4549, 41.3535, 26.2488, 95.3299, 25.7375, 74.4421, 35.1163, 26.4086], [11.5099, 2.0594, 18.69, 61.0779, 49.7344, 40.3501, 15.1341, 4.1755, 9.6522, 2.3609, 52.2749, 32.3209, 19.116, 40.0657, 4.4082, 6.2408, 35.2054, 4.5933, 69.4398, 2.9298, 43.0276, 14.975, 0.0, 2.8496, 42.3445, 59.2885, 12.5962, 52.3479, 54.7612, 49.9749, 35.6438, 81.6797, 64.9914, 25.2138, 25.4529, 81.6578, 23.119, 52.4271, 33.2573, 33.8189, 56.2984, 70.649, 50.9675, 53.2839, 79.7764, 21.885, 38.1595, 26.2234, 25.4273, 66.3746, 38.5361, 56.9259, 83.4903, 59.0009, 80.5938, 26.2877, 35.9475, 27.2211, 46.9776, 25.7818, 26.7145, 46.2942, 61.715, 32.2469, 43.8229, 29.0459, 71.587, 26.0909, 79.564, 27.9062, 81.6237, 51.4939, 29.1246, 71.5003, 54.4877, 50.7966, 29.8389, 27.2217, 37.2154, 26.0825, 25.8325, 44.7304, 26.2353, 31.0468, 27.4317, 81.0097, 30.5182, 60.6082, 27.2121, 27.1834], [14.3595, 4.909, 15.8404, 63.9275, 52.584, 43.1997, 12.2845, 1.3259, 6.8026, 5.2105, 55.1245, 35.1705, 21.9656, 42.9153, 1.5586, 9.0904, 38.055, 7.4429, 72.2894, 5.7794, 45.8772, 12.1254, 2.8496, 0.0, 45.194, 62.138, 15.4458, 55.1975, 57.6108, 52.8245, 38.0076, 84.4406, 67.7007, 23.6769, 23.8827, 84.4188, 21.9602, 55.0599, 35.5414, 36.1235, 58.9606, 73.3801, 53.5875, 55.9238, 82.5331, 23.021, 40.5896, 28.0824, 23.8606, 69.0897, 40.9749, 59.5922, 86.255, 61.68, 83.3523, 24.6118, 38.3201, 25.4435, 49.5558, 27.5962, 26.0789, 48.6903, 64.3168, 34.0446, 46.1615, 30.4791, 74.2537, 25.7492, 82.2661, 29.1365, 84.3332, 53.9821, 30.5698, 74.1665, 57.0164, 53.2743, 31.3838, 26.4178, 39.3261, 25.7461, 26.2803, 47.0914, 25.8109, 32.7315, 26.5681, 83.717, 29.0797, 63.2005, 28.2789, 26.391], [30.8345, 40.285, 61.0345, 18.7334, 7.3899, 1.9944, 57.4785, 46.52, 51.9966, 39.9835, 9.9304, 10.0235, 23.2285, 2.2787, 46.7527, 36.1036, 7.1391, 37.7511, 27.0953, 39.4147, 0.6832, 57.3195, 42.3445, 45.194, 0.0, 16.944, 29.7483, 10.0035, 12.4167, 7.6305, 24.4361, 42.0687, 28.2008, 60.5474, 60.9322, 42.049, 56.7845, 21.377, 26.1656, 25.7318, 22.8847, 32.5556, 20.9947, 21.6516, 40.3629, 40.4311, 22.9387, 33.1841, 60.8913, 29.2174, 22.744, 23.1889, 43.7094, 24.2967, 41.0929, 62.2285, 24.2374, 63.6069, 20.5507, 33.753, 55.9108, 25.9788, 29.1502, 34.3909, 26.5901, 38.5952, 35.4837, 53.457, 41.789, 40.6159, 43.5233, 25.7952, 38.47, 35.4197, 26.3198, 25.7364, 37.3975, 57.4062, 29.9673, 53.4144, 47.2681, 26.3253, 54.1322, 35.7917, 57.9587, 43.0027, 64.1795, 28.5944, 42.1261, 57.3021], [47.7785, 57.229, 77.9785, 1.7894, 9.5541, 18.9383, 74.4225, 63.4639, 68.9406, 56.9275, 7.0136, 26.9675, 40.1725, 19.2227, 63.6967, 53.0476, 24.0831, 54.6951, 10.1513, 56.3587, 16.2608, 74.2634, 59.2885, 62.138, 16.944, 0.0, 46.6923, 6.9405, 4.5273, 9.3135, 36.5002, 28.5118, 20.6864, 76.7015, 77.0955, 28.4962, 72.8385, 23.3362, 38.9948, 38.3927, 21.6699, 22.1654, 24.1305, 22.9102, 27.1847, 55.693, 34.0389, 47.6575, 77.0537, 20.9033, 33.6843, 21.4657, 29.8381, 20.9327, 27.7455, 78.4218, 36.1943, 79.8302, 26.6988, 48.3088, 71.3856, 33.0449, 25.8898, 47.376, 35.0154, 52.4656, 26.7744, 68.7991, 30.2753, 54.797, 31.4787, 29.5837, 52.3192, 26.7484, 28.0448, 29.9916, 51.054, 72.9535, 41.3252, 68.7541, 62.1761, 34.2681, 69.5127, 49.1176, 73.5313, 31.1093, 79.9944, 26.0675, 56.5065, 72.8445], [1.0862, 10.5367, 31.2862, 48.4817, 37.1382, 27.7539, 27.7303, 16.7717, 22.2483, 10.2352, 39.6787, 19.7247, 6.5198, 27.4696, 17.0044, 6.3553, 22.6092, 8.0029, 56.8436, 9.6664, 30.4314, 27.5712, 12.5962, 15.4458, 29.7483, 46.6923, 0.0, 39.7517, 42.165, 37.3787, 26.3716, 69.5609, 53.1908, 34.0944, 34.4216, 69.5394, 30.9833, 41.1363, 24.6166, 25.0149, 44.808, 58.712, 39.7663, 41.9445, 67.6832, 21.1667, 28.3689, 20.8797, 34.3868, 54.5369, 28.6783, 45.4074, 71.349, 47.397, 68.4893, 35.5343, 26.6056, 36.7337, 36.0739, 20.7643, 32.5046, 36.4922, 50.5353, 26.6017, 34.4206, 25.7117, 60.0007, 30.8802, 67.7649, 25.7508, 69.7806, 41.0617, 25.7184, 59.9167, 43.7847, 40.4358, 25.8229, 33.5586, 29.418, 30.8533, 27.545, 35.172, 31.313, 26.1444, 33.9588, 69.1793, 38.7927, 49.4889, 25.95, 33.4837], [40.838, 50.2885, 71.0379, 8.73, 2.6135, 11.9978, 67.482, 56.5234, 62.0001, 49.987, 0.073, 20.027, 33.2319, 12.2822, 56.7561, 46.1071, 17.1425, 47.7546, 17.0918, 49.4181, 9.3203, 67.3229, 52.3479, 55.1975, 10.0035, 6.9405, 39.7517, 0.0, 2.4133, 2.373, 31.0114, 33.6962, 22.5605, 70.0394, 70.4304, 33.6784, 66.2089, 20.9586, 33.2978, 32.7416, 20.5505, 25.5884, 21.3282, 20.796, 32.159, 49.3088, 28.8123, 41.5035, 70.3889, 23.1993, 28.5014, 20.5637, 35.1962, 20.7623, 32.8138, 71.7469, 30.7347, 73.1454, 22.8999, 42.1312, 64.9583, 29.1839, 25.9684, 41.7151, 30.7252, 46.5386, 29.488, 62.4146, 34.4534, 48.7755, 35.9376, 26.8296, 46.3987, 29.4425, 26.0513, 27.0727, 45.1917, 66.5027, 36.1478, 62.3704, 55.9295, 30.1286, 63.1159, 43.3547, 67.0722, 35.4882, 73.4555, 25.8198, 50.4238, 66.3952], [43.2513, 52.7018, 73.4512, 6.3167, 5.0268, 14.4111, 69.8953, 58.9367, 64.4134, 52.4003, 2.4863, 22.4403, 35.6452, 14.6955, 59.1694, 48.5204, 19.5558, 50.1679, 14.6786, 51.8314, 11.7336, 69.7362, 54.7612, 57.6108, 12.4167, 4.5273, 42.165, 2.4133, 0.0, 4.7863, 32.8577, 31.8178, 21.6765, 72.3499, 72.7421, 31.8006, 68.5071, 21.5629, 35.2282, 34.6534, 20.6841, 24.2282, 22.0966, 21.2997, 30.3419, 51.5123, 30.5523, 43.6165, 72.7004, 22.1827, 30.2237, 20.6185, 33.2669, 20.5577, 30.9693, 74.0623, 32.5691, 75.4645, 24.0623, 44.2535, 67.1815, 30.4025, 25.7297, 43.6415, 32.112, 48.5691, 28.3819, 64.6215, 32.8949, 50.8427, 34.2938, 27.6211, 48.4266, 28.3425, 26.5564, 27.9271, 47.1969, 68.7349, 37.8841, 64.577, 58.0837, 31.4562, 65.3275, 45.3211, 69.3075, 33.8687, 75.721, 25.6945, 52.5147, 68.6268], [38.465, 47.9155, 68.6649, 11.103, 0.2405, 9.6248, 65.109, 54.1504, 59.6271, 47.614, 2.3, 17.654, 30.8589, 9.9092, 54.3831, 43.7341, 14.7695, 45.3816, 19.4649, 47.0451, 6.9473, 64.9499, 49.9749, 52.8245, 7.6305, 9.3135, 37.3787, 2.373, 4.7863, 0.0, 29.2765, 35.6063, 23.6387, 67.7744, 68.1642, 35.5879, 63.9574, 20.6242, 31.4648, 30.9301, 20.6946, 27.0695, 20.8191, 20.5665, 34.0181, 47.1621, 27.2017, 39.4593, 68.1228, 24.3912, 26.9116, 20.7847, 37.1486, 21.2307, 34.6956, 69.4766, 29.0135, 70.8711, 21.9564, 40.0763, 62.7858, 28.1363, 26.4169, 39.8724, 29.4909, 44.5793, 30.722, 60.2599, 36.0777, 46.7751, 37.635, 26.2451, 44.4422, 30.6712, 25.7662, 26.4213, 43.2606, 64.3205, 34.5199, 60.216, 53.8328, 28.9602, 60.9561, 41.4672, 64.8866, 37.1648, 71.2373, 26.1605, 48.3971, 64.2136], [27.0656, 33.9819, 52.0425, 37.9924, 29.1057, 23.4172, 48.7958, 39.1296, 43.8845, 33.7422, 30.9568, 20.7977, 22.8575, 23.2822, 39.3278, 30.7558, 21.4316, 32.0005, 45.252, 33.2928, 24.8124, 48.6515, 35.6438, 38.0076, 24.4361, 36.5002, 26.3716, 31.0114, 32.8577, 29.2765, 0.0, 49.929, 32.5336, 43.7319, 44.1408, 49.9064, 39.7141, 19.1083, 2.975, 2.2643, 23.2905, 38.4709, 17.5177, 20.0383, 47.9609, 21.5976, 3.03, 12.8338, 44.0974, 33.9899, 3.4761, 23.9639, 51.7984, 26.1831, 48.8065, 45.516, 0.3709, 46.9744, 13.1211, 13.5545, 36.7971, 10.7031, 27.4746, 10.9247, 8.1929, 16.4053, 38.0431, 34.0466, 46.4634, 18.946, 48.6237, 16.3333, 16.2458, 37.951, 19.6125, 15.57, 14.8699, 38.4593, 5.5949, 33.9986, 26.9489, 9.0872, 34.8066, 12.7769, 39.0709, 47.9802, 45.8797, 26.2774, 20.8074, 38.3438], [70.5994, 79.6882, 99.8792, 27.3019, 35.803, 43.8197, 96.4021, 85.7273, 91.0537, 79.3969, 33.7542, 51.0503, 63.3614, 44.0711, 85.9532, 75.6559, 48.4238, 77.2427, 22.6874, 78.8475, 41.474, 96.2467, 81.6797, 84.4406, 42.0687, 28.5118, 69.5609, 33.6962, 31.8178, 35.6063, 49.929, 0.0, 17.3954, 93.6609, 94.0698, 0.0225, 89.6431, 30.8207, 52.904, 52.1933, 26.6385, 11.4581, 32.4113, 29.8907, 1.9681, 71.5266, 46.899, 62.7628, 94.0264, 15.9391, 46.4529, 25.9651, 1.8694, 23.7459, 1.1225, 95.445, 49.5581, 96.9034, 36.8079, 63.4835, 86.5179, 40.8679, 23.5098, 59.7886, 43.8548, 65.7087, 13.2725, 83.7429, 6.3663, 68.3572, 5.3804, 34.8089, 65.5412, 13.3582, 31.4268, 35.6067, 64.0876, 88.1929, 52.3833, 83.6945, 76.5554, 42.7483, 84.5101, 61.839, 88.8089, 5.6045, 95.6578, 24.7014, 70.2791, 88.0766], [54.1943, 63.041, 82.9333, 20.5586, 23.7584, 29.6023, 79.4931, 68.9653, 74.2111, 62.756, 22.5907, 35.8178, 47.2445, 29.8076, 69.1874, 59.1037, 33.4962, 60.6511, 21.9749, 62.2188, 27.7374, 79.3395, 64.9914, 67.7007, 28.2008, 20.6864, 53.1908, 22.5605, 21.6765, 23.6387, 32.5336, 17.3954, 0.0, 76.2655, 76.6744, 17.3729, 72.2477, 13.4253, 35.5086, 34.7979, 9.2431, 5.9373, 15.0159, 12.4953, 15.4273, 54.1312, 29.5036, 45.3674, 76.631, 1.4563, 29.0575, 8.5697, 19.2648, 6.3505, 16.2729, 78.0496, 32.1627, 79.508, 19.4125, 46.0881, 69.161, 23.7121, 7.5633, 42.4841, 26.6577, 48.3858, 7.286, 66.3889, 14.5816, 51.0279, 16.6326, 17.7911, 48.2188, 7.2205, 14.5474, 18.5646, 46.7692, 70.8344, 35.1135, 66.3406, 59.2109, 25.5652, 67.1553, 44.5274, 71.4498, 16.0185, 78.2931, 8.4981, 52.9456, 70.7181], [33.2341, 26.4603, 20.9518, 78.4269, 67.5452, 58.6753, 20.5571, 23.0472, 21.1397, 26.6512, 69.9695, 51.2319, 39.4927, 58.409, 22.9428, 29.275, 53.8866, 28.1254, 86.5244, 27.017, 61.1904, 20.5537, 25.2138, 23.6769, 60.5474, 76.7015, 34.0944, 70.0394, 72.3499, 67.7744, 43.7319, 93.6609, 76.2655, 0.0, 0.4089, 93.6384, 4.0178, 62.8402, 40.7569, 41.4676, 67.0224, 82.2028, 61.2496, 63.7702, 91.6928, 22.1343, 46.7619, 30.8981, 0.3655, 77.7218, 47.208, 67.6958, 95.5303, 69.915, 92.5384, 1.7841, 44.1028, 3.2425, 56.853, 30.1774, 8.927, 53.3665, 70.9075, 34.4798, 50.3721, 28.6199, 81.588, 11.3131, 90.0567, 26.0112, 92.2263, 59.4571, 28.7852, 81.4952, 62.8686, 58.6537, 30.221, 7.6172, 41.8481, 11.3564, 18.0278, 51.4808, 10.6343, 32.4465, 7.1742, 91.5802, 5.4692, 69.6911, 24.1251, 7.7035], [33.5564, 26.7198, 20.876, 78.8216, 67.9349, 59.0585, 20.5508, 23.2352, 21.2393, 26.9135, 70.3606, 51.6068, 39.8425, 58.792, 23.1275, 29.5676, 54.2648, 28.4062, 86.9217, 27.2843, 61.5758, 20.5505, 25.4529, 23.8827, 60.9322, 77.0955, 34.4216, 70.4304, 72.7421, 68.1642, 44.1408, 94.0698, 76.6744, 0.4089, 0.0, 94.0473, 4.4267, 63.2492, 41.1658, 41.8765, 67.4313, 82.6118, 61.6585, 64.1792, 92.1018, 22.5433, 47.1708, 31.3071, 0.0434, 78.1307, 47.617, 68.1047, 95.9393, 70.324, 92.9473, 1.3752, 44.5117, 2.8336, 57.2619, 30.5863, 9.2642, 53.7735, 71.3154, 34.8842, 50.7789, 29.0223, 81.9961, 11.6788, 90.465, 26.4122, 92.6347, 59.8645, 29.1876, 81.9034, 63.2762, 59.0611, 30.624, 7.9236, 42.254, 11.7224, 18.4201, 51.8877, 10.994, 32.8503, 7.465, 91.9885, 5.3441, 70.0989, 24.5247, 8.0126], [70.5778, 79.6664, 99.8572, 27.2871, 35.7845, 43.7998, 96.3801, 85.7054, 91.0318, 79.3751, 33.7363, 51.0296, 63.3401, 44.0512, 85.9313, 75.6342, 48.4034, 77.221, 22.6779, 78.8258, 41.4544, 96.2247, 81.6578, 84.4188, 42.049, 28.4962, 69.5394, 33.6784, 31.8006, 35.5879, 49.9064, 0.0225, 17.3729, 93.6384, 94.0473, 0.0, 89.6206, 30.7981, 52.8815, 52.1708, 26.616, 11.4355, 32.3888, 29.8681, 1.9455, 71.504, 46.8765, 62.7402, 94.0039, 15.9166, 46.4303, 25.9426, 1.892, 23.7233, 1.1, 95.4225, 49.5356, 96.8809, 36.7854, 63.461, 86.4954, 40.8455, 23.4878, 59.7661, 43.8324, 65.6862, 13.2517, 83.7204, 6.353, 68.3347, 5.3738, 34.7866, 65.5187, 13.3374, 31.4046, 35.5844, 64.0652, 88.1704, 52.3608, 83.672, 76.533, 42.726, 84.4876, 61.8166, 88.7864, 5.5955, 95.6353, 24.6794, 70.2566, 88.054], [30.179, 24.132, 22.0888, 74.557, 63.7296, 54.9301, 21.0466, 21.5285, 20.5719, 24.2914, 66.1395, 47.5789, 36.1223, 54.6664, 21.4603, 26.5637, 50.1959, 25.5516, 82.6271, 24.5994, 57.4219, 21.0128, 23.119, 21.9602, 56.7845, 72.8385, 30.9833, 66.2089, 68.5071, 63.9574, 39.7141, 89.6431, 72.2477, 4.0178, 4.4267, 89.6206, 0.0, 58.8224, 36.7391, 37.4498, 63.0046, 78.1851, 57.2318, 59.7525, 87.6751, 18.1166, 42.7441, 26.8804, 4.3833, 73.704, 43.1903, 63.678, 91.5126, 65.8973, 88.5206, 5.8019, 40.085, 7.2603, 52.8352, 26.1596, 6.0996, 49.369, 66.9009, 30.5129, 46.3772, 24.6781, 77.5786, 7.9474, 86.0458, 22.0871, 88.2151, 55.4555, 24.8425, 77.4859, 58.8653, 54.6526, 26.2708, 5.387, 37.864, 7.9845, 14.2234, 47.4848, 7.3783, 28.4866, 5.2369, 87.5691, 7.8095, 65.6849, 20.2178, 5.4227], [42.0808, 50.5389, 70.0058, 24.2353, 20.6053, 22.0099, 66.6147, 56.2922, 61.4234, 50.2636, 20.9444, 25.9897, 35.6375, 22.1133, 56.5089, 46.7497, 24.331, 48.2349, 29.5315, 49.745, 21.1991, 66.4634, 52.4271, 55.0599, 21.377, 23.3362, 41.1363, 20.9586, 21.5629, 20.6242, 19.1083, 30.8207, 13.4253, 62.8402, 63.2492, 30.7981, 58.8224, 0.0, 22.0833, 21.3726, 4.1822, 19.3626, 1.5907, 0.93, 28.8526, 40.7059, 16.0783, 31.9421, 63.2058, 14.8816, 15.6322, 4.8556, 32.6901, 7.0748, 29.6982, 64.6243, 18.7374, 66.0827, 5.9872, 32.6628, 55.7818, 10.999, 9.4106, 29.2028, 13.7312, 35.0657, 19.2841, 53.0142, 27.5539, 37.6953, 29.6915, 6.2819, 34.8995, 19.1946, 5.147, 6.777, 33.4579, 57.4528, 21.9214, 52.9659, 45.8512, 12.7049, 53.7793, 31.2306, 58.0674, 29.0544, 64.9029, 8.4157, 39.6053, 57.3367], [25.2309, 31.6637, 49.3233, 40.5266, 31.2831, 24.9803, 46.1145, 36.6312, 41.2794, 31.4349, 33.2404, 21.4575, 21.7203, 24.8197, 36.8241, 28.6116, 22.4578, 29.7814, 47.9216, 31.0067, 26.5939, 45.9721, 33.2573, 35.5414, 26.1656, 38.9948, 24.6166, 33.2978, 35.2282, 31.4648, 2.975, 52.904, 35.5086, 40.7569, 41.1658, 52.8815, 36.7391, 22.0833, 0.0, 0.7107, 26.2655, 41.4459, 20.4927, 23.0133, 50.9359, 18.6226, 6.005, 9.8588, 41.1224, 36.9649, 6.4511, 26.9389, 54.7734, 29.1581, 51.7815, 42.541, 3.3459, 43.9994, 16.0961, 10.5795, 33.8539, 13.3886, 30.4021, 8.4174, 10.6732, 13.6123, 40.9928, 31.109, 49.4212, 16.103, 51.583, 19.1799, 13.4569, 40.9006, 22.4969, 18.4042, 12.1223, 35.5133, 5.2016, 31.0611, 24.0353, 11.6619, 31.8673, 10.1247, 36.1239, 50.9391, 42.9247, 29.2007, 17.9398, 35.3979], [25.6497, 32.2076, 49.9702, 39.9157, 30.7508, 24.5832, 46.7517, 37.2216, 41.8972, 31.9761, 32.6848, 21.2639, 21.9607, 24.4283, 37.4159, 29.1105, 22.1807, 30.2997, 47.2806, 31.5423, 26.1486, 46.6089, 33.8189, 36.1235, 25.7318, 38.3927, 25.0149, 32.7416, 34.6534, 30.9301, 2.2643, 52.1933, 34.7979, 41.4676, 41.8765, 52.1708, 37.4498, 21.3726, 0.7107, 0.0, 25.5548, 40.7353, 19.782, 22.3026, 50.2253, 19.3332, 5.2943, 10.5694, 41.8331, 36.2542, 5.7405, 26.2282, 54.0627, 28.4475, 51.0708, 43.2517, 2.6352, 44.7101, 15.3854, 11.2902, 34.5565, 12.7354, 29.7019, 8.9904, 10.0563, 14.2728, 40.2878, 31.8101, 48.7145, 16.778, 50.8759, 18.4962, 14.1162, 40.1956, 21.8056, 17.723, 12.7694, 36.2166, 5.1441, 31.7622, 24.73, 11.0286, 32.5688, 10.7429, 36.8275, 50.2321, 43.6303, 28.5014, 18.6217, 36.1012], [45.7759, 54.3863, 74.0139, 22.3022, 20.7243, 23.8296, 70.6047, 60.2051, 65.3796, 54.1073, 20.5509, 28.7409, 39.1287, 23.9748, 60.4239, 50.5396, 26.8038, 52.0491, 26.6872, 53.5815, 22.5924, 70.4525, 56.2984, 58.9606, 22.8847, 21.6699, 44.808, 20.5505, 20.6841, 20.6946, 23.2905, 26.6385, 9.2431, 67.0224, 67.4313, 26.616, 63.0046, 4.1822, 26.2655, 25.5548, 0.0, 15.1804, 5.7728, 3.2522, 24.6704, 44.8881, 20.2605, 36.1243, 67.3879, 10.6994, 19.8144, 0.6734, 28.5079, 2.8926, 25.516, 68.8065, 22.9196, 70.2649, 10.1694, 36.845, 59.9474, 14.8253, 6.3352, 33.3278, 17.6785, 39.2074, 15.2942, 57.1781, 23.4582, 41.8422, 25.5828, 9.3335, 39.0409, 15.2067, 6.7459, 10.0163, 37.5959, 61.6193, 26.0054, 57.1298, 50.0092, 16.6155, 57.9437, 35.3623, 62.2342, 24.9492, 69.0727, 5.7098, 43.7555, 61.5032], [59.7307, 68.6813, 88.6977, 21.5588, 27.2266, 34.1256, 85.2424, 74.6539, 79.9332, 68.3936, 25.632, 40.823, 52.654, 34.3531, 74.8776, 64.7035, 38.3582, 66.2678, 20.6331, 67.8513, 32.0286, 85.0881, 70.649, 73.3801, 32.5556, 22.1654, 58.712, 25.5884, 24.2282, 27.0695, 38.4709, 11.4581, 5.9373, 82.2028, 82.6118, 11.4355, 78.1851, 19.3626, 41.4459, 40.7353, 15.1804, 0.0, 20.9533, 18.4326, 9.49, 60.0685, 35.441, 51.3047, 82.5684, 4.481, 34.9948, 14.507, 13.3275, 12.2878, 10.3355, 83.987, 38.1001, 85.4454, 25.3499, 52.0255, 75.0832, 29.5362, 12.5817, 48.3831, 32.5036, 54.2932, 5.2021, 72.3099, 9.2658, 56.9381, 11.1387, 23.5376, 54.1259, 5.2168, 20.2105, 24.3252, 52.6746, 76.7573, 40.996, 72.2615, 65.1278, 31.4038, 73.0766, 50.4297, 77.3729, 10.5689, 84.2186, 13.7039, 58.8577, 76.641], [40.7001, 49.0899, 68.4868, 25.1147, 20.782, 21.4917, 65.1035, 54.8144, 59.9268, 48.8163, 21.3087, 25.0476, 34.3502, 21.5767, 55.0302, 45.3264, 23.5179, 46.8008, 30.6938, 48.3009, 20.8656, 64.9525, 50.9675, 53.5875, 20.9947, 24.1305, 39.7663, 21.3282, 22.0966, 20.8191, 17.5177, 32.4113, 15.0159, 61.2496, 61.6585, 32.3888, 57.2318, 1.5907, 20.4927, 19.782, 5.7728, 20.9533, 0.0, 2.5207, 30.4433, 39.1152, 14.4877, 30.3514, 61.6151, 16.4722, 14.0415, 6.4462, 34.2808, 8.6655, 31.2888, 63.0337, 17.1468, 64.4921, 4.3966, 31.0722, 54.1981, 9.6219, 10.7778, 27.6385, 12.2709, 33.493, 20.8215, 51.4313, 29.1181, 36.1202, 31.2593, 5.5245, 33.327, 20.7314, 5.3331, 5.8669, 31.8871, 55.8687, 20.3786, 51.383, 44.2709, 11.2688, 52.1961, 29.6628, 56.4832, 30.6212, 63.3173, 9.7234, 38.0287, 55.7527], [42.8948, 51.3899, 70.8953, 23.7554, 20.5584, 22.3598, 67.4999, 57.159, 62.3006, 51.1137, 20.7849, 26.5692, 36.4013, 22.4734, 57.3762, 47.5868, 24.8414, 49.0779, 28.8709, 50.5934, 21.4463, 67.3484, 53.2839, 55.9238, 21.6516, 22.9102, 41.9445, 20.796, 21.2997, 20.5665, 20.0383, 29.8907, 12.4953, 63.7702, 64.1792, 29.8681, 59.7525, 0.93, 23.0133, 22.3026, 3.2522, 18.4326, 2.5207, 0.0, 27.9226, 41.6359, 17.0083, 32.8721, 64.1358, 13.9516, 16.5622, 3.9256, 31.7601, 6.1448, 28.7682, 65.5543, 19.6674, 67.0127, 6.9172, 33.5928, 56.7079, 11.8291, 8.6468, 30.1187, 14.5977, 35.9859, 18.3895, 53.9399, 26.6408, 38.6168, 28.776, 6.8581, 35.8196, 18.3003, 5.2627, 7.4162, 34.3772, 58.3791, 22.8265, 53.8916, 46.7754, 13.5605, 54.7051, 32.1482, 58.9938, 28.1395, 65.83, 7.7006, 40.5276, 58.263], [68.7189, 77.7883, 97.9541, 26.0484, 34.21, 42.0917, 94.4802, 83.8179, 89.1376, 77.4976, 32.2152, 49.2551, 61.503, 42.3401, 84.0435, 73.7637, 46.6492, 75.3474, 21.9261, 76.9492, 39.7764, 94.325, 79.7764, 82.5331, 40.3629, 27.1847, 67.6832, 32.159, 30.3419, 34.0181, 47.9609, 1.9681, 15.4273, 91.6928, 92.1018, 1.9455, 87.6751, 28.8526, 50.9359, 50.2253, 24.6704, 9.49, 30.4433, 27.9226, 0.0, 69.5585, 44.9309, 60.7947, 92.0584, 13.971, 44.4848, 23.997, 3.8375, 21.7778, 0.8455, 93.477, 47.5901, 94.9354, 34.8399, 61.5155, 84.5534, 38.9162, 21.5937, 57.8281, 41.9009, 63.7468, 11.4836, 81.7786, 5.444, 66.3949, 5.1585, 32.8637, 63.5794, 11.5668, 29.4871, 33.6605, 62.1261, 86.2283, 50.4251, 81.7302, 74.592, 40.7953, 82.5457, 59.878, 86.8442, 5.1502, 93.6926, 22.7802, 68.3164, 86.1119], [20.9331, 21.265, 33.3103, 57.36, 46.9457, 38.7268, 30.5905, 23.6482, 26.7842, 21.1895, 49.2424, 32.2045, 23.5936, 38.4861, 23.7642, 20.5905, 34.4745, 20.7586, 65.2356, 21.058, 41.0209, 30.4729, 21.885, 23.021, 40.4311, 55.693, 21.1667, 49.3088, 51.5123, 47.1621, 21.5976, 71.5266, 54.1312, 22.1343, 22.5433, 71.504, 18.1166, 40.7059, 18.6226, 19.3332, 44.8881, 60.0685, 39.1152, 41.6359, 69.5585, 0.0, 24.6276, 8.7638, 22.4999, 55.5875, 25.0737, 45.5615, 73.396, 47.7807, 70.4041, 23.9185, 21.9685, 25.3769, 34.7186, 8.043, 15.7045, 31.4078, 48.8579, 13.0189, 28.4435, 7.9179, 59.514, 13.1095, 67.9703, 6.1457, 70.1373, 37.4547, 8.0464, 59.4215, 40.8487, 36.6561, 9.2149, 17.2986, 20.0669, 13.0649, 7.0737, 29.5401, 13.8197, 11.1582, 17.8887, 69.4919, 24.538, 47.6451, 5.3404, 17.1874], [29.1284, 36.4411, 54.8393, 35.4818, 27.0448, 22.1249, 51.5597, 41.7384, 46.5833, 36.1925, 28.7611, 20.5511, 24.337, 22.0211, 41.9411, 33.0722, 20.7758, 34.3783, 42.5748, 35.7257, 23.2502, 51.4138, 38.1595, 40.5896, 22.9387, 34.0389, 28.3689, 28.8123, 30.5523, 27.2017, 3.03, 46.899, 29.5036, 46.7619, 47.1708, 46.8765, 42.7441, 16.0783, 6.005, 5.2943, 20.2605, 35.441, 14.4877, 17.0083, 44.9309, 24.6276, 0.0, 15.8638, 47.1274, 30.9599, 0.4461, 20.9339, 48.7684, 23.1531, 45.7765, 48.546, 2.6591, 50.0044, 10.0911, 16.5845, 39.7996, 8.1767, 24.5047, 13.6724, 6.1368, 19.3059, 35.0433, 37.0446, 43.4534, 21.8776, 45.6119, 13.4913, 19.144, 34.9514, 16.7075, 12.7495, 17.7438, 41.464, 7.3364, 36.9966, 29.9288, 6.8089, 37.8059, 15.5982, 42.0764, 44.9689, 48.8917, 23.3136, 23.7551, 41.3484], [21.0989, 24.9962, 40.5695, 49.2781, 39.2541, 31.6423, 37.5467, 29.0023, 33.0951, 24.8258, 41.44, 26.0639, 20.7439, 31.4266, 29.1669, 22.8756, 27.9309, 23.6457, 56.9849, 24.5112, 33.7232, 37.4137, 26.2234, 28.0824, 33.1841, 47.6575, 20.8797, 41.5035, 43.6165, 39.4593, 12.8338, 62.7628, 45.3674, 30.8981, 31.3071, 62.7402, 26.8804, 31.9421, 9.8588, 10.5694, 36.1243, 51.3047, 30.3514, 32.8721, 60.7947, 8.7638, 15.8638, 0.0, 31.2637, 46.8237, 16.3099, 36.7977, 64.6322, 39.0169, 61.6403, 32.6823, 13.2047, 34.1407, 25.9548, 0.7208, 24.1561, 22.8075, 40.1534, 6.0557, 19.8874, 5.83, 50.7887, 21.4479, 59.2354, 7.4582, 61.4005, 28.7991, 5.7528, 50.6962, 32.1736, 28.006, 5.2639, 25.798, 11.8115, 21.4008, 14.5586, 20.9658, 22.1949, 5.2681, 26.4029, 60.7556, 33.158, 38.944, 8.9529, 25.6838], [33.5221, 26.6921, 20.8836, 78.7798, 67.8935, 59.0178, 20.551, 23.2149, 21.2284, 26.8855, 70.319, 51.567, 39.8053, 58.7513, 23.1076, 29.5364, 54.2247, 28.3762, 86.8795, 27.2557, 61.5348, 20.5504, 25.4273, 23.8606, 60.8913, 77.0537, 34.3868, 70.3889, 72.7004, 68.1228, 44.0974, 94.0264, 76.631, 0.3655, 0.0434, 94.0039, 4.3833, 63.2058, 41.1224, 41.8331, 67.3879, 82.5684, 61.6151, 64.1358, 92.0584, 22.4999, 47.1274, 31.2637, 0.0, 78.0873, 47.5736, 68.0613, 95.8959, 70.2806, 92.9039, 1.4186, 44.4683, 2.877, 57.2185, 30.5429, 9.2281, 53.7303, 71.2721, 34.8413, 50.7358, 28.9796, 81.9528, 11.6399, 90.4217, 26.3696, 92.5913, 59.8213, 29.1449, 81.86, 63.233, 59.0178, 30.5813, 7.8907, 42.2109, 11.6834, 18.3785, 51.8445, 10.9556, 32.8074, 7.4336, 91.9452, 5.356, 70.0556, 24.4823, 7.9794], [55.5446, 64.4195, 84.3449, 20.651, 24.5216, 30.6671, 80.9008, 70.3568, 75.6115, 64.1338, 23.2333, 37.02, 48.5599, 30.8788, 70.5793, 60.4713, 34.6578, 62.0232, 21.5023, 63.5952, 28.7358, 80.7469, 66.3746, 69.0897, 29.2174, 20.9033, 54.5369, 23.1993, 22.1827, 24.3912, 33.9899, 15.9391, 1.4563, 77.7218, 78.1307, 15.9166, 73.704, 14.8816, 36.9649, 36.2542, 10.6994, 4.481, 16.4722, 13.9516, 13.971, 55.5875, 30.9599, 46.8237, 78.0873, 0.0, 30.5138, 10.026, 17.8085, 7.8068, 14.8166, 79.5059, 33.619, 80.9643, 20.8688, 47.5444, 70.6133, 25.1357, 8.6876, 43.93, 28.088, 49.8341, 6.3385, 67.841, 13.2289, 52.477, 15.2544, 19.1899, 49.667, 6.2847, 15.9179, 19.968, 48.2169, 72.2869, 36.5547, 67.7926, 60.6618, 26.9933, 68.6074, 45.9743, 72.9024, 14.6468, 79.7464, 9.6974, 54.3952, 72.1707], [29.4462, 36.8104, 55.2532, 35.1191, 26.7569, 21.9635, 51.9692, 42.1273, 46.9841, 36.5606, 28.4508, 20.5523, 24.5788, 21.8648, 42.3305, 33.4229, 20.715, 34.7369, 42.1846, 36.0915, 23.0449, 51.8231, 38.5361, 40.9749, 22.744, 33.6843, 28.6783, 28.5014, 30.2237, 26.9116, 3.4761, 46.4529, 29.0575, 47.208, 47.617, 46.4303, 43.1903, 15.6322, 6.4511, 5.7405, 19.8144, 34.9948, 14.0415, 16.5622, 44.4848, 25.0737, 0.4461, 16.3099, 47.5736, 30.5138, 0.0, 20.4878, 48