[4, 100]
[[0.0, 5.9528, 8.2761, 8.9894, 14.7136, 4.4904, 5.6377, 2.1768, 9.9016, 6.3922, 13.9506, 8.1762, 6.6287, 4.9793, 4.438, 12.961, 4.5204, 4.4764, 2.6448, 2.5787, 5.5354, 3.0592, 5.1903, 12.6552, 2.603, 11.2867, 5.427, 3.8195, 8.0009, 10.5145, 6.9521, 13.1972, 8.9869, 9.0601, 28.9063, 35.3408, 38.0637, 41.0932, 32.1819, 34.2296, 26.5498, 33.1559, 36.3885, 30.9875, 32.9152, 33.9012, 30.6106, 30.5734, 30.2793, 40.1178, 32.3649, 37.058, 35.7295, 31.3966, 38.7915, 24.014, 32.1375, 37.581, 33.4307, 31.1797, 33.591, 30.7731, 32.7518, 32.0422, 23.8872, 32.5179, 23.8252, 42.9381, 40.825, 39.4502, 31.0556, 37.1629, 37.3927, 31.68, 36.777, 31.847, 27.2773, 43.6825, 33.86, 38.1975, 41.0471, 36.5246, 31.2973, 29.66, 33.2568, 35.7853, 44.1489, 28.7018, 39.3712, 35.8988, 33.605, 39.9837, 34.9205, 35.7741, 35.3257, 31.2913, 34.3302, 42.6714, 29.5882, 31.6655], [5.9528, 0.0, 11.5183, 9.7191, 10.009, 3.175, 11.5904, 3.8553, 4.4188, 9.1653, 11.5123, 13.8227, 4.9459, 4.8367, 6.5486, 13.1918, 7.5298, 6.322, 4.1952, 6.6838, 7.1907, 2.9273, 8.0864, 8.4959, 4.2211, 6.1747, 5.1424, 2.8597, 10.1882, 7.4114, 10.4872, 18.2093, 3.0356, 6.4292, 31.6108, 39.0074, 41.3728, 43.7435, 35.4614, 38.285, 30.4373, 35.4124, 39.6715, 35.6018, 34.7957, 37.3426, 35.0203, 35.0108, 33.9684, 43.2428, 35.6024, 40.3601, 38.8003, 34.374, 41.2827, 28.4363, 35.2494, 40.76, 36.2385, 35.1634, 36.9123, 34.7474, 35.2143, 34.1695, 25.2472, 35.9702, 26.0571, 37.3636, 34.9302, 33.994, 25.1148, 31.941, 31.505, 26.2816, 31.1698, 25.8969, 21.4658, 37.7873, 27.9933, 32.4735, 35.1194, 30.8319, 26.0576, 24.0145, 27.3164, 29.8817, 38.2441, 22.9006, 33.5697, 29.9532, 27.7795, 34.0423, 29.0696, 29.8268, 29.4631, 25.367, 28.4894, 37.139, 23.6429, 25.7786], [8.2761, 11.5183, 0.0, 4.3352, 15.1703, 8.3566, 8.5847, 8.7233, 15.9029, 2.3549, 11.1298, 6.8014, 7.7025, 6.816, 4.9807, 6.8527, 4.127, 5.1976, 10.5503, 10.7134, 4.4083, 9.8774, 3.4834, 12.7967, 10.5157, 13.4117, 6.6693, 8.74, 16.0402, 10.0872, 1.339, 7.8416, 13.9481, 8.9405, 35.7318, 41.0299, 44.1175, 47.7515, 38.3892, 39.4219, 32.2132, 40.2471, 42.5023, 35.358, 40.2646, 39.8912, 35.3565, 35.2734, 36.0698, 46.3345, 38.6122, 43.1382, 42.077, 37.9236, 45.6165, 29.0105, 38.5177, 43.7837, 40.0709, 36.5585, 39.7213, 36.1773, 39.6943, 39.2427, 31.6582, 38.5279, 31.1257, 43.4247, 42.981, 39.623, 33.9791, 36.7235, 39.5657, 31.9537, 37.5502, 34.9668, 29.3059, 47.6977, 35.9708, 39.4066, 43.5387, 37.6449, 31.144, 30.847, 36.11, 38.1351, 46.3345, 33.4522, 40.9346, 38.7907, 35.464, 42.7048, 36.8945, 39.2813, 37.3665, 33.9786, 36.2579, 43.0143, 32.6433, 33.9944], [8.9894, 9.7191, 4.3352, 0.0, 11.0118, 6.7474, 11.573, 8.3389, 13.7284, 3.4783, 6.8319, 10.7673, 4.9059, 5.0602, 4.5551, 3.9742, 4.6838, 4.5491, 10.4306, 11.5536, 3.4556, 9.1986, 4.174, 8.674, 10.409, 9.79, 4.6547, 7.4983, 16.9366, 6.0313, 4.5962, 12.0848, 11.437, 5.1556, 37.7886, 43.7781, 46.6807, 49.9461, 40.8497, 42.3982, 34.938, 42.1085, 45.0277, 38.6442, 41.9011, 42.4784, 38.5008, 38.4353, 38.749, 48.8087, 41.0501, 45.6842, 44.4636, 40.1877, 47.6897, 32.014, 40.8755, 46.2608, 42.2653, 39.4392, 42.2299, 39.0446, 41.672, 41.0118, 32.8475, 41.0999, 32.8004, 39.0994, 38.8169, 35.2909, 30.0099, 32.3907, 35.4166, 27.6318, 33.2466, 31.0362, 25.1925, 43.9284, 31.8279, 35.1345, 39.4287, 33.3687, 26.8103, 26.6005, 32.1093, 34.0226, 42.1648, 30.0476, 36.696, 34.7819, 31.284, 38.6413, 32.7253, 35.4176, 33.2057, 29.957, 32.0845, 38.6846, 28.7169, 29.9012], [14.7136, 10.009, 15.1703, 11.0118, 0.0, 10.2259, 19.8135, 12.6554, 10.3844, 13.4296, 6.0232, 20.5947, 8.5357, 10.2496, 12.1033, 11.596, 13.1243, 11.8474, 13.9365, 16.3235, 11.702, 12.3672, 13.1782, 2.3816, 13.9513, 3.8801, 9.975, 10.9318, 20.1822, 5.0988, 14.9666, 23.0114, 8.3639, 6.4152, 41.485, 49.0147, 51.3451, 53.5511, 45.4383, 48.2787, 40.4395, 45.1208, 49.6423, 45.4615, 44.3519, 47.336, 44.9449, 44.9278, 43.9772, 53.1793, 45.5731, 50.3328, 48.7348, 44.3011, 51.0454, 38.3452, 45.2003, 50.7116, 46.1195, 45.1619, 46.8925, 44.7463, 44.9974, 43.8366, 34.6892, 45.966, 35.835, 28.6241, 27.8178, 24.9753, 19.0925, 22.4965, 24.4104, 17.1953, 22.591, 20.16, 14.1817, 33.2166, 20.8192, 24.3186, 28.417, 22.5717, 16.6634, 15.7216, 21.155, 23.0109, 31.1693, 20.1977, 25.7864, 23.8164, 20.2948, 27.6402, 21.7284, 24.6092, 22.2042, 18.9893, 21.0903, 28.2863, 17.8576, 18.8933], [4.4904, 3.175, 8.3566, 6.7474, 10.2259, 0.0, 9.7593, 2.5384, 7.5474, 6.0017, 9.9479, 11.3245, 2.532, 1.7098, 3.4146, 10.4567, 4.4543, 3.1734, 4.3439, 6.37, 4.0162, 2.7837, 4.962, 8.1769, 4.3397, 6.9034, 2.0929, 0.9139, 11.1631, 6.1847, 7.367, 15.2804, 5.7255, 4.8072, 32.6257, 39.4835, 42.073, 44.8209, 36.1661, 38.5037, 30.7515, 36.6736, 40.3839, 35.4069, 36.2395, 37.955, 34.9813, 34.9511, 34.4195, 44.0546, 36.3321, 41.0626, 39.6342, 35.249, 42.4393, 28.376, 36.0508, 41.5357, 37.2129, 35.4252, 37.5959, 35.0147, 36.3695, 35.491, 26.8838, 36.5728, 27.2887, 38.5672, 36.7764, 35.0345, 27.188, 32.6937, 33.3353, 27.2552, 32.4305, 28.0513, 23.1267, 40.2946, 29.7702, 33.9279, 37.0927, 32.2333, 26.8357, 25.3507, 29.3791, 31.7688, 40.1191, 25.6125, 35.1761, 32.0474, 29.4522, 36.095, 30.8016, 32.1434, 31.2252, 27.3496, 30.1972, 38.2816, 25.7553, 27.6216], [5.6377, 11.5904, 8.5847, 11.573, 19.8135, 9.7593, 0.0, 7.7801, 15.4122, 8.1153, 17.8793, 3.8501, 11.3187, 9.58, 7.9641, 15.1208, 7.197, 8.1764, 7.8844, 5.9813, 8.7447, 8.6847, 7.5024, 17.5897, 7.8442, 16.6616, 9.8993, 9.2802, 9.5413, 15.138, 7.4713, 9.5448, 14.6238, 13.6579, 27.2718, 32.4622, 35.5329, 39.2175, 29.8105, 30.9254, 23.6368, 31.8681, 33.918, 27.0719, 32.0248, 31.3067, 26.9537, 26.8832, 27.4899, 37.7522, 30.0359, 34.5535, 33.5057, 29.3828, 37.1252, 20.5167, 29.9542, 35.2017, 31.5473, 28.0221, 31.1382, 27.6362, 31.2576, 30.9219, 23.8901, 29.9432, 22.9279, 48.3125, 46.4258, 44.7476, 36.6873, 42.3024, 42.9899, 36.9632, 42.1856, 37.4837, 32.8342, 49.2736, 39.4451, 43.6837, 46.6698, 41.9919, 36.4769, 35.11, 38.8881, 41.3934, 49.7558, 34.2371, 44.9093, 41.5329, 39.1638, 45.6152, 40.4948, 41.4066, 40.9074, 36.9134, 39.8983, 48.0161, 35.2225, 37.2646], [2.1768, 3.8553, 8.7233, 8.3389, 12.6554, 2.5384, 7.7801, 0.0, 8.0284, 6.5119, 12.4084, 10.008, 4.9614, 3.5677, 4.0029, 12.2609, 4.6089, 3.9031, 2.0942, 3.836, 5.0195, 1.2066, 5.2827, 10.6785, 2.0744, 9.1467, 4.0475, 1.7274, 8.8193, 8.7192, 7.5011, 14.6523, 6.8852, 7.3224, 30.1859, 36.9555, 39.5675, 42.3847, 33.6641, 35.9654, 28.2163, 34.2959, 37.8808, 32.8882, 33.9248, 35.4404, 32.4497, 32.4207, 31.8911, 41.5649, 33.8337, 38.5578, 37.1507, 32.7763, 40.0252, 25.8438, 33.564, 39.0414, 34.7588, 32.8877, 35.0902, 32.4773, 33.9611, 33.1343, 24.6728, 34.0577, 24.9188, 40.777, 38.6569, 37.3041, 28.9085, 35.0547, 35.2234, 29.5398, 34.6113, 29.7119, 25.1011, 41.6412, 31.6876, 36.0225, 38.8901, 34.3514, 29.1825, 27.4894, 31.1089, 33.6199, 41.9832, 26.7271, 37.1945, 33.7559, 31.4292, 37.836, 32.7464, 33.6725, 33.1527, 29.1338, 32.1552, 40.5155, 27.4458, 29.4966], [9.9016, 4.4188, 15.9029, 13.7284, 10.3844, 7.5474, 15.4122, 8.0284, 0.0, 13.548, 13.8975, 18.0179, 8.8226, 9.1323, 10.9518, 16.8315, 11.9472, 10.7178, 7.5407, 9.7886, 11.5316, 6.8954, 12.4949, 9.8284, 7.5797, 6.8019, 9.3705, 7.2752, 11.336, 9.9387, 14.8987, 22.5948, 2.4859, 9.4955, 31.6816, 39.7527, 41.7798, 43.5779, 35.9276, 39.3875, 31.5166, 35.0547, 40.0781, 37.2699, 34.1599, 37.9163, 36.4972, 36.5144, 34.8088, 43.4725, 36.0311, 40.7739, 39.0413, 34.6094, 41.0201, 30.0369, 35.5799, 41.0648, 36.3038, 36.2444, 37.3906, 35.8263, 35.0215, 33.7348, 24.4679, 36.5741, 25.9089, 35.1604, 31.8813, 32.0517, 21.8625, 30.4268, 28.5085, 24.5605, 28.9599, 22.5228, 18.8743, 33.8881, 25.1115, 29.9792, 31.9013, 28.4313, 24.6182, 21.8285, 24.0504, 26.8253, 35.1333, 18.8252, 30.8557, 26.6174, 25.0454, 30.728, 26.2356, 26.2002, 26.5824, 22.237, 25.6965, 35.0211, 20.3578, 22.8372], [6.3922, 9.1653, 2.3549, 3.4783, 13.4296, 6.0017, 8.1153, 6.5119, 13.548, 0.0, 10.122, 7.4441, 5.4972, 4.4764, 2.6419, 7.0864, 1.9281, 2.8484, 8.4403, 8.9392, 2.0868, 7.6282, 1.2396, 11.0497, 8.4087, 11.3279, 4.3608, 6.4021, 14.3547, 8.3399, 1.5722, 9.7961, 11.6097, 7.0467, 34.6939, 40.4391, 43.4017, 46.8061, 37.6015, 38.9981, 31.5985, 39.1048, 41.7604, 35.1852, 39.0032, 39.1885, 35.0638, 34.9952, 35.4268, 45.5618, 37.8101, 42.4103, 41.2452, 37.0116, 44.5983, 28.6006, 37.6645, 43.0111, 39.119, 36.0608, 38.9662, 35.6693, 38.616, 38.0495, 30.1662, 37.8139, 29.8701, 41.9335, 41.1467, 38.1898, 31.9829, 35.4235, 37.718, 30.4605, 35.9745, 32.9432, 27.4394, 45.572, 34.1217, 37.7461, 41.6451, 35.996, 29.7447, 29.1511, 34.1328, 36.2509, 44.5032, 31.2114, 39.2077, 36.8158, 33.6597, 40.7692, 35.0742, 37.2118, 35.5356, 32.0209, 34.4438, 41.5543, 30.621, 32.0981], [13.9506, 11.5123, 11.1298, 6.8319, 6.0232, 9.9479, 17.8793, 12.4084, 13.8975, 10.122, 0.0, 17.5475, 7.4479, 8.9784, 9.9979, 5.8981, 10.6823, 9.8282, 14.289, 16.213, 9.1365, 12.7, 10.4222, 4.5816, 14.2859, 7.4457, 8.524, 10.8566, 21.0981, 4.1138, 11.4057, 18.675, 11.4405, 5.1976, 42.5733, 49.2872, 51.9614, 54.7688, 46.063, 48.1624, 40.5003, 46.6036, 50.2779, 44.7444, 46.121, 47.8193, 44.4626, 44.4149, 44.2243, 53.9715, 46.2358, 50.9528, 49.5589, 45.1837, 52.3843, 37.8896, 45.9718, 51.4459, 47.1576, 45.1237, 47.4847, 44.7182, 46.3133, 45.4079, 36.6689, 46.4359, 37.2179, 32.5014, 32.8522, 28.6396, 24.7204, 25.6345, 29.5222, 21.0842, 26.7864, 25.8397, 19.5392, 38.9935, 25.9841, 28.8081, 33.626, 27.0329, 20.1526, 20.4342, 26.6965, 28.2542, 36.1657, 26.2207, 30.4918, 29.3129, 25.3215, 32.9801, 26.7869, 30.3378, 27.2907, 24.5141, 26.1375, 32.0529, 23.5747, 24.2388], [8.1762, 13.8227, 6.8014, 10.7673, 20.5947, 11.3245, 3.8501, 10.008, 18.0179, 7.4441, 17.5475, 0.0, 12.1515, 10.5654, 8.5406, 13.651, 7.4792, 8.8089, 10.7636, 9.3535, 8.9033, 11.1227, 7.4331, 18.2462, 10.7214, 17.9515, 10.7338, 11.1282, 13.3795, 15.5917, 6.1746, 5.6951, 16.806, 14.1905, 30.3587, 34.849, 38.0992, 42.0986, 32.52, 33.0439, 26.1249, 35.0521, 36.5324, 28.7583, 35.3511, 33.8764, 28.8601, 28.7639, 29.9915, 40.3933, 32.7654, 37.1431, 36.2563, 32.2774, 40.1158, 22.6779, 32.7597, 37.8552, 34.482, 30.2809, 33.7894, 29.9146, 34.3646, 34.1756, 27.5194, 32.5394, 26.3313, 49.2088, 47.9798, 45.5129, 38.4946, 42.8199, 44.5385, 37.7542, 43.1842, 39.3707, 34.2785, 51.5642, 40.9551, 44.8576, 48.3561, 43.1262, 37.1008, 36.2468, 40.6809, 43.0042, 51.3316, 36.723, 46.226, 43.354, 40.5755, 47.3873, 41.9563, 43.4644, 42.3965, 38.6318, 41.3395, 48.8542, 37.0705, 38.8479], [6.6287, 4.9459, 7.7025, 4.9059, 8.5357, 2.532, 11.3187, 4.9614, 8.8226, 5.4972, 7.4479, 12.1515, 0.0, 1.7448, 3.611, 8.2461, 4.6882, 3.3443, 6.8688, 8.7785, 3.4653, 5.315, 4.884, 6.2726, 6.8631, 5.8878, 1.4398, 3.4456, 13.6904, 3.9039, 7.0566, 15.2778, 6.5539, 2.434, 35.1325, 41.8883, 44.5251, 47.3298, 38.6233, 40.8397, 33.1266, 39.1998, 42.8395, 37.6068, 38.7715, 40.3923, 37.2394, 37.2019, 36.8238, 46.5262, 38.7939, 43.5158, 42.1119, 37.7358, 44.9567, 30.6423, 38.5254, 44.0023, 39.7123, 37.7781, 40.0479, 37.3698, 38.8884, 38.0203, 29.4095, 39.0092, 29.8156, 37.1426, 35.8758, 33.5105, 26.5612, 30.9935, 32.4374, 25.7291, 31.0746, 27.4995, 22.162, 40.0774, 28.8466, 32.7114, 36.3086, 30.9845, 25.1845, 24.1011, 28.725, 30.9316, 39.2311, 25.7497, 34.0757, 31.4072, 28.4407, 35.3922, 29.8318, 31.7378, 30.2791, 26.6333, 29.2105, 36.8151, 25.1804, 26.7733], [4.9793, 4.8367, 6.816, 5.0602, 10.2496, 1.7098, 9.58, 3.5677, 9.1323, 4.4764, 8.9784, 10.5654, 1.7448, 0.0, 2.1066, 8.8443, 3.2235, 1.8316, 5.6189, 7.269, 2.411, 4.2188, 3.5845, 8.0099, 5.6052, 7.3863, 0.4798, 2.4432, 12.3868, 5.6323, 5.9411, 14.0517, 7.1338, 4.1517, 33.7094, 40.3089, 42.9969, 45.9078, 37.1045, 39.2084, 31.5256, 37.8513, 41.3165, 35.9135, 37.4919, 38.8472, 35.5683, 35.5278, 35.246, 45.0257, 37.2814, 41.9894, 40.623, 36.2655, 43.5636, 28.9776, 37.0328, 42.4948, 38.2683, 36.1589, 38.5214, 35.7522, 37.5038, 36.6957, 28.2304, 37.4637, 28.4782, 38.8304, 37.4154, 35.2167, 27.9921, 32.7253, 33.9743, 27.4331, 32.745, 28.9007, 23.7131, 41.3389, 30.39, 34.3472, 37.807, 32.6282, 26.9087, 25.7408, 30.1688, 32.4462, 40.7679, 26.822, 35.6789, 32.8476, 30.013, 36.8595, 31.3914, 33.0802, 31.8311, 28.0994, 30.7753, 38.5113, 26.5887, 28.2887], [4.438, 6.5486, 4.9807, 4.5551, 12.1033, 3.4146, 7.9641, 4.0029, 10.9518, 2.6419, 9.9979, 8.5406, 3.611, 2.1066, 0.0, 8.529, 1.1169, 0.2759, 6.0367, 6.9985, 1.0996, 5.0529, 1.5476, 9.7897, 6.0098, 9.4459, 2.2008, 3.7612, 12.3884, 7.2263, 3.9524, 11.9632, 9.1109, 5.7652, 33.3023, 39.5183, 42.3333, 45.4777, 36.474, 38.2683, 30.6927, 37.5835, 40.6684, 34.7533, 37.3532, 38.1487, 34.4985, 34.4463, 34.4691, 44.4247, 36.6658, 41.3317, 40.056, 35.7494, 43.1963, 27.945, 36.4645, 41.8815, 37.8052, 35.2616, 37.8693, 34.8607, 37.1657, 36.476, 28.2967, 36.7669, 28.2606, 40.7261, 39.4672, 37.0712, 30.084, 34.4904, 36.0274, 29.2955, 34.6723, 30.9988, 25.7571, 43.4444, 32.4391, 36.3212, 39.8786, 34.593, 28.7103, 27.7107, 32.2578, 34.5103, 42.8214, 28.9007, 37.6858, 34.9377, 32.044, 38.9423, 33.4309, 35.1854, 33.8754, 30.1817, 32.8114, 40.3892, 28.6852, 30.352], [12.961, 13.1918, 6.8527, 3.9742, 11.596, 10.4567, 15.1208, 12.2609, 16.8315, 7.0864, 5.8981, 13.651, 8.2461, 8.8443, 8.529, 0.0, 8.5877, 8.5211, 14.355, 15.5274, 7.4294, 13.0533, 8.016, 9.6023, 14.3352, 11.6891, 8.3963, 11.2774, 20.9092, 7.5613, 7.7065, 13.4562, 14.4025, 7.4336, 41.7057, 47.5203, 50.4873, 53.8458, 44.682, 46.0445, 38.6806, 46.055, 48.8446, 42.1202, 45.8668, 46.2747, 42.0595, 41.9843, 42.5117, 52.6425, 44.8885, 49.4954, 48.3178, 44.0674, 51.6099, 35.6373, 44.7342, 50.0923, 46.1609, 43.1254, 46.0497, 42.736, 45.6036, 44.9672, 36.8206, 44.8999, 36.7599, 38.1293, 38.7412, 34.2192, 30.5649, 31.05, 35.4177, 26.7949, 32.5366, 31.6684, 25.4263, 44.7851, 31.882, 34.6192, 39.5238, 32.8437, 25.762, 26.3067, 32.5641, 34.1521, 42.0492, 31.6093, 36.3404, 35.1906, 31.2146, 38.8757, 32.6809, 36.1502, 33.1859, 30.3831, 32.0312, 37.6457, 29.3868, 30.1309], [4.5204, 7.5298, 4.127, 4.6838, 13.1243, 4.4543, 7.197, 4.6089, 11.9472, 1.9281, 10.6823, 7.4792, 4.6882, 3.2235, 1.1169, 8.5877, 0.0, 1.3924, 6.5131, 7.091, 1.5519, 5.7517, 0.6891, 10.7891, 6.4813, 10.5483, 3.3025, 4.6904, 12.5159, 8.1752, 2.9748, 10.8617, 10.1752, 6.7404, 33.1209, 39.1218, 42.0028, 45.27, 36.1676, 37.7916, 30.2844, 37.4708, 40.3478, 34.1595, 37.3098, 37.8035, 33.9548, 33.8962, 34.0858, 44.1261, 36.3672, 41.0054, 39.7798, 35.5059, 43.0243, 27.4312, 36.1918, 41.5785, 37.5875, 34.8116, 37.5497, 34.4144, 37.0159, 36.3906, 28.3774, 36.4242, 28.1905, 41.7468, 40.5611, 38.073, 31.1958, 35.4506, 37.122, 30.3036, 35.709, 32.113, 26.8486, 44.56, 33.5323, 37.3794, 40.9813, 35.6472, 29.6904, 28.7687, 33.3683, 35.6099, 43.9159, 30.0016, 38.7592, 36.0486, 33.1289, 40.05, 34.5196, 36.3021, 34.9662, 31.2895, 33.8987, 41.4015, 29.7989, 31.4515], [4.4764, 6.322, 5.1976, 4.5491, 11.8474, 3.1734, 8.1764, 3.9031, 10.7178, 2.8484, 9.8282, 8.8089, 3.3443, 1.8316, 0.2759, 8.5211, 1.3924, 0.0, 5.9607, 7.0188, 1.1235, 4.918, 1.7979, 9.5397, 5.9353, 9.1719, 1.9282, 3.5592, 12.3881, 6.9907, 4.198, 12.2328, 8.8557, 5.5243, 33.3682, 39.6351, 42.434, 45.5485, 36.5695, 38.4041, 30.8134, 37.632, 40.7669, 34.917, 37.3849, 38.2533, 34.6505, 34.5998, 34.5833, 44.5175, 36.7594, 41.4315, 40.1439, 35.83, 43.2587, 28.091, 36.552, 41.9756, 37.8792, 35.3915, 37.9679, 34.9898, 37.2234, 36.5181, 28.2994, 36.8711, 28.3005, 40.4687, 39.1945, 36.818, 29.8084, 34.2468, 35.7545, 29.0411, 34.4114, 30.7229, 25.4848, 43.1701, 32.1665, 36.0556, 39.6042, 34.3283, 28.4624, 27.4453, 31.9823, 34.2365, 42.5485, 28.6322, 37.4171, 34.6622, 31.7729, 38.6672, 33.1591, 34.9097, 33.6032, 29.9066, 32.54, 40.1337, 28.4094, 30.0782], [2.6448, 4.1952, 10.5503, 10.4306, 13.9365, 4.3439, 7.8844, 2.0942, 7.5407, 8.4403, 14.289, 10.7636, 6.8688, 5.6189, 6.0367, 14.355, 6.5131, 5.9607, 0.0, 2.4887, 7.0832, 1.6217, 7.2008, 12.146, 0.0423, 10.2163, 6.0963, 3.4327, 6.8218, 10.4456, 9.2714, 15.8416, 7.0628, 9.1241, 28.2886, 35.272, 37.7947, 40.4817, 31.883, 34.3983, 26.5949, 32.3312, 36.1016, 31.5328, 31.9144, 33.6981, 31.0094, 30.9915, 30.2127, 39.7517, 32.0431, 36.7831, 35.3251, 30.9305, 38.096, 24.4088, 31.746, 37.2393, 32.8814, 31.297, 33.3191, 30.8836, 32.0259, 31.1524, 22.6135, 32.3178, 22.9469, 41.5585, 39.0116, 38.185, 29.1183, 36.0969, 35.5968, 30.4645, 35.3638, 29.8539, 25.6208, 41.4261, 32.1078, 36.6517, 39.1484, 35.0168, 30.2132, 28.2071, 31.3187, 33.9555, 42.3105, 26.359, 37.7213, 33.9321, 31.9221, 38.0344, 33.1954, 33.6618, 33.5797, 29.4121, 32.6224, 41.334, 27.6313, 29.8761], [2.5787, 6.6838, 10.7134, 11.5536, 16.3235, 6.37, 5.9813, 3.836, 9.7886, 8.9392, 16.213, 9.3535, 8.7785, 7.269, 6.9985, 15.5274, 7.091, 7.0188, 2.4887, 0.0, 8.098, 3.9625, 7.7537, 14.4437, 2.4628, 12.6572, 7.7409, 5.5179, 5.425, 12.5541, 9.3762, 14.8025, 9.5237, 11.157, 26.4516, 33.1202, 35.749, 38.6481, 29.85, 32.1393, 24.3815, 30.6461, 34.0649, 29.1425, 30.3689, 31.6138, 28.663, 28.6388, 28.0557, 37.7628, 30.0234, 34.7402, 33.3564, 28.9965, 36.3193, 22.057, 29.767, 35.2347, 31.0022, 29.0569, 31.2721, 28.6461, 30.2676, 29.5169, 21.3094, 30.2308, 21.2965, 44.0472, 41.4482, 40.6706, 31.5228, 38.5633, 38.0392, 32.9458, 37.8523, 32.2364, 28.0938, 43.6424, 34.5616, 39.1337, 41.5597, 37.5018, 32.6803, 30.6952, 33.7211, 36.39, 44.739, 28.5155, 40.1912, 36.3219, 34.3887, 40.4284, 35.6542, 35.9831, 36.0341, 31.8354, 35.0846, 43.8223, 30.03, 32.3229], [5.5354, 7.1907, 4.4083, 3.4556, 11.702, 4.0162, 8.7447, 5.0195, 11.5316, 2.0868, 9.1365, 8.9033, 3.4653, 2.411, 1.0996, 7.4294, 1.5519, 1.1235, 7.0832, 8.098, 0.0, 6.0066, 1.4764, 9.3452, 7.058, 9.3439, 2.274, 4.5381, 13.4867, 6.6917, 3.6113, 11.8179, 9.5399, 5.2898, 34.3808, 40.5351, 43.3741, 46.5517, 37.5219, 39.2499, 31.7039, 38.6733, 41.7122, 35.67, 38.45, 39.1842, 35.4449, 35.3891, 35.4905, 45.4756, 37.7161, 42.3738, 41.113, 36.8146, 44.2772, 28.9068, 37.5222, 42.9309, 38.8766, 36.2554, 38.9133, 35.8561, 38.2501, 37.569, 29.3958, 37.8032, 29.3547, 40.3065, 39.278, 36.6114, 30.0182, 33.9529, 35.843, 28.8509, 34.2925, 30.9618, 25.5628, 43.5333, 32.2488, 36.0002, 39.7378, 34.2606, 28.2097, 27.3922, 32.1782, 34.3531, 42.6344, 29.1314, 37.4134, 34.8609, 31.8175, 38.8362, 33.2198, 35.2029, 33.6736, 30.0797, 32.5942, 39.9509, 28.6419, 30.196], [3.0592, 2.9273, 9.8774, 9.1986, 12.3672, 2.7837, 8.6847, 1.2066, 6.8954, 7.6282, 12.7, 11.1227, 5.315, 4.2188, 5.0529, 13.0533, 5.7517, 4.918, 1.6217, 3.9625, 6.0066, 0.0, 6.4129, 10.5375, 1.6271, 8.6993, 4.6826, 1.8723, 8.3981, 8.8285, 8.6759, 15.8476, 5.9466, 7.5213, 29.8909, 36.8923, 39.4154, 42.0808, 33.5034, 36.0062, 28.2093, 33.9058, 37.7219, 33.0944, 33.4582, 35.3198, 32.5924, 32.5719, 31.8325, 41.369, 33.6629, 38.4037, 36.9411, 32.5438, 39.6862, 25.9888, 33.3633, 38.8578, 34.4882, 32.9081, 34.94, 32.495, 33.6144, 32.7172, 24.1028, 33.9395, 24.5201, 40.1874, 37.8551, 36.7698, 28.0403, 34.6174, 34.4286, 29.0283, 34.0039, 28.8169, 24.3686, 40.6244, 30.9124, 35.3505, 38.0467, 33.6975, 28.7358, 26.8597, 30.242, 32.8076, 41.1703, 25.659, 36.472, 32.8766, 30.6879, 36.9674, 31.985, 32.7219, 32.3813, 28.2943, 31.4021, 39.9465, 26.5667, 28.7017], [5.1903, 8.0864, 3.4834, 4.174, 13.1782, 4.962, 7.5024, 5.2827, 12.4949, 1.2396, 10.4222, 7.4331, 4.884, 3.5845, 1.5476, 8.016, 0.6891, 1.7979, 7.2008, 7.7537, 1.4764, 6.4129, 0.0, 10.8199, 7.1692, 10.7717, 3.578, 5.2735, 13.1771, 8.1586, 2.4053, 10.4723, 10.6536, 6.7651, 33.6924, 39.6041, 42.5142, 45.8298, 36.6907, 38.2345, 30.764, 38.0641, 40.8638, 34.5373, 37.9236, 38.3095, 34.3622, 34.3001, 34.5757, 44.6507, 36.8934, 41.5188, 40.3144, 36.0541, 43.5972, 27.8583, 36.7285, 42.1018, 38.1451, 35.2691, 38.0668, 34.8738, 37.5974, 36.9924, 29.0233, 36.9317, 28.7987, 41.7796, 40.738, 38.0797, 31.4438, 35.405, 37.3019, 30.3219, 35.7685, 32.3772, 27.0225, 44.8943, 33.7086, 37.476, 41.1869, 35.7368, 29.6715, 28.8677, 33.6087, 35.8057, 44.0942, 30.4065, 38.8858, 36.2908, 33.2837, 40.2756, 34.6835, 36.5969, 35.1357, 31.517, 34.0589, 41.422, 30.0593, 31.648], [12.6552, 8.4959, 12.7967, 8.674, 2.3816, 8.1769, 17.5897, 10.6785, 9.8284, 11.0497, 4.5816, 18.2462, 6.2726, 8.0099, 9.7897, 9.6023, 10.7891, 9.5397, 12.146, 14.4437, 9.3452, 10.5375, 10.8199, 0.0, 12.1558, 3.0564, 7.7027, 8.9539, 18.6492, 2.7175, 12.5852, 20.6383, 7.5081, 4.0558, 40.1063, 47.3917, 49.8303, 52.2375, 43.9165, 46.5433, 38.739, 43.8874, 48.131, 43.5651, 43.2225, 45.7737, 43.1065, 43.0816, 42.3379, 51.7231, 44.0635, 48.8177, 47.2824, 42.8598, 49.7706, 36.5004, 43.7247, 49.2333, 44.7332, 43.443, 45.3632, 43.0295, 43.7044, 42.6328, 33.6174, 44.3972, 34.5439, 30.9628, 30.1854, 27.285, 21.3563, 24.7225, 26.7731, 19.5146, 24.9515, 22.4005, 16.5275, 35.3859, 23.1797, 26.6967, 30.7652, 24.9479, 18.924, 18.1021, 23.4431, 25.3592, 33.5382, 22.0094, 28.168, 26.1128, 22.6676, 29.9678, 24.0979, 26.8174, 24.571, 21.2867, 23.4612, 30.6129, 20.0872, 21.2311], [2.603, 4.2211, 10.5157, 10.409, 13.9513, 4.3397, 7.8442, 2.0744, 7.5797, 8.4087, 14.2859, 10.7214, 6.8631, 5.6052, 6.0098, 14.3352, 6.4813, 5.9353, 0.0423, 2.4628, 7.058, 1.6271, 7.1692, 12.1558, 0.0, 10.2347, 6.0828, 3.4293, 6.8281, 10.4476, 9.236, 15.7998, 7.0943, 9.1232, 28.2905, 35.2654, 37.7913, 40.4841, 31.8799, 34.3879, 26.5859, 32.3367, 36.0984, 31.5165, 31.923, 33.6936, 30.9954, 30.9771, 30.2058, 39.75, 32.0404, 36.7798, 35.3238, 30.93, 38.0997, 24.3943, 31.7444, 37.2371, 32.8825, 31.2873, 33.3157, 30.8739, 32.0298, 31.159, 22.6262, 32.3131, 22.9527, 41.5847, 39.0441, 38.2094, 29.1524, 36.1182, 35.629, 30.4879, 35.3904, 29.8888, 25.6506, 41.4647, 32.1393, 36.6802, 39.1821, 35.0448, 30.2345, 28.234, 31.3529, 33.9882, 42.3434, 26.3986, 37.7514, 33.9668, 31.9526, 38.0689, 33.2266, 33.6985, 33.6111, 29.4454, 32.6533, 41.3596, 27.6657, 29.9081], [11.2867, 6.1747, 13.4117, 9.79, 3.8801, 6.9034, 16.6616, 9.1467, 6.8019, 11.3279, 7.4457, 17.9515, 5.8878, 7.3863, 9.4459, 11.6891, 10.5483, 9.1719, 10.2163, 12.6572, 9.3439, 8.6993, 10.7717, 3.0564, 10.2347, 0.0, 7.2466, 7.4685, 16.3181, 4.1278, 12.899, 21.1237, 4.5745, 4.6347, 37.606, 45.1574, 47.469, 49.6787, 41.5635, 44.4592, 36.6091, 41.2605, 45.766, 41.7386, 40.5169, 43.4665, 41.1815, 41.1694, 40.1254, 49.2995, 41.6969, 46.4568, 44.855, 40.4211, 47.1784, 34.591, 41.3216, 46.8327, 42.2404, 41.3367, 43.0184, 40.9205, 41.127, 39.9823, 30.8691, 42.0978, 31.9634, 31.6694, 30.0292, 28.1635, 20.6746, 25.9267, 26.5883, 20.3945, 25.5276, 21.6201, 16.3281, 34.2866, 23.0037, 27.0372, 30.4332, 25.3363, 20.0484, 18.4511, 22.8372, 25.0648, 33.3819, 20.2596, 28.321, 25.5195, 22.6339, 29.5065, 24.0073, 25.8867, 24.4455, 20.7468, 23.3929, 31.3918, 19.2994, 20.9067], [5.427, 5.1424, 6.6693, 4.6547, 9.975, 2.0929, 9.8993, 4.0475, 9.3705, 4.3608, 8.524, 10.7338, 1.4398, 0.4798, 2.2008, 8.3963, 3.3025, 1.9282, 6.0963, 7.7409, 2.274, 4.6826, 3.578, 7.7027, 6.0828, 7.2466, 0.0, 2.8813, 12.8666, 5.2604, 5.8718, 14.0434, 7.296, 3.7763, 34.1847, 40.7643, 43.4611, 46.3829, 37.5702, 39.6507, 31.9766, 38.33, 41.7815, 36.3304, 37.9716, 39.3089, 35.9964, 35.9545, 35.7019, 45.4935, 37.7479, 42.4539, 41.0923, 36.7369, 44.0404, 29.4088, 37.5018, 42.9619, 38.7418, 36.605, 38.9859, 36.1987, 37.9811, 37.1749, 28.7086, 37.9255, 28.9573, 38.5818, 37.2665, 34.95, 27.8963, 32.4251, 33.8266, 27.1688, 32.5113, 28.8185, 23.5566, 41.3165, 30.2384, 34.1394, 37.6798, 32.4149, 26.6204, 25.53, 30.0674, 32.3102, 40.6207, 26.8658, 35.4928, 32.7481, 29.8452, 36.7477, 31.2309, 33.024, 31.675, 27.9871, 30.6119, 38.2548, 26.5029, 28.1518], [3.8195, 2.8597, 8.74, 7.4983, 10.9318, 0.9139, 9.2802, 1.7274, 7.2752, 6.4021, 10.8566, 11.1282, 3.4456, 2.4432, 3.7612, 11.2774, 4.6904, 3.5592, 3.4327, 5.5179, 4.5381, 1.8723, 5.2735, 8.9539, 3.4293, 7.4685, 2.8813, 0.0, 10.2501, 7.0574, 7.6606, 15.3593, 5.7046, 5.7023, 31.7186, 38.6117, 41.1842, 43.9129, 35.2757, 37.657, 29.8918, 35.7606, 39.4939, 34.6113, 35.3258, 37.0717, 34.1641, 34.1366, 33.5484, 43.159, 35.4401, 40.1734, 38.7366, 34.3484, 41.5287, 27.5578, 35.1544, 40.6419, 36.308, 34.5728, 36.7073, 34.1615, 35.4585, 34.5773, 25.9748, 35.6898, 26.3755, 39.1286, 37.1611, 35.6318, 27.4916, 33.3508, 33.7229, 27.8607, 32.9741, 28.3272, 23.5541, 40.4364, 30.1712, 34.4233, 37.4369, 32.7412, 27.4823, 25.8684, 29.6882, 32.1375, 40.4965, 25.6493, 35.6308, 32.3476, 29.8837, 36.412, 31.2169, 32.3616, 31.6319, 27.6837, 30.6192, 38.8574, 26.0439, 28.0005], [8.0009, 10.1882, 16.0402, 16.9366, 20.1822, 11.1631, 9.5413, 8.8193, 11.336, 14.3547, 21.0981, 13.3795, 13.6904, 12.3868, 12.3884, 20.9092, 12.5159, 12.3881, 6.8218, 5.425, 13.4867, 8.3981, 13.1771, 18.6492, 6.8281, 16.3181, 12.8666, 10.2501, 0.0, 17.1897, 14.7019, 19.0701, 12.2237, 15.9154, 21.5157, 28.8411, 31.1869, 33.6955, 25.2745, 28.2305, 20.3577, 25.5105, 29.4863, 25.9357, 25.1059, 27.1558, 25.1896, 25.2011, 23.8161, 33.0759, 25.4176, 30.1742, 28.6368, 24.2196, 31.2902, 18.7035, 25.0758, 30.5841, 26.1265, 25.0943, 26.7246, 24.6766, 25.2178, 24.3309, 15.9116, 25.7845, 16.1256, 46.4959, 42.9458, 43.3709, 32.8549, 41.6365, 39.6259, 35.8219, 40.2959, 33.3975, 30.189, 43.7456, 36.3093, 41.2869, 42.831, 39.7559, 35.7845, 33.162, 35.0064, 37.9156, 46.1343, 28.5742, 42.1, 37.481, 36.3025, 41.5745, 37.4491, 36.709, 37.7731, 33.3158, 36.9294, 46.3565, 31.3425, 34.0203], [10.5145, 7.4114, 10.0872, 6.0313, 5.0988, 6.1847, 15.138, 8.7192, 9.9387, 8.3399, 4.1138, 15.5917, 3.9039, 5.6323, 7.2263, 7.5613, 8.1752, 6.9907, 10.4456, 12.5541, 6.6917, 8.8285, 8.1586, 2.7175, 10.4476, 4.1278, 5.2604, 7.0574, 17.1897, 0.0, 9.87, 17.9281, 7.4559, 1.4841, 38.7035, 45.667, 48.2357, 50.885, 42.3254, 44.6793, 36.9354, 42.652, 46.5439, 41.5013, 42.1159, 44.128, 41.1177, 41.0827, 40.6032, 50.1972, 42.4872, 47.2245, 45.7696, 41.3714, 48.4701, 34.5167, 42.1915, 47.6847, 43.3079, 41.6054, 43.7593, 41.1954, 42.3966, 41.4374, 32.6199, 42.7464, 33.2711, 33.6283, 32.8943, 29.9212, 23.982, 27.2759, 29.4785, 22.1655, 27.6419, 25.0051, 19.2224, 37.9136, 25.8838, 29.4074, 33.4584, 27.6564, 21.5194, 20.8167, 26.0877, 28.0534, 36.2481, 24.2302, 30.8852, 28.7629, 25.3808, 32.6435, 26.8087, 29.3888, 27.2797, 23.9407, 26.1729, 33.2655, 22.6857, 23.918], [6.9521, 10.4872, 1.339, 4.5962, 14.9666, 7.367, 7.4713, 7.5011, 14.8987, 1.5722, 11.4057, 6.1746, 7.0566, 5.9411, 3.9524, 7.7065, 2.9748, 4.198, 9.2714, 9.3762, 3.6113, 8.6759, 2.4053, 12.5852, 9.236, 12.899, 5.8718, 7.6606, 14.7019, 9.87, 0.0, 8.2263, 13.0481, 8.603, 34.5, 39.932, 42.9797, 46.547, 37.2274, 38.3824, 31.1033, 38.9917, 41.3558, 34.414, 38.984, 38.7561, 34.3647, 34.2872, 34.9525, 45.1796, 37.4461, 41.9962, 40.9032, 36.7256, 44.3922, 27.9703, 37.3365, 42.6281, 38.8627, 35.4911, 38.5698, 35.106, 38.4537, 37.9759, 30.3385, 37.3888, 29.8438, 43.4218, 42.7074, 39.6606, 33.555, 36.8513, 39.2802, 31.9465, 37.484, 34.5151, 29.0028, 47.1339, 35.6837, 39.2759, 43.2124, 37.5229, 31.2025, 30.6866, 35.7047, 37.817, 46.0637, 32.7376, 40.7512, 38.3877, 35.2155, 42.3396, 36.6326, 38.7813, 37.0955, 33.5921, 36.0012, 43.0336, 32.1931, 33.665], [13.1972, 18.2093, 7.8416, 12.0848, 23.0114, 15.2804, 9.5448, 14.6523, 22.5948, 9.7961, 18.675, 5.6951, 15.2778, 14.0517, 11.9632, 13.4562, 10.8617, 12.2328, 15.8416, 14.8025, 11.8179, 15.8476, 10.4723, 20.6383, 15.7998, 21.1237, 14.0434, 15.3593, 19.0701, 17.9281, 8.2263, 0.0, 21.0015, 16.7533, 35.1471, 38.7376, 42.182, 46.5531, 36.8349, 36.6169, 30.2622, 39.9248, 40.69, 31.8608, 40.3951, 38.0047, 32.2381, 32.1116, 34.0839, 44.5528, 37.1022, 41.2639, 40.5868, 36.8196, 44.7202, 26.51, 37.1893, 42.0504, 39.0544, 34.0716, 38.0194, 33.7351, 39.1477, 39.1376, 32.9503, 36.7151, 31.5135, 51.1429, 50.8223, 47.3041, 41.7666, 44.2982, 47.4059, 39.6887, 45.3253, 42.7349, 37.1425, 55.351, 43.8106, 47.2182, 51.3718, 45.4531, 38.8163, 38.6737, 43.9093, 45.9697, 54.1759, 40.863, 48.7656, 46.5917, 43.3056, 50.5248, 44.736, 47.0075, 45.2078, 41.7876, 44.0995, 50.7108, 40.4122, 41.8256], [8.9869, 3.0356, 13.9481, 11.437, 8.3639, 5.7255, 14.6238, 6.8852, 2.4859, 11.6097, 11.4405, 16.806, 6.5539, 7.1338, 9.1109, 14.4025, 10.1752, 8.8557, 7.0628, 9.5237, 9.5399, 5.9466, 10.6536, 7.5081, 7.0943, 4.5745, 7.296, 5.7046, 12.2237, 7.4559, 13.0481, 21.0015, 0.0, 7.0274, 33.2184, 40.9967, 43.1857, 45.2351, 37.2968, 40.4535, 32.5794, 36.777, 41.4816, 38.03, 35.9889, 39.2391, 37.3615, 37.3642, 35.998, 44.9603, 37.4177, 42.1752, 40.5178, 36.0805, 42.7137, 30.8203, 37.0103, 42.5159, 37.8526, 37.3163, 38.7569, 36.8984, 36.6768, 35.4851, 26.3255, 37.8803, 27.5219, 34.6207, 31.9548, 31.3399, 22.1001, 29.4552, 28.5369, 23.6956, 28.4153, 22.8705, 18.5735, 34.7717, 25.045, 29.6311, 32.1159, 28.0152, 23.588, 21.2509, 24.3018, 26.9008, 35.2594, 19.9447, 30.6681, 26.9324, 24.865, 31.0257, 26.1334, 26.7912, 26.5169, 22.3692, 25.5619, 34.4255, 20.6233, 22.8147], [9.0601, 6.4292, 8.9405, 5.1556, 6.4152, 4.8072, 13.6579, 7.3224, 9.4955, 7.0467, 5.1976, 14.1905, 2.434, 4.1517, 5.7652, 7.4336, 6.7404, 5.5243, 9.1241, 11.157, 5.2898, 7.5213, 6.7651, 4.0558, 9.1232, 4.6347, 3.7763, 5.7023, 15.9154, 1.4841, 8.603, 16.7533, 7.0274, 0.0, 37.4112, 44.2771, 46.88, 49.602, 40.9732, 43.2563, 35.5291, 41.4132, 45.191, 40.0408, 40.9235, 42.7597, 39.6701, 39.6334, 39.2126, 48.8606, 41.1392, 45.8696, 44.4389, 40.0503, 47.2055, 33.0718, 40.8563, 46.3425, 42.0055, 40.1893, 42.4028, 39.7802, 41.1331, 40.2135, 31.4796, 41.3772, 32.0279, 35.0184, 34.105, 31.3337, 25.0396, 28.7256, 30.679, 23.5672, 29.0037, 26.0333, 20.4039, 38.8353, 27.0825, 30.7272, 34.6234, 28.9834, 22.9525, 22.1236, 27.1695, 29.2241, 37.4612, 24.8937, 32.1672, 29.8504, 26.6134, 33.7719, 28.0296, 30.3696, 28.4927, 25.0397, 27.3984, 34.6665, 23.71, 25.076], [28.9063, 31.6108, 35.7318, 37.7886, 41.485, 32.6257, 27.2718, 30.1859, 31.6816, 34.6939, 42.5733, 30.3587, 35.1325, 33.7094, 33.3023, 41.7057, 33.1209, 33.3682, 28.2886, 26.4516, 34.3808, 29.8909, 33.6924, 40.1063, 28.2905, 37.606, 34.1847, 31.7186, 21.5157, 38.7035, 34.5, 35.1471, 33.2184, 37.4112, 0.0, 9.4511, 10.3253, 12.1989, 5.0535, 10.9591, 7.2385, 4.8397, 8.6762, 13.4151, 6.0062, 7.1727, 11.6308, 11.832, 6.3965, 11.8077, 4.9927, 9.3615, 7.4134, 3.1064, 9.905, 10.9973, 4.2591, 9.4775, 4.635, 8.7529, 6.3613, 8.5112, 4.0077, 4.408, 8.6991, 6.1884, 5.8554, 65.6269, 60.4693, 62.9781, 50.6262, 61.8091, 57.4757, 55.868, 59.5922, 50.8154, 49.3699, 58.0891, 54.6144, 60.0781, 59.9044, 58.768, 56.1177, 52.7401, 52.5487, 55.7376, 63.3117, 44.2359, 60.4345, 54.6235, 54.8919, 58.4544, 55.7808, 53.0127, 55.9904, 51.3214, 55.3721, 65.6314, 49.1855, 52.3605], [35.3408, 39.0074, 41.0299, 43.7781, 49.0147, 39.4835, 32.4622, 36.9555, 39.7527, 40.4391, 49.2872, 34.849, 41.8883, 40.3089, 39.5183, 47.5203, 39.1218, 39.6351, 35.272, 33.1202, 40.5351, 36.8923, 39.6041, 47.3917, 35.2654, 45.1574, 40.7643, 38.6117, 28.8411, 45.667, 39.932, 38.7376, 40.9967, 44.2771, 9.4511, 0.0, 3.8204, 9.5784, 4.3977, 3.2786, 8.8411, 10.1913, 3.1031, 8.7394, 12.5207, 2.315, 7.3744, 7.5826, 5.0646, 6.2765, 4.484, 3.2498, 4.519, 6.5026, 9.3657, 12.2358, 5.3152, 4.3114, 6.619, 4.6944, 3.2294, 5.0087, 8.9885, 11.1816, 18.1232, 3.3446, 14.9117, 74.3593, 69.5392, 71.5495, 59.6003, 70.1506, 66.4741, 64.2461, 68.2532, 59.8523, 58.0126, 67.4815, 63.5064, 68.8825, 69.0427, 67.5082, 64.3666, 61.2796, 61.5756, 64.7324, 72.4479, 53.4567, 69.3482, 63.7265, 63.7211, 67.614, 64.6732, 62.2197, 64.9084, 60.2555, 64.2378, 74.3207, 58.1363, 61.2319], [38.0637, 41.3728, 44.1175, 46.6807, 51.3451, 42.073, 35.5329, 39.5675, 41.7798, 43.4017, 51.9614, 38.0992, 44.5251, 42.9969, 42.3333, 50.4873, 42.0028, 42.434, 37.7947, 35.749, 43.3741, 39.4154, 42.5142, 49.8303, 37.7913, 47.469, 43.4611, 41.1842, 31.1869, 48.2357, 42.9797, 42.182, 43.1857, 46.88, 10.3253, 3.8204, 0.0, 5.9044, 5.9142, 6.9809, 11.9766, 9.1781, 1.704, 12.5394, 11.4217, 4.2283, 11.1941, 11.4029, 8.1158, 2.4698, 5.7721, 1.0127, 3.061, 7.2481, 6.2842, 15.6977, 6.2078, 1.1652, 6.1061, 8.3748, 4.4773, 8.6368, 8.2926, 10.4667, 18.8532, 5.591, 16.1656, 75.9449, 70.7713, 73.27, 60.9472, 72.0408, 67.7926, 66.1077, 69.8996, 61.1275, 59.6711, 68.1224, 64.9395, 70.4014, 70.1845, 69.0859, 66.3158, 63.0213, 62.8622, 66.0553, 73.5914, 54.4847, 70.7587, 64.9181, 65.2161, 68.7262, 66.1059, 63.2632, 66.3147, 61.6453, 65.6973, 75.9442, 59.5086, 62.6857], [41.0932, 43.7435, 47.7515, 49.9461, 53.5511, 44.8209, 39.2175, 42.3847, 43.5779, 46.8061, 54.7688, 42.0986, 47.3298, 45.9078, 45.4777, 53.8458, 45.27, 45.5485, 40.4817, 38.6481, 46.5517, 42.0808, 45.8298, 52.2375, 40.4841, 49.6787, 46.3829, 43.9129, 33.6955, 50.885, 46.547, 46.5531, 45.2351, 49.602, 12.1989, 9.5784, 5.9044, 0.0, 9.7754, 12.8296, 16.4307, 8.6115, 6.6018, 18.2982, 10.0889, 9.0865, 16.8334, 17.0524, 12.8266, 3.904, 9.4885, 6.3298, 6.0761, 9.8361, 2.6801, 20.4561, 9.3651, 5.2748, 7.6874, 13.7453, 8.7736, 13.9243, 8.5598, 10.0044, 19.3986, 10.1443, 17.7163, 76.7315, 71.007, 74.2941, 61.4321, 73.3566, 68.1854, 67.4076, 70.8179, 61.495, 60.6752, 67.437, 65.5367, 71.1065, 70.2783, 69.895, 67.7626, 64.1397, 63.2356, 66.4659, 73.6691, 54.5131, 71.284, 65.1242, 65.9125, 68.7809, 66.6948, 63.2439, 66.8594, 62.1946, 66.3326, 76.7937, 60.0457, 63.3319], [32.1819, 35.4614, 38.3892, 40.8497, 45.4383, 36.1661, 29.8105, 33.6641, 35.9276, 37.6015, 46.063, 32.52, 38.6233, 37.1045, 36.474, 44.682, 36.1676, 36.5695, 31.883, 29.85, 37.5219, 33.5034, 36.6907, 43.9165, 31.8799, 41.5635, 37.5702, 35.2757, 25.2745, 42.3254, 37.2274, 36.8349, 37.2968, 40.9732, 5.0535, 4.3977, 5.9142, 9.7754, 0.0, 6.2913, 6.6563, 6.6291, 4.2186, 10.1408, 8.8356, 2.136, 8.3789, 8.607, 3.2722, 7.9605, 0.3288, 4.9018, 3.7521, 2.1982, 8.3587, 10.709, 1.1322, 5.4111, 3.3219, 5.0445, 1.463, 5.0146, 5.3143, 7.3097, 13.7354, 1.2692, 10.6193, 70.2834, 65.3131, 67.5435, 55.4134, 66.2451, 62.2788, 60.3209, 64.2064, 55.6383, 53.9685, 63.112, 59.3566, 64.773, 64.7864, 63.4264, 60.4979, 57.2822, 57.3664, 60.5382, 68.1931, 49.1613, 65.1909, 59.4847, 59.5988, 63.3481, 60.5237, 57.932, 60.7478, 56.0862, 60.0998, 70.2638, 53.9589, 57.0903], [34.2296, 38.285, 39.4219, 42.3982, 48.2787, 38.5037, 30.9254, 35.9654, 39.3875, 38.9981, 48.1624, 33.0439, 40.8397, 39.2084, 38.2683, 46.0445, 37.7916, 38.4041, 34.3983, 32.1393, 39.2499, 36.0062, 38.2345, 46.5433, 34.3879, 44.4592, 39.6507, 37.657, 28.2305, 44.6793, 38.3824, 36.6169, 40.4535, 43.2563, 10.9591, 3.2786, 6.9809, 12.8296, 6.2913, 0.0, 7.8766, 12.7881, 6.3758, 5.6124, 15.0627, 4.8138, 4.5166, 4.6916, 4.9788, 9.3666, 6.5185, 6.515, 7.67, 8.4694, 12.6229, 10.4126, 7.4074, 7.5798, 9.2528, 3.143, 5.7094, 3.5611, 11.5038, 13.5815, 19.2788, 5.0221, 15.7417, 74.306, 69.8252, 71.372, 59.8078, 69.8091, 66.6885, 63.9469, 68.1548, 60.1251, 57.9309, 68.29, 63.6224, 68.9041, 69.4115, 67.4774, 63.9794, 61.1069, 61.8326, 64.9473, 72.8077, 53.9739, 69.4706, 64.0641, 63.7785, 68.0128, 64.7865, 62.694, 65.0456, 60.4212, 64.3271, 74.2312, 58.325, 61.335], [26.5498, 30.4373, 32.2132, 34.938, 40.4395, 30.7515, 23.6368, 28.2163, 31.5166, 31.5985, 40.5003, 26.1249, 33.1266, 31.5256, 30.6927, 38.6806, 30.2844, 30.8134, 26.5949, 24.3815, 31.7039, 28.2093, 30.764, 38.739, 26.5859, 36.6091, 31.9766, 29.8918, 20.3577, 36.9354, 31.1033, 30.2622, 32.5794, 35.5291, 7.2385, 8.8411, 11.9766, 16.4307, 6.6563, 7.8766, 0.0, 11.5937, 10.4374, 7.2185, 13.1771, 7.7621, 5.7223, 5.8449, 3.8676, 14.3037, 6.9495, 11.0301, 10.3798, 7.229, 14.9168, 4.1132, 7.2187, 11.7897, 9.3989, 4.7369, 7.7626, 4.319, 10.4071, 11.5343, 13.1933, 6.4536, 9.3761, 66.4827, 62.1528, 63.519, 52.1029, 61.9349, 58.9797, 56.077, 60.3212, 52.4563, 50.107, 61.0346, 55.8683, 61.108, 61.7901, 59.664, 56.1034, 53.2581, 54.1525, 57.2405, 65.1768, 46.4881, 61.7148, 56.4294, 55.9994, 60.413, 57.0303, 55.1558, 57.3, 52.694, 56.5608, 66.3978, 50.612, 53.5773], [33.1559, 35.4124, 40.2471, 42.1085, 45.1208, 36.6736, 31.8681, 34.2959, 35.0547, 39.1048, 46.6036, 35.0521, 39.1998, 37.8513, 37.5835, 46.055, 37.4708, 37.632, 32.3312, 30.6461, 38.6733, 33.9058, 38.0641, 43.8874, 32.3367, 41.2605, 38.33, 35.7606, 25.5105, 42.652, 38.9917, 39.9248, 36.777, 41.4132, 4.8397, 10.1913, 9.1781, 8.6115, 6.6291, 12.7881, 11.5937, 0.0, 7.9776, 16.6635, 2.3342, 8.0433, 14.871, 15.0944, 9.4897, 9.6545, 6.3494, 8.4916, 6.2306, 4.7386, 5.9843, 15.5789, 5.5041, 8.0476, 3.5778, 11.5971, 7.1095, 11.503, 1.3204, 1.4196, 10.7871, 7.8522, 9.3858, 68.1468, 62.5279, 65.6878, 52.8878, 64.7467, 59.6653, 58.7978, 62.218, 52.9757, 52.0674, 59.3219, 56.9746, 62.5304, 61.8399, 61.3053, 59.1606, 55.5287, 54.7163, 57.9407, 65.2382, 46.0799, 62.738, 56.6488, 57.3354, 60.3537, 58.1347, 54.8362, 58.3073, 53.6388, 57.7647, 68.2018, 51.4905, 54.7608], [36.3885, 39.6715, 42.5023, 45.0277, 49.6423, 40.3839, 33.918, 37.8808, 40.0781, 41.7604, 50.2779, 36.5324, 42.8395, 41.3165, 40.6684, 48.8446, 40.3478, 40.7669, 36.1016, 34.0649, 41.7122, 37.7219, 40.8638, 48.131, 36.0984, 45.766, 41.7815, 39.4939, 29.4863, 46.5439, 41.3558, 40.69, 41.4816, 45.191, 8.6762, 3.1031, 1.704, 6.6018, 4.2186, 6.3758, 10.4374, 7.9776, 0.0, 11.719, 10.2854, 2.6889, 10.2318, 10.4512, 6.6096, 3.8664, 4.0694, 0.6964, 1.7617, 5.5815, 6.2677, 14.2629, 4.5148, 1.3965, 4.6566, 7.1825, 2.799, 7.3923, 6.9629, 9.1803, 17.2663, 3.9933, 14.4997, 74.2749, 69.1427, 71.5878, 59.3017, 70.347, 66.1519, 64.4152, 68.2234, 59.4912, 57.9927, 66.5943, 63.2844, 68.7376, 68.5688, 67.416, 64.6187, 61.3365, 61.2248, 64.4137, 71.976, 52.8829, 69.1071, 63.2941, 63.5541, 67.1146, 64.451, 61.6612, 64.663, 59.9947, 64.0393, 74.2706, 57.8597, 61.0279], [30.9875, 35.6018, 35.358, 38.6442, 45.4615, 35.4069, 27.0719, 32.8882, 37.2699, 35.1852, 44.7444, 28.7583, 37.6068, 35.9135, 34.7533, 42.1202, 34.1595, 34.917, 31.5328, 29.1425, 35.67, 33.0944, 34.5373, 43.5651, 31.5165, 41.7386, 36.3304, 34.6113, 25.9357, 41.5013, 34.414, 31.8608, 38.03, 40.0408, 13.4151, 8.7394, 12.5394, 18.2982, 10.1408, 5.6124, 7.2185, 16.6635, 11.719, 0.0, 18.7198, 9.5609, 1.8036, 1.5898, 7.215, 14.9589, 10.4544, 11.9737, 12.7102, 11.9372, 17.7871, 7.2336, 11.2167, 13.0236, 13.4579, 5.0962, 10.2436, 5.1609, 15.3454, 17.0953, 20.387, 9.0652, 16.5783, 72.4244, 68.5271, 69.3013, 58.4358, 67.4816, 65.2864, 61.7165, 66.2277, 58.8606, 56.0911, 67.8978, 62.0732, 67.1702, 68.2552, 65.6643, 61.6077, 59.0976, 60.5305, 63.5557, 71.6198, 53.1723, 67.9005, 62.8841, 62.1311, 66.9148, 63.2261, 61.7553, 63.5235, 58.9751, 62.7294, 72.291, 56.9317, 59.7783], [32.9152, 34.7957, 40.2646, 41.9011, 44.3519, 36.2395, 32.0248, 33.9248, 34.1599, 39.0032, 46.121, 35.3511, 38.7715, 37.4919, 37.3532, 45.8668, 37.3098, 37.3849, 31.9144, 30.3689, 38.45, 33.4582, 37.9236, 43.2225, 31.923, 40.5169, 37.9716, 35.3258, 25.1059, 42.1159, 38.984, 40.3951, 35.9889, 40.9235, 6.0062, 12.5207, 11.4217, 10.0889, 8.8356, 15.0627, 13.1771, 2.3342, 10.2854, 18.7198, 0.0, 10.3526, 16.918, 17.1372, 11.5067, 11.6868, 8.5741, 10.7781, 8.5297, 6.8068, 7.4103, 17.003, 7.7034, 10.2743, 5.9026, 13.7049, 9.414, 13.5775, 3.5626, 1.6548, 9.695, 10.0837, 9.1403, 66.726, 60.9233, 64.3572, 51.3802, 63.5295, 58.1163, 57.5861, 60.8532, 51.4266, 50.7545, 57.4406, 55.5007, 61.0874, 60.1896, 59.9017, 58.007, 54.2525, 53.1669, 56.3999, 63.5802, 44.4245, 61.2312, 55.0401, 55.8967, 58.692, 56.6562, 53.1554, 56.8128, 52.1529, 56.3033, 66.8035, 50.0039, 53.308], [33.9012, 37.3426, 39.8912, 42.4784, 47.336, 37.955, 31.3067, 35.4404, 37.9163, 39.1885, 47.8193, 33.8764, 40.3923, 38.8472, 38.1487, 46.2747, 37.8035, 38.2533, 33.6981, 31.6138, 39.1842, 35.3198, 38.3095, 45.7737, 33.6936, 43.4665, 39.3089, 37.0717, 27.1558, 44.128, 38.7561, 38.0047, 39.2391, 42.7597, 7.1727, 2.315, 4.2283, 9.0865, 2.136, 4.8138, 7.7621, 8.0433, 2.6889, 9.5609, 10.3526, 0.0, 7.9348, 8.1619, 3.9216, 6.5481, 2.1832, 3.2682, 3.1694, 4.1892, 8.2453, 11.5763, 3.0004, 4.0702, 4.4739, 4.6983, 0.9437, 4.8473, 6.7942, 8.9513, 15.8649, 1.3835, 12.7465, 72.3622, 67.4321, 69.6003, 57.5226, 68.2683, 64.3903, 62.3502, 66.2759, 57.7541, 56.0363, 65.246, 61.4562, 66.8614, 66.9117, 65.5066, 62.5077, 59.3353, 59.4812, 62.6494, 70.3182, 51.293, 67.2927, 61.6069, 61.6907, 65.4752, 62.6232, 60.0628, 62.8503, 58.1908, 62.1961, 72.3369, 56.0656, 59.1874], [30.6106, 35.0203, 35.3565, 38.5008, 44.9449, 34.9813, 26.9537, 32.4497, 36.4972, 35.0638, 44.4626, 28.8601, 37.2394, 35.5683, 34.4985, 42.0595, 33.9548, 34.6505, 31.0094, 28.663, 35.4449, 32.5924, 34.3622, 43.1065, 30.9954, 41.181