[4, 20]
[[0.0, 5.61, 12.1312, 11.4695, 9.5718, 7.6654, 2.8961, 70.6826, 89.3552, 70.5439, 76.9412, 69.8758, 81.0821, 79.3466, 46.5413, 55.0061, 49.7329, 49.0545, 59.3993, 56.1611], [5.61, 0.0, 13.6305, 16.0105, 12.6167, 12.6547, 7.9075, 76.2605, 94.9649, 76.1527, 82.5498, 75.4794, 86.6888, 84.9457, 52.1392, 60.5722, 55.2285, 54.3597, 65.0036, 61.488], [12.1312, 13.6305, 0.0, 8.7607, 4.0319, 9.4767, 10.1344, 69.7389, 89.6638, 70.6852, 76.9771, 70.886, 81.775, 78.8572, 48.2934, 57.2531, 53.044, 53.865, 59.4323, 60.6639], [11.4695, 16.0105, 8.7607, 0.0, 5.2213, 4.0174, 8.5763, 61.9289, 81.5108, 62.5344, 68.874, 62.5147, 73.505, 70.9206, 39.703, 48.6209, 44.3029, 45.1258, 51.272, 51.9065], [9.5718, 12.6167, 4.0319, 5.2213, 0.0, 5.4586, 7.0426, 67.0394, 86.7038, 67.7245, 74.0562, 67.7334, 78.7146, 76.0665, 44.9135, 53.8184, 49.4181, 50.041, 56.4615, 56.892], [7.6654, 12.6547, 9.4767, 4.0174, 5.4586, 0.0, 4.8414, 64.104, 83.293, 64.3626, 70.7394, 64.0517, 75.1576, 72.9541, 40.9275, 49.691, 44.949, 45.1726, 53.1291, 52.1177], [2.8961, 7.9075, 10.1344, 8.5763, 7.0426, 4.8414, 0.0, 68.4689, 87.381, 68.5087, 74.9002, 67.9955, 79.1648, 77.2212, 44.7242, 53.3254, 48.26, 47.9388, 57.3177, 54.9959], [70.6826, 76.2605, 69.7389, 61.9289, 67.0394, 64.104, 68.4689, 0.0, 21.0155, 6.3141, 9.0075, 11.324, 15.1897, 9.3484, 26.2654, 21.7606, 28.39, 34.498, 12.027, 31.402], [89.3552, 94.9649, 89.6638, 81.5108, 86.7038, 83.293, 87.381, 21.0155, 0.0, 18.9819, 12.7216, 19.7276, 8.5416, 11.8122, 42.9839, 35.3835, 41.8656, 46.0792, 30.2437, 40.3066], [70.5439, 76.1527, 70.6852, 62.5344, 67.7245, 64.3626, 68.5087, 6.3141, 18.9819, 0.0, 6.3983, 5.061, 11.3842, 9.3602, 24.5648, 18.2298, 25.0242, 30.5421, 11.263, 26.5357], [76.9412, 82.5498, 76.9771, 68.874, 74.0562, 70.7394, 74.9002, 9.0075, 12.7216, 6.3983, 0.0, 8.8643, 6.2045, 4.0048, 30.9024, 24.1312, 30.882, 35.9954, 17.6144, 31.2871], [69.8758, 75.4794, 70.886, 62.5147, 67.7334, 64.0517, 67.9955, 11.324, 19.7276, 5.061, 8.8643, 0.0, 11.2594, 12.7153, 23.3617, 15.709, 22.3302, 27.1825, 12.1853, 22.4504], [81.0821, 86.6888, 81.775, 73.505, 78.7146, 75.1576, 79.1648, 15.1897, 8.5416, 11.3842, 6.2045, 11.2594, 0.0, 8.1633, 34.6049, 26.856, 33.324, 37.6163, 22.4187, 32.0266], [79.3466, 84.9457, 78.8572, 70.9206, 76.0665, 72.9541, 77.2212, 9.3484, 11.8122, 9.3602, 4.0048, 12.7153, 8.1633, 0.0, 33.7959, 27.5528, 34.3412, 39.6737, 19.983, 35.1653], [46.5413, 52.1392, 48.2934, 39.703, 44.9135, 40.9275, 44.7242, 26.2654, 42.9839, 24.5648, 30.9024, 23.3617, 34.6049, 33.7959, 0.0, 9.027, 7.6193, 13.5624, 14.2384, 16.5814], [55.0061, 60.5722, 57.2531, 48.6209, 53.8184, 49.691, 53.3254, 21.7606, 35.3835, 18.2298, 24.1312, 15.709, 26.856, 27.5528, 9.027, 0.0, 6.7946, 12.7663, 11.0895, 11.3201], [49.7329, 55.2285, 53.044, 44.3029, 49.4181, 44.949, 48.26, 28.39, 41.8656, 25.0242, 30.882, 22.3302, 33.324, 34.3412, 7.6193, 6.7946, 0.0, 6.7419, 17.1025, 9.0648], [49.0545, 54.3597, 53.865, 45.1258, 50.041, 45.1726, 47.9388, 34.498, 46.0792, 30.5421, 35.9954, 27.1825, 37.6163, 39.6737, 13.5624, 12.7663, 6.7419, 0.0, 23.6327, 7.1495], [59.3993, 65.0036, 59.4323, 51.272, 56.4615, 53.1291, 57.3177, 12.027, 30.2437, 11.263, 17.6144, 12.1853, 22.4187, 19.983, 14.2384, 11.0895, 17.1025, 23.6327, 0.0, 22.1294], [56.1611, 61.488, 60.6639, 51.9065, 56.892, 52.1177, 54.9959, 31.402, 40.3066, 26.5357, 31.2871, 22.4504, 32.0266, 35.1653, 16.5814, 11.3201, 9.0648, 7.1495, 22.1294, 0.0]]
[[0.0, 9.381, 0.4265, 11.0316, 1.6221, 1.3832, 11.9566, 69.4195, 76.3486, 68.624, 76.7769, 75.215, 64.6705, 63.5035, 56.5, 61.2017, 52.1348, 55.9738, 56.7493, 52.7639], [9.381, 0.0, 9.7449, 1.7018, 7.9996, 9.9443, 21.2402, 69.2499, 76.357, 67.25, 75.6712, 74.7239, 64.2538, 63.2534, 47.2843, 51.8459, 42.8047, 46.8581, 47.4145, 43.4129], [0.4265, 9.7449, 0.0, 11.3859, 1.8664, 1.0776, 11.649, 69.2257, 76.1451, 68.4808, 76.6193, 75.0322, 64.4888, 63.3155, 56.8949, 61.5778, 52.5162, 56.3757, 57.1299, 53.141], [11.0316, 1.7018, 11.3859, 0.0, 9.6083, 11.5319, 22.9221, 68.9026, 76.0292, 66.6929, 75.1468, 74.3097, 63.8728, 62.9044, 45.7759, 50.2488, 41.2307, 45.3962, 45.8358, 41.8217], [1.6221, 7.9996, 1.8664, 9.6083, 0.0, 1.9664, 13.5096, 68.5298, 75.4923, 67.5659, 75.7628, 74.285, 63.7394, 62.5948, 55.2444, 59.8443, 50.8034, 54.7673, 55.4138, 51.4122], [1.3832, 9.9443, 1.0776, 11.5319, 1.9664, 0.0, 11.8147, 68.1699, 75.0841, 67.4622, 75.5883, 73.9831, 63.4405, 62.2632, 57.2056, 61.7793, 52.748, 56.733, 57.3568, 53.3498], [11.9566, 21.2402, 11.649, 22.9221, 13.5096, 11.8147, 0.0, 73.6075, 80.1829, 74.18, 81.8802, 79.6518, 69.2564, 67.9305, 67.8055, 72.8213, 63.6923, 67.1079, 68.3109, 64.3791], [69.4195, 69.2499, 69.2257, 68.9026, 68.5298, 68.1699, 73.6075, 0.0, 7.1672, 8.9514, 10.0264, 6.1641, 5.1924, 5.9982, 93.1987, 91.7037, 87.1796, 94.7353, 89.8859, 86.64], [76.3486, 76.357, 76.1451, 76.0292, 75.4923, 75.0841, 80.1829, 7.1672, 0.0, 13.5785, 9.0774, 4.2619, 12.3343, 13.1445, 99.897, 98.1798, 93.8983, 101.4875, 96.4962, 93.3254], [68.624, 67.25, 68.4808, 66.6929, 67.5659, 67.4622, 74.18, 8.9514, 13.5785, 0.0, 8.56, 9.7587, 7.6263, 9.1188, 86.9883, 84.9716, 81.0361, 88.6741, 83.4557, 80.4061], [76.7769, 75.6712, 76.6193, 75.1468, 75.7628, 75.5883, 81.8802, 10.0264, 9.0774, 8.56, 0.0, 5.1274, 12.8703, 14.3582, 94.9963, 92.7026, 89.0854, 96.7459, 91.362, 88.4155], [75.215, 74.7239, 75.0322, 74.3097, 74.285, 73.9831, 79.6518, 6.1641, 4.2619, 9.7587, 5.1274, 0.0, 10.5457, 11.7522, 96.6137, 94.6967, 90.6416, 98.2619, 93.129, 90.034], [64.6705, 64.2538, 64.4888, 63.8728, 63.7394, 63.4405, 69.2564, 5.1924, 12.3343, 7.6263, 12.8703, 10.5457, 0.0, 1.5717, 88.1739, 86.8072, 82.1455, 89.6811, 84.9116, 81.6245], [63.5035, 63.2534, 63.3155, 62.9044, 62.5948, 62.2632, 67.9305, 5.9982, 13.1445, 9.1188, 14.3582, 11.7522, 1.5717, 0.0, 87.9517, 86.7214, 81.9135, 89.4209, 84.7483, 81.4155], [56.5, 47.2843, 56.8949, 45.7759, 55.2444, 57.2056, 67.8055, 93.1987, 99.897, 86.9883, 94.9963, 96.6137, 88.1739, 87.9517, 0.0, 7.7293, 6.0569, 2.6318, 4.5947, 6.5826], [61.2017, 51.8459, 61.5778, 50.2488, 59.8443, 61.7793, 72.8213, 91.7037, 98.1798, 84.9716, 92.7026, 94.6967, 86.8072, 86.7214, 7.7293, 0.0, 9.1942, 10.2227, 4.6599, 8.4427], [52.1348, 42.8047, 52.5162, 41.2307, 50.8034, 52.748, 63.6923, 87.1796, 93.8983, 81.0361, 89.0854, 90.6416, 82.1455, 81.9135, 6.0569, 9.1942, 0.0, 7.6816, 4.6188, 1.3103], [55.9738, 46.8581, 56.3757, 45.3962, 54.7673, 56.733, 67.1079, 94.7353, 101.4875, 88.6741, 96.7459, 98.2619, 89.6811, 89.4209, 2.6318, 10.2227, 7.6816, 0.0, 7.1895, 8.5104], [56.7493, 47.4145, 57.1299, 45.8358, 55.4138, 57.3568, 68.3109, 89.8859, 96.4962, 83.4557, 91.362, 93.129, 84.9116, 84.7483, 4.5947, 4.6599, 4.6188, 7.1895, 0.0, 4.1086], [52.7639, 43.4129, 53.141, 41.8217, 51.4122, 53.3498, 64.3791, 86.64, 93.3254, 80.4061, 88.4155, 90.034, 81.6245, 81.4155, 6.5826, 8.4427, 1.3103, 8.5104, 4.1086, 0.0]]
[[0.0, 2.9901, 10.5074, 5.5873, 5.5024, 11.2953, 4.0703, 50.9437, 54.4151, 48.2819, 54.8016, 55.9243, 53.8179, 55.663, 65.715, 58.1646, 58.1108, 57.4607, 55.17, 55.4571], [2.9901, 0.0, 10.6311, 6.704, 7.9264, 10.9428, 7.0401, 50.7726, 54.1367, 48.0573, 53.9602, 55.4784, 53.5015, 55.1635, 65.2703, 57.8846, 58.0708, 56.8758, 54.739, 55.2849], [10.5074, 10.6311, 0.0, 16.0913, 8.3007, 1.8152, 12.1859, 61.2984, 64.707, 58.6049, 64.5657, 66.0936, 64.0842, 65.7869, 75.887, 68.4566, 68.5311, 67.5063, 65.3512, 65.8129], [5.5873, 6.704, 16.0913, 0.0, 9.8773, 16.8611, 5.8705, 45.5218, 49.0436, 42.8904, 49.844, 50.6509, 48.4684, 50.4261, 60.4285, 52.7896, 52.6264, 52.2822, 49.8881, 50.0307], [5.5024, 7.9264, 8.3007, 9.8773, 0.0, 9.8059, 4.4557, 55.2209, 58.7966, 52.629, 59.7158, 60.4749, 58.242, 60.2674, 70.2407, 62.5361, 62.2106, 62.1426, 59.7079, 59.7185], [11.2953, 10.9428, 1.8152, 16.8611, 9.8059, 0.0, 13.4295, 61.7148, 65.0685, 58.9967, 64.6374, 66.3696, 64.4271, 66.0357, 76.1566, 68.8152, 69.0096, 67.7093, 65.6354, 66.2268], [4.0703, 7.0401, 12.1859, 5.8705, 4.4557, 13.4295, 0.0, 50.8338, 54.4333, 48.2606, 55.5875, 56.1639, 53.891, 55.977, 65.9151, 58.1681, 57.7876, 57.8836, 55.3929, 55.3256], [50.9437, 50.7726, 61.2984, 45.5218, 55.2209, 61.7148, 50.8338, 0.0, 3.9066, 2.8327, 12.4727, 6.9028, 3.7875, 7.4286, 15.5723, 7.4387, 7.6184, 9.8207, 6.1747, 4.5147], [54.4151, 54.1367, 64.707, 49.0436, 58.7966, 65.0685, 54.4333, 3.9066, 0.0, 6.178, 10.4169, 3.4147, 0.9257, 4.2453, 11.7072, 3.7502, 5.8875, 6.4564, 2.889, 2.2392], [48.2819, 48.0573, 58.6049, 42.8904, 52.629, 58.9967, 48.2606, 2.8327, 6.178, 0.0, 12.4001, 8.4642, 5.7116, 8.683, 17.8213, 9.9077, 10.4501, 11.0348, 7.6704, 7.2615], [54.8016, 53.9602, 64.5657, 49.844, 59.7158, 64.6374, 55.5875, 12.4727, 10.4169, 12.4001, 0.0, 7.5728, 9.6956, 6.5248, 13.7584, 11.3407, 15.68, 5.6597, 7.7014, 12.5044], [55.9243, 55.4784, 66.0936, 50.6509, 60.4749, 66.3696, 56.1639, 6.9028, 3.4147, 8.4642, 7.5728, 0.0, 3.1405, 1.0492, 9.7943, 3.9358, 8.1074, 3.0421, 0.797, 5.1216], [53.8179, 53.5015, 64.0842, 48.4684, 58.242, 64.4271, 53.891, 3.7875, 0.9257, 5.7116, 9.6956, 3.1405, 0.0, 3.7986, 12.1112, 4.4195, 6.8112, 6.1343, 2.4651, 3.1458], [55.663, 55.1635, 65.7869, 50.4261, 60.2674, 66.0357, 55.977, 7.4286, 4.2453, 8.683, 6.5248, 1.0492, 3.7986, 0.0, 10.1441, 4.9438, 9.1551, 2.3997, 1.3586, 6.1024], [65.715, 65.2703, 75.887, 60.4285, 70.2407, 76.1566, 65.9151, 15.5723, 11.7072, 17.8213, 13.7584, 9.7943, 12.1112, 10.1441, 0.0, 8.2161, 11.1798, 8.8217, 10.545, 11.5311], [58.1646, 57.8846, 68.4566, 52.7896, 62.5361, 68.8152, 58.1681, 7.4387, 3.7502, 9.9077, 11.3407, 3.9358, 4.4195, 4.9438, 8.2161, 0.0, 4.6681, 5.9973, 4.2048, 3.3544], [58.1108, 58.0708, 68.5311, 52.6264, 62.2106, 69.0096, 57.7876, 7.6184, 5.8875, 10.4501, 15.68, 8.1074, 6.8112, 9.1551, 11.1798, 4.6681, 0.0, 10.6015, 8.0489, 3.7008], [57.4607, 56.8758, 67.5063, 52.2822, 62.1426, 67.7093, 57.8836, 9.8207, 6.4564, 11.0348, 5.6597, 3.0421, 6.1343, 2.3997, 8.8217, 5.9973, 10.6015, 0.0, 3.671, 8.0341], [55.17, 54.739, 65.3512, 49.8881, 59.7079, 65.6354, 55.3929, 6.1747, 2.889, 7.6704, 7.7014, 0.797, 2.4651, 1.3586, 10.545, 4.2048, 8.0489, 3.671, 0.0, 4.8183], [55.4571, 55.2849, 65.8129, 50.0307, 59.7185, 66.2268, 55.3256, 4.5147, 2.2392, 7.2615, 12.5044, 5.1216, 3.1458, 6.1024, 11.5311, 3.3544, 3.7008, 8.0341, 4.8183, 0.0]]
[[0.0, 12.7535, 10.5135, 13.0915, 12.8129, 8.9097, 4.5976, 37.9638, 24.0119, 28.7891, 31.6874, 24.6207, 32.403, 32.1649, 34.4262, 33.5165, 36.1283, 33.9331, 26.2676, 25.4093], [12.7535, 0.0, 2.3249, 14.3488, 11.2785, 15.1244, 8.3117, 42.3236, 32.1029, 36.6309, 34.8352, 32.5612, 40.0774, 39.2026, 30.8982, 31.3764, 32.6605, 32.1216, 26.1469, 23.0934], [10.5135, 2.3249, 0.0, 13.7873, 11.0384, 13.7488, 6.014, 41.8105, 30.8353, 35.4448, 34.4797, 31.3245, 38.9444, 38.1805, 31.7313, 31.9549, 33.5005, 32.6472, 26.2706, 23.5756], [13.0915, 14.3488, 13.7873, 0.0, 3.4101, 5.5213, 13.0559, 28.0342, 18.764, 22.9454, 20.7132, 19.1062, 26.22, 25.1362, 21.3868, 20.437, 23.0696, 20.8821, 13.4252, 12.3443], [12.8129, 11.2785, 11.0384, 3.4101, 0.0, 7.4114, 11.5898, 31.0592, 22.1584, 26.3554, 23.5601, 22.5086, 29.6229, 28.5141, 21.9885, 21.5904, 23.734, 22.1705, 15.3206, 13.1988], [8.9097, 15.1244, 13.7488, 5.5213, 7.4114, 0.0, 10.6229, 29.423, 17.0921, 21.7353, 22.8614, 17.5924, 25.2696, 24.6369, 26.4741, 25.1498, 28.1011, 25.4693, 17.6153, 17.4494], [4.5976, 8.3117, 6.014, 13.0559, 11.5898, 10.6229, 0.0, 39.9962, 27.2184, 31.9668, 33.1996, 27.7809, 35.5579, 35.0923, 33.5642, 33.1384, 35.3147, 33.6808, 26.4605, 24.7753], [37.9638, 42.3236, 41.8105, 28.0342, 31.0592, 29.423, 39.9962, 0.0, 16.6329, 13.5466, 7.8673, 15.966, 11.9153, 9.9537, 23.6582, 20.0504, 23.5536, 19.1262, 18.3055, 23.0498], [24.0119, 32.1029, 30.8353, 18.764, 22.1584, 17.0921, 27.2184, 16.6329, 0.0, 4.7774, 14.2308, 0.6891, 8.3911, 8.3755, 28.5219, 25.4008, 29.4498, 25.0181, 18.5526, 22.284], [28.7891, 36.6309, 35.4448, 22.9454, 26.3554, 21.7353, 31.9668, 13.5466, 4.7774, 0.0, 13.4832, 4.187, 3.614, 4.0012, 29.6589, 26.266, 30.3373, 25.7128, 20.3609, 24.6233], [31.6874, 34.8352, 34.4797, 20.7132, 23.5601, 22.8614, 33.1996, 7.8673, 14.2308, 13.4832, 0.0, 13.7304, 13.9562, 11.7205, 17.2656, 13.6566, 17.5842, 12.9084, 10.496, 15.2805], [24.6207, 32.5612, 31.3245, 19.1062, 22.5086, 17.5924, 27.7809, 15.966, 0.6891, 4.187, 13.7304, 0.0, 7.792, 7.7055, 28.2969, 25.1319, 29.191, 24.7251, 18.4063, 22.2374], [32.403, 40.0774, 38.9444, 26.22, 29.6229, 25.2696, 35.5579, 11.9153, 8.3911, 3.614, 13.9562, 7.792, 0.0, 2.258, 30.9276, 27.4026, 31.4194, 26.7401, 22.2687, 26.7789], [32.1649, 39.2026, 38.1805, 25.1362, 28.5141, 24.6369, 35.0923, 9.9537, 8.3755, 4.0012, 11.7205, 7.7055, 2.258, 0.0, 28.7655, 25.2216, 29.224, 24.5423, 20.3095, 24.8976], [34.4262, 30.8982, 31.7313, 21.3868, 21.9885, 26.4741, 33.5642, 23.6582, 28.5219, 29.6589, 17.2656, 28.2969, 30.9276, 28.7655, 0.0, 3.6371, 1.7697, 4.5324, 10.2956, 9.0496], [33.5165, 31.3764, 31.9549, 20.437, 21.5904, 25.1498, 33.1384, 20.0504, 25.4008, 26.266, 13.6566, 25.1319, 27.4026, 25.2216, 3.6371, 0.0, 4.0769, 1.0383, 7.8953, 8.4182], [36.1283, 32.6605, 33.5005, 23.0696, 23.734, 28.1011, 35.3147, 23.5536, 29.4498, 30.3373, 17.5842, 29.191, 31.4194, 29.224, 1.7697, 4.0769, 0.0, 4.6823, 11.5492, 10.7254], [33.9331, 32.1216, 32.6472, 20.8821, 22.1705, 25.4693, 33.6808, 19.1262, 25.0181, 25.7128, 12.9084, 24.7251, 26.7401, 24.5423, 4.5324, 1.0383, 4.6823, 0.0, 8.0052, 9.0729], [26.2676, 26.1469, 26.2706, 13.4252, 15.3206, 17.6153, 26.4605, 18.3055, 18.5526, 20.3609, 10.496, 18.4063, 22.2687, 20.3095, 10.2956, 7.8953, 11.5492, 8.0052, 0.0, 4.8039], [25.4093, 23.0934, 23.5756, 12.3443, 13.1988, 17.4494, 24.7753, 23.0498, 22.284, 24.6233, 15.2805, 22.2374, 26.7789, 24.8976, 9.0496, 8.4182, 10.7254, 9.0729, 4.8039, 0.0]]
