[4, 30]
[[0.0, 14.423, 12.9217, 12.8594, 10.9138, 7.0374, 6.4045, 8.9203, 8.3766, 17.4488, 11.4763, 13.1841, 24.5073, 16.8648, 8.5669, 16.3002, 18.7621, 27.2637, 18.0602, 25.0228, 9.4498, 6.4384, 14.127, 2.6626, 3.379, 1.5706, 8.3214, 2.0678, 5.6508, 11.1652], [14.423, 0.0, 2.1569, 12.7999, 9.4057, 9.9246, 17.2833, 5.5093, 14.2632, 6.3305, 16.2186, 11.5102, 15.4702, 3.458, 9.6514, 8.0175, 11.0742, 12.8786, 6.4016, 14.9171, 10.6498, 14.007, 1.8861, 11.7761, 13.2271, 12.9417, 13.7749, 15.0209, 19.4772, 22.7194], [12.9217, 2.1569, 0.0, 13.299, 9.7193, 9.3657, 16.4395, 4.1158, 13.9252, 8.2791, 14.0619, 9.4704, 14.7746, 3.9955, 7.5191, 6.6895, 9.8639, 14.6653, 6.09, 14.4835, 8.4942, 11.9559, 1.2272, 10.3336, 11.4013, 11.3891, 11.646, 13.312, 18.2089, 20.6906], [12.8594, 12.7999, 13.299, 0.0, 3.6367, 6.4789, 10.0244, 10.948, 5.3697, 10.2031, 22.2569, 20.6118, 28.0637, 16.2418, 16.1772, 19.8725, 23.0557, 22.0053, 19.1453, 27.6661, 17.6086, 17.6316, 14.1589, 11.3322, 14.7709, 12.5163, 18.8406, 14.8028, 14.3303, 24.0245], [10.9138, 9.4057, 9.7193, 3.6367, 0.0, 3.8921, 10.0407, 7.3569, 5.7454, 8.1769, 19.1243, 17.0758, 24.4939, 12.8636, 12.7865, 16.2483, 19.4292, 19.8115, 15.6567, 24.156, 14.2196, 14.7578, 10.6343, 8.8679, 12.1575, 10.1952, 15.7621, 12.6381, 13.7595, 21.9008], [7.0374, 9.9246, 9.3657, 6.4789, 3.8921, 0.0, 7.4553, 5.71, 4.6311, 10.9875, 15.7973, 14.6656, 23.6551, 13.1661, 9.9739, 15.1257, 18.1925, 21.9243, 15.4276, 23.623, 11.3808, 11.1603, 10.5226, 5.0112, 8.3804, 6.3145, 12.3726, 8.7477, 10.4468, 18.0163], [6.4045, 17.2833, 16.4395, 10.0244, 10.0407, 7.4553, 0.0, 12.406, 4.6728, 18.0995, 17.8778, 19.1682, 29.8135, 20.3806, 14.3301, 21.3183, 24.1159, 29.3487, 22.312, 30.0684, 15.4378, 12.8423, 17.65, 7.3495, 9.7385, 7.3969, 14.7074, 8.2805, 4.4916, 16.0307], [8.9203, 5.5093, 4.1158, 10.948, 7.3569, 5.71, 12.406, 0.0, 10.3387, 9.7205, 12.615, 9.7469, 17.9452, 8.1112, 5.849, 9.4192, 12.5088, 18.3793, 9.916, 17.9419, 7.2257, 9.2451, 5.343, 6.2857, 7.8874, 7.4323, 9.5616, 9.5517, 14.1044, 17.7144], [8.3766, 14.2632, 13.9252, 5.3697, 5.7454, 4.6311, 4.6728, 10.3387, 0.0, 13.9219, 19.1299, 18.9149, 28.2835, 17.6156, 14.0763, 19.7478, 22.7953, 25.509, 20.0094, 28.2505, 15.4125, 14.153, 15.0483, 7.7051, 11.0222, 8.5311, 15.7204, 10.4377, 8.9716, 19.3387], [17.4488, 6.3305, 8.2791, 10.2031, 8.1769, 10.9875, 18.0995, 9.7205, 13.9219, 0.0, 21.9895, 17.7489, 20.8234, 8.6655, 15.1958, 14.2044, 17.114, 11.8123, 11.8592, 19.9025, 16.3995, 18.9656, 8.2105, 14.8868, 17.3658, 16.2496, 19.174, 18.6585, 21.4339, 27.3491], [11.4763, 16.2186, 14.0619, 22.2569, 19.1243, 15.7973, 17.8778, 12.615, 19.1299, 21.9895, 0.0, 6.1069, 17.4058, 16.3898, 6.8182, 11.9577, 12.5053, 27.5783, 15.3983, 18.6664, 5.6002, 5.0619, 14.6877, 11.425, 8.2337, 10.7338, 3.4362, 9.6662, 15.9601, 9.2359], [13.1841, 11.5102, 9.4704, 20.6118, 17.0758, 14.6656, 19.1682, 9.7469, 18.9149, 17.7489, 6.1069, 0.0, 11.9979, 10.8494, 4.8879, 5.8789, 6.6102, 21.7577, 9.4124, 12.9939, 3.7451, 7.7811, 9.7266, 11.8444, 9.9357, 11.8607, 6.0285, 12.0813, 18.6443, 15.0255], [24.5073, 15.4702, 14.7746, 28.0637, 24.4939, 23.6551, 29.8135, 17.9452, 28.2835, 20.8234, 17.4058, 11.9979, 0.0, 12.2819, 15.9727, 8.5533, 5.7461, 17.5662, 9.1039, 1.9231, 15.3483, 19.7466, 13.9231, 22.5983, 21.5357, 23.0189, 18.0258, 23.7603, 30.1396, 26.6402], [16.8648, 3.458, 3.9955, 16.2418, 12.8636, 13.1661, 20.3806, 8.1112, 17.6156, 8.6655, 16.3898, 10.8494, 12.2819, 0.0, 10.54, 5.9122, 8.5415, 11.3035, 3.2068, 11.5775, 11.1584, 15.2244, 2.7684, 14.3043, 15.1192, 15.3172, 14.5494, 17.1304, 22.1993, 23.928], [8.5669, 9.6514, 7.5191, 16.1772, 12.7865, 9.9739, 14.3301, 5.849, 14.0763, 15.1958, 6.8182, 4.8879, 15.9727, 10.54, 0.0, 8.0538, 10.2394, 21.8253, 10.5749, 16.5919, 1.4338, 4.7202, 8.3496, 6.9848, 5.5955, 7.1355, 4.1272, 7.8313, 14.1742, 13.388], [16.3002, 8.0175, 6.6895, 19.8725, 16.2483, 15.1257, 21.3183, 9.4192, 19.7478, 14.2044, 11.9577, 5.8789, 8.5533, 5.9122, 8.0538, 0.0, 3.1863, 16.0555, 3.6424, 8.7715, 7.8873, 12.4842, 6.1775, 14.2036, 13.6067, 14.7622, 11.163, 15.8361, 21.949, 20.5876], [18.7621, 11.0742, 9.8639, 23.0557, 19.4292, 18.1925, 24.1159, 12.5088, 22.7953, 17.114, 12.5053, 6.6102, 5.7461, 8.5415, 10.2394, 3.1863, 0.0, 17.3076, 5.5798, 6.4415, 9.6865, 14.1829, 9.2823, 16.8674, 15.8185, 17.2729, 12.5704, 18.0489, 24.3973, 21.6055], [27.2637, 12.8786, 14.6653, 22.0053, 19.8115, 21.9243, 29.3487, 18.3793, 25.509, 11.8123, 27.5783, 21.7577, 17.5662, 11.3035, 21.8253, 16.0555, 17.3076, 0.0, 12.4145, 15.8364, 22.4579, 26.475, 13.6043, 24.6045, 26.0558, 25.8056, 25.8528, 27.8966, 32.101, 35.2038], [18.0602, 6.4016, 6.09, 19.1453, 15.6567, 15.4276, 22.312, 9.916, 20.0094, 11.8592, 15.3983, 9.4124, 9.1039, 3.2068, 10.5749, 3.6424, 5.5798, 12.4145, 0.0, 8.5248, 10.7853, 15.2551, 5.0367, 15.6742, 15.8076, 16.4897, 14.1962, 17.9667, 23.6099, 23.6984], [25.0228, 14.9171, 14.4835, 27.6661, 24.156, 23.623, 30.0684, 17.9419, 28.2505, 19.9025, 18.6664, 12.9939, 1.9231, 11.5775, 16.5919, 8.7715, 6.4415, 15.8364, 8.5248, 0.0, 16.1159, 20.6244, 13.5218, 22.9737, 22.187, 23.5002, 18.9951, 24.4224, 30.6731, 27.8695], [9.4498, 10.6498, 8.4942, 17.6086, 14.2196, 11.3808, 15.4378, 7.2257, 15.4125, 16.3995, 5.6002, 3.7451, 15.3483, 11.1584, 1.4338, 7.8873, 9.6865, 22.4579, 10.7853, 16.1159, 0.0, 4.5997, 9.1985, 8.1387, 6.2537, 8.1156, 3.4296, 8.4468, 14.9568, 12.925], [6.4384, 14.007, 11.9559, 17.6316, 14.7578, 11.1603, 12.8423, 9.2451, 14.153, 18.9656, 5.0619, 7.7811, 19.7466, 15.2244, 4.7202, 12.4842, 14.1829, 26.475, 15.2551, 20.6244, 4.5997, 0.0, 12.907, 6.4785, 3.1759, 5.6848, 1.9768, 4.7511, 11.2855, 8.7419], [14.127, 1.8861, 1.2272, 14.1589, 10.6343, 10.5226, 17.65, 5.343, 15.0483, 8.2105, 14.6877, 9.7266, 13.9231, 2.7684, 8.3496, 6.1775, 9.2823, 13.6043, 5.0367, 13.5218, 9.1985, 12.907, 0.0, 11.5494, 12.519, 12.588, 12.4625, 14.4698, 19.4334, 21.6486], [2.6626, 11.7761, 10.3336, 11.3322, 8.8679, 5.0112, 7.3495, 6.2857, 7.7051, 14.8868, 11.425, 11.8444, 22.5983, 14.3043, 6.9848, 14.2036, 16.8674, 24.6045, 15.6742, 22.9737, 8.1387, 6.4785, 11.5494, 0.0, 3.45, 1.3832, 8.0186, 3.8555, 7.9439, 13.0479], [3.379, 13.2271, 11.4013, 14.7709, 12.1575, 8.3804, 9.7385, 7.8874, 11.0222, 17.3658, 8.2337, 9.9357, 21.5357, 15.1192, 5.5955, 13.6067, 15.8185, 26.0558, 15.8076, 22.187, 6.2537, 3.1759, 12.519, 3.45, 0.0, 2.5129, 4.9712, 2.2358, 8.7101, 10.0261], [1.5706, 12.9417, 11.3891, 12.5163, 10.1952, 6.3145, 7.3969, 7.4323, 8.5311, 16.2496, 10.7338, 11.8607, 23.0189, 15.3172, 7.1355, 14.7622, 17.2729, 25.8056, 16.4897, 23.5002, 8.1156, 5.6848, 12.588, 1.3832, 2.5129, 0.0, 7.4168, 2.4755, 7.1904, 11.7058], [8.3214, 13.7749, 11.646, 18.8406, 15.7621, 12.3726, 14.7074, 9.5616, 15.7204, 19.174, 3.4362, 6.0285, 18.0258, 14.5494, 4.1272, 11.163, 12.5704, 25.8528, 14.1962, 18.9951, 3.4296, 1.9768, 12.4625, 8.0186, 4.9712, 7.4168, 0.0, 6.715, 13.2623, 9.5028], [2.0678, 15.0209, 13.312, 14.8028, 12.6381, 8.7477, 8.2805, 9.5517, 10.4377, 18.6585, 9.6662, 12.0813, 23.7603, 17.1304, 7.8313, 15.8361, 18.0489, 27.8966, 17.9667, 24.4224, 8.4468, 4.7511, 14.4698, 3.8555, 2.2358, 2.4755, 6.715, 0.0, 6.599, 9.2775], [5.6508, 19.4772, 18.2089, 14.3303, 13.7595, 10.4468, 4.4916, 14.1044, 8.9716, 21.4339, 15.9601, 18.6443, 30.1396, 22.1993, 14.1742, 21.949, 24.3973, 32.101, 23.6099, 30.6731, 14.9568, 11.2855, 19.4334, 7.9439, 8.7101, 7.1904, 13.2623, 6.599, 0.0, 12.2009], [11.1652, 22.7194, 20.6906, 24.0245, 21.9008, 18.0163, 16.0307, 17.7144, 19.3387, 27.3491, 9.2359, 15.0255, 26.6402, 23.928, 13.388, 20.5876, 21.6055, 35.2038, 23.6984, 27.8695, 12.925, 8.7419, 21.6486, 13.0479, 10.0261, 11.7058, 9.5028, 9.2775, 12.2009, 0.0]]
[[0.0, 4.5364, 13.8983, 23.3553, 7.4515, 8.5654, 11.2285, 4.7076, 6.1968, 16.862, 19.2452, 17.6405, 16.3846, 20.3838, 22.9561, 19.1066, 21.263, 26.7642, 23.4617, 18.3579, 39.8509, 35.4131, 37.6259, 45.6006, 39.3468, 36.7146, 43.7632, 37.7697, 41.3011, 40.826], [4.5364, 0.0, 12.7565, 18.992, 8.1358, 4.3606, 7.5084, 7.0013, 1.7013, 16.1253, 18.2975, 13.7765, 15.5774, 19.0798, 21.3362, 18.632, 18.8082, 23.3345, 20.6163, 15.27, 36.1633, 32.0316, 33.6167, 42.711, 35.8115, 33.4028, 40.7548, 34.3967, 38.0564, 37.519], [13.8983, 12.7565, 0.0, 18.3769, 20.5858, 10.7669, 18.4276, 18.479, 13.1548, 3.4763, 30.9381, 23.1386, 28.2816, 31.5692, 33.5975, 31.3702, 30.3874, 32.9556, 31.5701, 26.1958, 44.385, 41.3426, 40.6469, 52.8668, 44.5424, 42.8436, 50.7012, 43.642, 47.519, 46.8379], [23.3553, 18.992, 18.3769, 0.0, 25.2278, 14.7924, 16.7633, 25.5458, 17.5789, 20.4987, 29.0781, 15.559, 27.6013, 28.597, 29.1342, 30.5461, 24.4318, 22.1329, 23.7513, 20.0571, 29.7794, 28.5884, 24.9994, 40.5028, 30.5938, 30.125, 38.1203, 30.5312, 34.3906, 33.5438], [7.4515, 8.1358, 20.5858, 25.2278, 0.0, 12.0136, 9.1201, 3.2486, 8.6046, 23.8052, 11.9892, 14.5764, 9.1282, 13.3008, 16.0288, 11.691, 15.2385, 22.0184, 17.8639, 13.5147, 35.2903, 30.3166, 33.9453, 39.5904, 34.4707, 31.4666, 37.9334, 32.6115, 35.8638, 35.5007], [8.5654, 4.3606, 10.7669, 14.7924, 12.0136, 0.0, 7.6621, 11.3184, 3.4096, 14.2396, 20.5979, 12.7698, 18.1134, 21.0473, 22.9287, 21.2832, 19.6205, 22.662, 20.8703, 15.4695, 34.843, 31.2515, 31.7357, 42.4867, 34.7434, 32.7062, 40.3939, 33.5955, 37.3985, 36.7773], [11.2285, 7.5084, 18.4276, 16.7633, 9.1201, 7.6621, 0.0, 10.6567, 6.0787, 21.9013, 13.5531, 6.4121, 11.439, 13.7202, 15.3771, 14.5908, 11.9631, 15.8266, 13.3659, 7.9497, 28.7101, 24.5238, 26.402, 35.3118, 28.3147, 25.8995, 33.314, 26.8888, 30.5594, 30.0146], [4.7076, 7.0013, 18.479, 25.5458, 3.2486, 11.3184, 10.6567, 0.0, 8.0676, 21.5281, 15.2119, 16.7082, 12.3579, 16.5472, 19.2767, 14.8189, 18.3446, 24.8148, 20.8778, 16.2631, 38.0837, 33.2461, 36.4647, 42.7442, 37.351, 34.4387, 41.0508, 35.563, 38.8913, 38.5004], [6.1968, 1.7013, 13.1548, 17.5789, 8.6046, 3.4096, 6.0787, 8.0676, 0.0, 16.5989, 17.7899, 12.2095, 15.1719, 18.4252, 20.5368, 18.3, 17.7183, 21.8725, 19.3682, 13.9752, 34.6028, 30.5656, 31.9758, 41.3836, 34.2945, 31.9561, 39.3923, 32.9296, 36.6237, 36.0679], [16.862, 16.1253, 3.4763, 20.4987, 23.8052, 14.2396, 21.9013, 21.5281, 16.5989, 0.0, 34.3653, 26.5189, 31.6874, 35.0221, 37.0682, 34.7569, 33.8592, 36.2941, 35.0147, 29.6506, 47.505, 44.6137, 43.6165, 56.2048, 47.7299, 46.1244, 54.0196, 46.8972, 50.7883, 50.0918], [19.2452, 18.2975, 30.9381, 29.0781, 11.9892, 20.5979, 13.5531, 15.2119, 17.7899, 34.3653, 0.0, 13.8222, 2.8664, 1.8347, 4.6299, 1.9895, 7.0777, 15.136, 9.9686, 9.634, 27.2507, 21.6285, 27.6057, 28.8898, 25.9086, 22.4064, 27.5589, 23.6454, 26.2253, 26.0754], [17.6405, 13.7765, 23.1386, 15.559, 14.5764, 12.7698, 6.4121, 16.7082, 12.2095, 26.5189, 13.8222, 0.0, 12.8891, 13.1311, 13.5846, 15.4937, 8.9634, 9.8934, 8.941, 4.4989, 22.3937, 18.501, 19.9934, 29.7604, 22.113, 19.9433, 27.6392, 20.8536, 24.6346, 24.0259], [16.3846, 15.5774, 28.2816, 27.6013, 9.1282, 18.1134, 11.439, 12.3579, 15.1719, 31.6874, 2.8664, 12.8891, 0.0, 4.2759, 7.1243, 3.1838, 8.0845, 16.1132, 11.0832, 9.2352, 28.8021, 23.3259, 28.658, 31.2858, 27.6085, 24.2323, 29.8439, 25.4526, 28.2663, 28.0475], [20.3838, 19.0798, 31.5692, 28.597, 13.3008, 21.0473, 13.7202, 16.5472, 18.4252, 35.0221, 1.8347, 13.1311, 4.2759, 0.0, 2.873, 3.7002, 5.5563, 13.4906, 8.3276, 8.7454, 25.4418, 19.8058, 25.8986, 27.1272, 24.0837, 20.5741, 25.7637, 21.8136, 24.3946, 24.2414], [22.9561, 21.3362, 33.5975, 29.1342, 16.0288, 22.9287, 15.3771, 19.2767, 20.5368, 37.0682, 4.6299, 13.5846, 7.1243, 2.873, 0.0, 6.2453, 4.8305, 11.8208, 6.8754, 9.0888, 23.0376, 17.3284, 23.9012, 24.2652, 21.5774, 17.9975, 22.9311, 19.2434, 21.671, 21.5569], [19.1066, 18.632, 31.3702, 30.5461, 11.691, 21.2832, 14.5908, 14.8189, 18.3, 34.7569, 1.9895, 15.4937, 3.1838, 3.7002, 6.2453, 0.0, 9.0672, 17.1198, 11.9513, 11.4443, 29.1284, 23.4725, 29.5748, 30.3318, 27.7435, 24.2031, 29.0939, 25.4464, 27.9156, 27.8006], [21.263, 18.8082, 30.3874, 24.4318, 15.2385, 19.6205, 11.9631, 18.3446, 17.7183, 33.8592, 7.0777, 8.9634, 8.0845, 5.5563, 4.8305, 9.0672, 0.0, 8.1068, 3.0, 4.5751, 20.7563, 15.3851, 20.6395, 24.422, 19.6453, 16.4018, 22.7064, 17.5921, 20.6729, 20.3563], [26.7642, 23.3345, 32.9556, 22.1329, 22.0184, 22.662, 15.8266, 24.8148, 21.8725, 36.2941, 15.136, 9.8934, 16.1132, 13.4906, 11.8208, 17.1198, 8.1068, 0.0, 5.1689, 8.5529, 13.2758, 8.6972, 12.5467, 19.9122, 12.5931, 10.0883, 17.757, 11.0622, 14.7692, 14.1962], [23.4617, 20.6163, 31.5701, 23.7513, 17.8639, 20.8703, 13.3659, 20.8778, 19.3682, 35.0147, 9.9686, 8.941, 11.0832, 8.3276, 6.8754, 11.9513, 3.0, 5.1689, 0.0, 5.4186, 17.7955, 12.5168, 17.6633, 22.1555, 16.7466, 13.6115, 20.3034, 14.7735, 18.0138, 17.6371], [18.3579, 15.27, 26.1958, 20.0571, 13.5147, 15.4695, 7.9497, 16.2631, 13.9752, 29.6506, 9.634, 4.4989, 9.2352, 8.7454, 9.0888, 11.4443, 4.5751, 8.5529, 5.4186, 0.0, 21.8213, 17.0879, 20.5201, 27.4413, 21.1187, 18.3627, 25.5037, 19.435, 22.9441, 22.4706], [39.8509, 36.1633, 44.385, 29.7794, 35.2903, 34.843, 28.7101, 38.0837, 34.6028, 47.505, 27.2507, 22.3937, 28.8021, 25.4418, 23.0376, 29.1284, 20.7563, 13.2758, 17.7955, 21.8213, 0.0, 5.7678, 5.4948, 12.2144, 2.1392, 5.6021, 9.9121, 4.5235, 6.128, 5.2255], [35.4131, 32.0316, 41.3426, 28.5884, 30.3166, 31.2515, 24.5238, 33.2461, 30.5656, 44.6137, 21.6285, 18.501, 23.3259, 19.8058, 17.3284, 23.4725, 15.3851, 8.6972, 12.5168, 17.0879, 5.7678, 0.0, 8.5927, 11.9451, 4.2862, 1.5494, 9.6002, 2.365, 6.1764, 5.526], [37.6259, 33.6167, 40.6469, 24.9994, 33.9453, 31.7357, 26.402, 36.4647, 31.9758, 43.6165, 27.6057, 19.9934, 28.658, 25.8986, 23.9012, 29.5748, 20.6395, 12.5467, 17.6633, 20.5201, 5.4948, 8.5927, 0.0, 17.6811, 7.2146, 9.359, 15.3452, 8.7802, 11.4784, 10.5499], [45.6006, 42.711, 52.8668, 40.5028, 39.5904, 42.4867, 35.3118, 42.7442, 41.3836, 56.2048, 28.8898, 29.7604, 31.2858, 27.1272, 24.2652, 30.3318, 24.422, 19.9122, 22.1555, 27.4413, 12.2144, 11.9451, 17.6811, 0.0, 10.5515, 10.3976, 2.4114, 9.9977, 6.3136, 7.2365], [39.3468, 35.8115, 44.5424, 30.5938, 34.4707, 34.7434, 28.3147, 37.351, 34.2945, 47.7299, 25.9086, 22.113, 27.6085, 24.0837, 21.5774, 27.7435, 19.6453, 12.5931, 16.7466, 21.1187, 2.1392, 4.2862, 7.2146, 10.5515, 0.0, 3.7132, 8.1762, 2.5221, 4.2761, 3.3444], [36.7146, 33.4028, 42.8436, 30.125, 31.4666, 32.7062, 25.8995, 34.4387, 31.9561, 46.1244, 22.4064, 19.9433, 24.2323, 20.5741, 17.9975, 24.2031, 16.4018, 10.0883, 13.6115, 18.3627, 5.6021, 1.5494, 9.359, 10.3976, 3.7132, 0.0, 8.0508, 1.2473, 4.6924, 4.1178], [43.7632, 40.7548, 50.7012, 38.1203, 37.9334, 40.3939, 33.314, 41.0508, 39.3923, 54.0196, 27.5589, 27.6392, 29.8439, 25.7637, 22.9311, 29.0939, 22.7064, 17.757, 20.3034, 25.5037, 9.9121, 9.6002, 15.3452, 2.4114, 8.1762, 8.0508, 0.0, 7.5985, 3.9154, 4.8438], [37.7697, 34.3967, 43.642, 30.5312, 32.6115, 33.5955, 26.8888, 35.563, 32.9296, 46.8972, 23.6454, 20.8536, 25.4526, 21.8136, 19.2434, 25.4464, 17.5921, 11.0622, 14.7735, 19.435, 4.5235, 2.365, 8.7802, 9.9977, 2.5221, 1.2473, 7.5985, 0.0, 3.924, 3.1959], [41.3011, 38.0564, 47.519, 34.3906, 35.8638, 37.3985, 30.5594, 38.8913, 36.6237, 50.7883, 26.2253, 24.6346, 28.2663, 24.3946, 21.671, 27.9156, 20.6729, 14.7692, 18.0138, 22.9441, 6.128, 6.1764, 11.4784, 6.3136, 4.2761, 4.6924, 3.9154, 3.924, 0.0, 0.932], [40.826, 37.519, 46.8379, 33.5438, 35.5007, 36.7773, 30.0146, 38.5004, 36.0679, 50.0918, 26.0754, 24.0259, 28.0475, 24.2414, 21.5569, 27.8006, 20.3563, 14.1962, 17.6371, 22.4706, 5.2255, 5.526, 10.5499, 7.2365, 3.3444, 4.1178, 4.8438, 3.1959, 0.932, 0.0]]
[[0.0, 21.1658, 16.5606, 20.2823, 24.5811, 25.482, 14.2807, 14.6849, 25.1645, 10.9422, 24.0072, 24.3811, 26.2038, 28.1838, 21.3395, 27.3845, 25.9543, 28.2728, 26.3369, 29.3809, 46.8287, 41.5462, 48.5172, 39.0553, 47.5056, 42.7996, 51.129, 62.4726, 50.3009, 46.4838], [21.1658, 0.0, 7.705, 15.3521, 8.4116, 7.0986, 11.2057, 7.4882, 16.3643, 10.6927, 26.9605, 31.22, 25.9393, 28.5222, 21.6174, 37.3423, 28.4883, 30.8846, 28.8706, 24.0015, 40.0775, 40.6471, 43.9648, 32.0446, 43.4033, 34.2595, 44.6427, 56.5786, 45.1249, 39.5614], [16.5606, 7.705, 0.0, 8.6002, 8.0218, 9.1034, 3.6154, 2.6301, 11.4263, 5.8656, 19.5728, 23.587, 19.0382, 21.63, 14.3383, 29.6426, 21.2162, 23.6863, 21.6129, 18.3892, 35.653, 34.447, 38.8771, 27.4628, 38.1609, 30.3706, 40.2274, 52.1546, 40.2658, 35.1871], [20.2823, 15.3521, 8.6002, 0.0, 10.236, 12.6821, 7.2881, 10.8394, 5.0425, 12.3713, 11.8607, 16.7452, 10.5997, 13.1905, 6.4961, 23.3602, 13.2295, 15.5656, 13.5973, 10.1086, 27.7576, 25.8475, 30.575, 19.6249, 29.7943, 22.9829, 32.2793, 44.1073, 32.0661, 27.3319], [24.5811, 8.4116, 8.0218, 10.236, 0.0, 2.5502, 10.8115, 10.1789, 9.004, 13.8105, 21.9051, 26.9657, 19.8981, 22.3455, 16.6355, 33.596, 23.0565, 25.1886, 23.3878, 16.5873, 31.8025, 33.327, 35.893, 23.8711, 35.4051, 25.9003, 36.3482, 48.2585, 36.958, 31.2762], [25.482, 7.0986, 9.1034, 12.6821, 2.5502, 0.0, 12.3293, 10.8128, 11.5164, 14.5529, 24.4191, 29.4272, 22.4481, 24.8948, 19.1251, 36.0222, 25.5935, 27.7359, 25.9273, 19.0429, 33.8066, 35.7569, 38.0551, 25.9931, 37.61, 27.7953, 38.3204, 50.1811, 39.0527, 33.2695], [14.2807, 11.2057, 3.6154, 7.2881, 10.8115, 12.3293, 0.0, 4.3612, 11.4492, 5.0841, 16.8249, 20.4167, 16.8709, 19.4144, 11.8588, 26.272, 18.5922, 21.1154, 19.0006, 17.3897, 35.0419, 32.6516, 37.8133, 26.8968, 37.0038, 30.1629, 39.567, 51.3915, 39.3332, 34.6127], [14.6849, 7.4882, 2.6301, 10.8394, 10.1789, 10.8128, 4.3612, 0.0, 14.0122, 3.7437, 21.1577, 24.7585, 21.0028, 23.5751, 16.1001, 30.5147, 22.8982, 25.4102, 23.304, 20.8117, 38.1936, 36.6241, 41.3177, 30.0035, 40.5746, 32.9666, 42.762, 54.6745, 42.7413, 37.734], [25.1645, 16.3643, 11.4263, 5.0425, 9.004, 11.5164, 11.4492, 14.0122, 0.0, 16.3876, 13.9131, 19.3809, 11.2443, 13.5508, 9.2435, 26.1652, 14.7065, 16.5972, 14.9885, 7.6773, 24.2652, 24.4186, 27.7435, 16.0845, 27.1199, 18.9558, 28.8467, 40.7932, 29.0232, 23.7894], [10.9422, 10.6927, 5.8656, 12.3713, 13.8105, 14.5529, 5.0841, 3.7437, 16.3876, 0.0, 21.0403, 23.8931, 21.5857, 24.0671, 16.4534, 29.1234, 22.9108, 25.451, 23.3246, 22.4672, 40.126, 37.4694, 42.8595, 31.9787, 42.0331, 35.2128, 44.6506, 56.4685, 44.3976, 39.6963], [24.0072, 26.9605, 19.5728, 11.8607, 21.9051, 24.4191, 16.8249, 21.1577, 13.9131, 21.0403, 0.0, 5.5977, 3.9778, 4.5621, 5.3783, 12.3471, 1.9663, 4.4548, 2.3688, 10.3662, 24.3289, 17.5395, 24.9695, 17.8113, 23.8649, 22.014, 28.188, 38.9163, 26.8824, 24.1113], [24.3811, 31.22, 23.587, 16.7452, 26.9657, 29.4272, 20.4167, 24.7585, 19.3809, 23.8931, 5.5977, 0.0, 9.3219, 8.7542, 10.3686, 6.7862, 5.752, 6.1587, 5.7626, 15.7788, 27.6697, 18.7245, 27.2704, 22.1377, 26.0583, 26.3293, 31.0603, 40.9008, 29.2984, 27.5468], [26.2038, 25.9393, 19.0382, 10.5997, 19.8981, 22.4481, 16.8709, 21.0028, 11.2443, 21.5857, 3.9778, 9.3219, 0.0, 2.595, 5.1724, 15.8701, 3.7423, 5.3529, 3.9225, 6.4592, 21.0469, 15.9131, 22.315, 14.0813, 21.3041, 18.2516, 25.1292, 36.2781, 24.1199, 20.7781], [28.1838, 28.5222, 21.63, 13.1905, 22.3455, 24.8948, 19.4144, 23.5751, 13.5508, 24.0671, 4.5621, 8.7542, 2.595, 0.0, 7.6138, 14.7886, 3.136, 3.3836, 3.0178, 7.6904, 19.7738, 13.5539, 20.4939, 13.5009, 19.4184, 17.7117, 23.6313, 34.4613, 22.3785, 19.5637], [21.3395, 21.6174, 14.3383, 6.4961, 16.6355, 19.1251, 11.8588, 16.1001, 9.2435, 16.4534, 5.3783, 10.3686, 5.1724, 7.6138, 0.0, 17.0938, 6.8875, 9.3486, 7.2795, 8.6618, 25.5296, 21.0839, 27.2627, 17.9768, 26.2999, 21.9512, 29.7926, 41.1803, 28.9998, 25.2045], [27.3845, 37.3423, 29.6426, 23.3602, 33.596, 36.0222, 26.272, 30.5147, 26.1652, 29.1234, 12.3471, 6.7862, 15.8701, 14.7886, 17.0938, 0.0, 12.1478, 11.5837, 12.0389, 22.2541, 31.8409, 21.1895, 30.3589, 27.4664, 29.086, 31.5384, 34.6287, 43.223, 32.431, 31.8204], [25.9543, 28.4883, 21.2162, 13.2295, 23.0565, 25.5935, 18.5922, 22.8982, 14.7065, 22.9108, 1.9663, 5.752, 3.7423, 3.136, 6.8875, 12.1478, 0.0, 2.5403, 0.4141, 10.1142, 22.79, 15.5999, 23.1877, 16.6361, 22.0614, 20.8472, 26.5336, 37.1069, 25.1268, 22.6009], [28.2728, 30.8846, 23.6863, 15.5656, 25.1886, 27.7359, 21.1154, 25.4102, 16.5972, 25.451, 4.4548, 6.1587, 5.3529, 3.3836, 9.3486, 11.5837, 2.5403, 0.0, 2.1267, 11.0738, 21.5337, 13.3996, 21.4187, 16.1, 20.2457, 20.263, 25.0267, 35.2342, 23.4097, 21.4003], [26.3369, 28.8706, 21.6129, 13.5973, 23.3878, 25.9273, 19.0006, 23.304, 14.9885, 23.3246, 2.3688, 5.7626, 3.9225, 3.0178, 7.2795, 12.0389, 0.4141, 2.1267, 0.0, 10.2161, 22.5549, 15.2256, 22.8768, 16.5055, 21.7433, 20.7141, 26.2627, 36.7842, 24.8242, 22.3741], [29.3809, 24.0015, 18.3892, 10.1086, 16.5873, 19.0429, 17.3897, 20.8117, 7.6773, 22.4672, 10.3662, 15.7788, 6.4592, 7.6904, 8.6618, 22.2541, 10.1142, 11.0738, 10.2161, 0.0, 17.7188, 16.7514, 20.5065, 9.7054, 19.7722, 13.4463, 22.2053, 34.0019, 21.9629, 17.3163], [46.8287, 40.0775, 35.653, 27.7576, 31.8025, 33.8066, 35.0419, 38.1936, 24.2652, 40.126, 24.3289, 27.6697, 21.0469, 19.7738, 25.5296, 31.8409, 22.79, 21.5337, 22.5549, 17.7188, 0.0, 12.1174, 5.6089, 8.1907, 6.1015, 6.2758, 4.5844, 16.5414, 5.6142, 0.5758], [41.5462, 40.6471, 34.447, 25.8475, 33.327, 35.7569, 32.6516, 36.6241, 24.4186, 37.4694, 17.5395, 18.7245, 15.9131, 13.5539, 21.0839, 21.1895, 15.5999, 13.3996, 15.2256, 16.7514, 12.1174, 0.0, 9.2521, 12.6153, 7.9708, 14.9605, 13.7844, 22.2489, 11.3143, 12.3279], [48.5172, 43.9648, 38.8771, 30.575, 35.893, 38.0551, 37.8133, 41.3177, 27.7435, 42.8595, 24.9695, 27.2704, 22.315, 20.4939, 27.2627, 30.3589, 23.1877, 21.4187, 22.8768, 20.5065, 5.6089, 9.2521, 0.0, 12.0771, 1.2813, 11.5157, 4.7551, 13.9733, 2.0721, 6.1437], [39.0553, 32.0446, 27.4628, 19.6249, 23.8711, 25.9931, 26.8968, 30.0035, 16.0845, 31.9787, 17.8113, 22.1377, 14.0813, 13.5009, 17.9768, 27.4664, 16.6361, 16.1, 16.5055, 9.7054, 8.1907, 12.6153, 12.0771, 0.0, 11.7257, 4.2117, 12.766, 24.7087, 13.0898, 7.7335], [47.5056, 43.4033, 38.1609, 29.7943, 35.4051, 37.61, 37.0038, 40.5746, 27.1199, 42.0331, 23.8649, 26.0583, 21.3041, 19.4184, 26.2999, 29.086, 22.0614, 20.2457, 21.7433, 19.7722, 6.1015, 7.9708, 1.2813, 11.7257, 0.0, 11.6205, 5.9651, 15.0515, 3.3487, 6.5846], [42.7996, 34.2595, 30.3706, 22.9829, 25.9003, 27.7953, 30.1629, 32.9666, 18.9558, 35.2128, 22.014, 26.3293, 18.2516, 17.7117, 21.9512, 31.5384, 20.8472, 20.263, 20.7141, 13.4463, 6.2758, 14.9605, 11.5157, 4.2117, 11.6205, 0.0, 10.5925, 22.3858, 11.8653, 5.7034], [51.129, 44.6427, 40.2274, 32.2793, 36.3482, 38.3204, 39.567, 42.762, 28.8467, 44.6506, 28.188, 31.0603, 25.1292, 23.6313, 29.7926, 34.6287, 26.5336, 25.0267, 26.2627, 22.2053, 4.5844, 13.7844, 4.7551, 12.766, 5.9651, 10.5925, 0.0, 11.9576, 3.0777, 5.0834], [62.4726, 56.5786, 52.1546, 44.1073, 48.2585, 50.1811, 51.3915, 54.6745, 40.7932, 56.4685, 38.9163, 40.9008, 36.2781, 34.4613, 41.1803, 43.223, 37.1069, 35.2342, 36.7842, 34.0019, 16.5414, 22.2489, 13.9733, 24.7087, 15.0515, 22.3858, 11.9576, 0.0, 12.1809, 17.0381], [50.3009, 45.1249, 40.2658, 32.0661, 36.958, 39.0527, 39.3332, 42.7413, 29.0232, 44.3976, 26.8824, 29.2984, 24.1199, 22.3785, 28.9998, 32.431, 25.1268, 23.4097, 24.8242, 21.9629, 5.6142, 11.3143, 2.0721, 13.0898, 3.3487, 11.8653, 3.0777, 12.1809, 0.0, 6.1898], [46.4838, 39.5614, 35.1871, 27.3319, 31.2762, 33.2695, 34.6127, 37.734, 23.7894, 39.6963, 24.1113, 27.5468, 20.7781, 19.5637, 25.2045, 31.8204, 22.6009, 21.4003, 22.3741, 17.3163, 0.5758, 12.3279, 6.1437, 7.7335, 6.5846, 5.7034, 5.0834, 17.0381, 6.1898, 0.0]]
[[0.0, 5.0495, 3.38, 1.6726, 3.2069, 3.9939, 6.2837, 3.6408, 3.8846, 10.3916, 76.8198, 83.4942, 70.5048, 82.4448, 71.6635, 86.5498, 75.8981, 77.8484, 76.4786, 78.0461, 78.9611, 78.5556, 75.8183, 77.1685, 75.9512, 75.9937, 63.8509, 75.5888, 76.298, 75.2538], [5.0495, 0.0, 2.4609, 3.5564, 2.3223, 9.0331, 10.8476, 6.0567, 4.9931, 14.2793, 79.4286, 86.5977, 73.3335, 85.0055, 74.362, 89.3557, 78.6537, 80.8328, 79.6057, 80.9236, 79.4688, 78.6928, 75.7698, 77.604, 76.4656, 76.8042, 64.2381, 76.2067, 77.2512, 75.8608], [3.38, 2.4609, 0.0, 1.7125, 0.3378, 7.1113, 8.5258, 5.8242, 5.2268, 11.8233, 77.1428, 84.2213, 71.0023, 82.7313, 72.0564, 87.0323, 76.3379, 78.4752, 77.2244, 78.5851, 77.7955, 77.1575, 74.3054, 75.9561, 74.7885, 75.0229, 62.6, 74.4923, 75.4218, 74.1501], [1.6726, 3.5564, 1.7125, 0.0, 1.5362, 5.5303, 7.3509, 4.472, 4.1918, 11.0761, 77.0525, 83.927, 70.8218, 82.6608, 71.9293, 86.8631, 76.1881, 78.2308, 76.9191, 78.3854, 78.4554, 77.9333, 75.1378, 76.639, 75.4463, 75.5847, 63.2988, 75.117, 75.9363, 74.7783], [3.2069, 2.3223, 0.3378, 1.5362, 0.0, 7.0221, 8.5673, 5.5107, 4.8931, 11.9643, 77.4017, 84.4526, 71.2492, 82.9928, 72.3104, 87.2811, 76.589, 78.7135, 77.4539, 78.8296, 78.1229, 77.4902, 74.6401, 76.2847, 75.1157, 75.3445, 62.9292, 74.8177, 75.7403, 74.4757], [3.9939, 9.0331, 7.1113, 5.5303, 7.0221, 0.0, 3.3575, 5.7984, 6.7895, 7.9115, 74.6, 80.8723, 68.1249, 80.2516, 69.3844, 84.1564, 73.5639, 75.3295, 73.8499, 75.6113, 78.4039, 78.2931, 75.7112, 76.6739, 75.3978, 75.2051, 63.443, 74.9544, 75.3952, 74.629], [6.2837, 10.8476, 8.5258, 7.3509, 8.5673, 3.3575, 0.0, 8.9635, 9.7828, 4.5544, 71.2575, 77.6014, 64.8021, 76.907, 66.0479, 80.8376, 70.235, 72.0333, 70.5798, 72.2987, 75.2711, 75.2609, 72.7407, 73.5619, 72.2678, 72.0066, 60.37, 71.7997, 72.1673, 71.4774], [3.6408, 6.0567, 5.8242, 4.472, 5.5107, 5.7984, 8.9635, 0.0, 1.3474, 13.4207, 80.1005, 86.5589, 73.7056, 85.7388, 74.915, 89.747, 79.1236, 80.9744, 79.5378, 81.2195, 82.6016, 82.1899, 79.4421, 80.8093, 79.5918, 79.6255, 67.4911, 79.2277, 79.9211, 78.893], [3.8846, 4.9931, 5.2268, 4.1918, 4.8931, 6.7895, 9.7828, 1.3474, 0.0, 14.1274, 80.6842, 87.2829, 74.3455, 86.3126, 75.5199, 90.3901, 79.747, 81.6622, 80.2644, 81.8777, 82.6315, 82.1247, 79.3286, 80.8199, 79.6221, 79.7321, 67.483, 79.2845, 80.0648, 78.9468], [10.3916, 14.2793, 11.8233, 11.0761, 11.9643, 7.9115, 4.5544, 13.4207, 14.1274, 0.0, 66.7186, 73.1588, 60.2893, 72.3654, 61.5168, 76.3292, 65.7137, 67.5565, 66.1394, 67.7992, 71.0849, 71.2309, 68.8076, 69.4092, 68.0875, 67.7186, 56.2884, 67.5811, 67.8327, 67.2638], [76.8198, 79.4286, 77.1428, 77.0525, 77.4017, 74.6, 71.2575, 80.1005, 80.6842, 66.7186, 0.0, 11.9092, 7.3164, 5.6743, 5.3508, 10.5521, 2.7985, 7.1409, 9.744, 5.1759, 34.5196, 39.9758, 42.0425, 35.1988, 33.7968, 29.3606, 35.582, 32.199, 27.2297, 32.3148], [83.4942, 86.5977, 84.2213, 83.927, 84.4526, 80.8723, 77.6014, 86.5589, 87.2829, 73.1588, 11.9092, 0.0, 14.1457, 11.0446, 14.3032, 6.9273, 10.3655, 6.2015, 7.0225, 7.1978, 45.8272, 51.4344, 53.7065, 46.679, 45.352, 40.861, 47.4702, 43.7637, 38.6772, 43.9059], [70.5048, 73.3335, 71.0023, 70.8218, 71.2492, 68.1249, 64.8021, 73.7056, 74.3455, 60.2893, 7.3164, 14.1457, 0.0, 12.7748, 2.4858, 16.045, 5.5127, 7.9526, 8.2206, 7.6202, 37.6122, 42.627, 44.1031, 37.904, 36.3501, 32.1857, 35.6329, 34.7709, 30.2566, 34.8109], [82.4448, 85.0055, 82.7313, 82.6608, 82.9928, 80.2516, 76.907, 85.7388, 86.3126, 72.3654, 5.6743, 11.0446, 12.7748, 0.0, 11.0038, 6.4865, 7.4139, 9.2883, 12.366, 7.4086, 35.1268, 40.8301, 43.3383, 36.1215, 34.8861, 30.3686, 38.4581, 33.3214, 28.1506, 33.4962], [71.6635, 74.362, 72.0564, 71.9293, 72.3104, 69.3844, 66.0479, 74.915, 75.5199, 61.5168, 5.3508, 14.3032, 2.4858, 11.0038, 0.0, 15.0828, 4.3831, 8.2021, 9.3216, 7.2395, 35.4479, 40.5595, 42.1641, 35.8141, 34.2859, 30.0545, 34.1729, 32.698, 28.0809, 32.7534], [86.5498, 89.3557, 87.0323, 86.8631, 87.2811, 84.1564, 80.8376, 89.747, 90.3901, 76.3292, 10.5521, 6.9273, 16.045, 6.4865, 15.0828, 0.0, 10.7253, 9.3393, 11.862, 8.5911, 41.299, 47.0531, 49.6719, 42.3834, 41.1965, 36.6799, 44.9315, 39.6462, 34.4535, 39.8338], [75.8981, 78.6537, 76.3379, 76.1881, 76.589, 73.5639, 70.235, 79.1236, 79.747, 65.7137, 2.7985, 10.3655, 5.5127, 7.4139, 4.3831, 10.7253, 0.0, 4.7814, 7.0707, 3.1732, 36.9803, 42.3575, 44.2951, 37.5797, 36.1397, 31.7473, 37.2714, 34.5405, 29.6509, 34.6395], [77.8484, 80.8328, 78.4752, 78.2308, 78.7135, 75.3295, 72.0333, 80.9744, 81.6622, 67.5565, 7.1409, 6.2015, 7.9526, 9.2883, 8.2021, 9.3393, 4.7814, 0.0, 3.0779, 2.0715, 41.6484, 47.0736, 49.0577, 42.2953, 40.872, 36.4586, 41.9824, 39.273, 34.3429, 39.3785], [76.4786, 79.6057, 77.2244, 76.9191, 77.4539, 73.8499, 70.5798, 79.5378, 80.2644, 66.1394, 9.744, 7.0225, 8.2206, 12.366, 9.3216, 11.862, 7.0707, 3.0779, 0.0, 5.0524, 44.0054, 49.3291, 51.157, 44.5549, 43.0887, 38.7328, 43.4936, 41.4906, 36.66, 41.5767], [78.0461, 80.9236, 78.5851, 78.3854, 78.8296, 75.6113, 72.2987, 81.2195, 81.8777, 67.7992, 5.1759, 7.1978, 7.6202, 7.4086, 7.2395, 8.5911, 3.1732, 2.0715, 5.0524, 0.0, 39.6911, 45.1514, 47.1975, 40.3742, 38.9689, 34.5361, 40.4099, 37.3707, 32.4054, 37.4841], [78.9611, 79.4688, 77.7955, 78.4554, 78.1229, 78.4039, 75.2711, 82.6016, 82.6315, 71.0849, 34.5196, 45.8272, 37.6122, 35.1268, 35.4479, 41.299, 36.9803, 41.6484, 44.0054, 39.6911, 0.0, 5.8327, 9.2055, 2.1479, 3.0098, 5.4835, 15.2756, 3.7295, 7.369, 3.9664], [78.5556, 78.6928, 77.1575, 77.9333, 77.4902, 78.2931, 75.2609, 82.1899, 82.1247, 71.2309, 39.9758, 51.4344, 42.627, 40.8301, 40.5595, 47.0531, 42.3575, 47.0736, 49.3291, 45.1514, 5.8327, 0.0, 4.0108, 4.7783, 6.277, 10.6156, 15.007, 7.8615, 12.7639, 7.8171], [75.8183, 75.7698, 74.3054, 75.1378, 74.6401, 75.7112, 72.7407, 79.4421, 79.3286, 68.8076, 42.0425, 53.7065, 44.1031, 43.3383, 42.1641, 49.6719, 44.2951, 49.0577, 51.157, 47.1975, 9.2055, 4.0108, 0.0, 7.5179, 8.4914, 12.9971, 13.207, 10.0261, 15.2268, 9.8422], [77.1685, 77.604, 75.9561, 76.639, 76.2847, 76.6739, 73.5619, 80.8093, 80.8199, 69.4092, 35.1988, 46.679, 37.904, 36.1215, 35.8141, 42.3834, 37.5797, 42.2953, 44.5549, 40.3742, 2.1479, 4.7783, 7.5179, 0.0, 1.685, 5.8382, 13.3673, 3.156, 8.0018, 3.188], [75.9512, 76.4656, 74.7885, 75.4463, 75.1157, 75.3978, 72.2678, 79.5918, 79.6221, 68.0875, 33.7968, 45.352, 36.3501, 34.8861, 34.2859, 41.1965, 36.1397, 40.872, 43.0887, 38.9689, 3.0098, 6.277, 8.4914, 1.685, 0.0, 4.5181, 12.2992, 1.5992, 6.7431, 1.5448], [75.9937, 76.8042, 75.0229, 75.5847, 75.3445, 75.2051, 72.0066, 79.6255, 79.7321, 67.7186, 29.3606, 40.861, 32.1857, 30.3686, 30.0545, 36.6799, 31.7473, 36.4586, 38.7328, 34.5361, 5.4835, 10.6156, 12.9971, 5.8382, 4.5181, 0.0, 13.7003, 2.9772, 2.2302, 3.2053], [63.8509, 64.2381, 62.6, 63.2988, 62.9292, 63.443, 60.37, 67.4911, 67.483, 56.2884, 35.582, 47.4702, 35.6329, 38.4581, 34.1729, 44.9315, 37.2714, 41.9824, 43.4936, 40.4099, 15.2756, 15.007, 13.207, 13.3673, 12.2992, 13.7003, 0.0, 12.2851, 15.0049, 11.9152], [75.5888, 76.2067, 74.4923, 75.117, 74.8177, 74.9544, 71.7997, 79.2277, 79.2845, 67.5811, 32.199, 43.7637, 34.7709, 33.3214, 32.698, 39.6462, 34.5405, 39.273, 41.4906, 37.3707, 3.7295, 7.8615, 10.0261, 3.156, 1.5992, 2.9772, 12.2851, 0.0, 5.2067, 0.3781], [76.298, 77.2512, 75.4218, 75.9363, 75.7403, 75.3952, 72.1673, 79.9211, 80.0648, 67.8327, 27.2297, 38.6772, 30.2566, 28.1506, 28.0809, 34.4535, 29.6509, 34.3429, 36.66, 32.4054, 7.369, 12.7639, 15.2268, 8.0018, 6.7431, 2.2302, 15.0049, 5.2067, 0.0, 5.4242], [75.2538, 75.8608, 74.1501, 74.7783, 74.4757, 74.629, 71.4774, 78.893, 78.9468, 67.2638, 32.3148, 43.9059, 34.8109, 33.4962, 32.7534, 39.8338, 34.6395, 39.3785, 41.5767, 37.4841, 3.9664, 7.8171, 9.8422, 3.188, 1.5448, 3.2053, 11.9152, 0.3781, 5.4242, 0.0]]
