[4, 30]
[[0.0, 98.4489, 31.4574, 96.1749, 23.9385, 81.6712, 49.3129, 88.8976, 13.3164, 46.5293, 25.7664, 72.7896, 44.4556, 73.216, 25.7493, 68.527, 41.3419, 62.7654, 53.8363, 54.7923, 30.4479, 56.9993, 35.8004, 67.4306, 41.7053, 41.4862, 46.4573, 65.0318, 35.5692, 47.176], [98.4489, 0.0, 96.7135, 13.1304, 92.9677, 64.3991, 80.0962, 52.8666, 96.13, 91.8795, 72.7982, 25.7693, 59.8516, 26.1522, 72.9197, 41.5214, 62.2576, 50.7262, 51.2874, 59.407, 68.2167, 52.733, 63.8587, 35.7938, 59.4563, 64.8858, 55.4908, 41.2077, 64.0236, 61.4119], [31.4574, 96.7135, 0.0, 98.6752, 53.2226, 59.6541, 74.0368, 70.4381, 43.7982, 16.3508, 34.3244, 71.9763, 58.8022, 70.7223, 33.6117, 58.006, 56.1396, 49.4919, 65.861, 39.8438, 36.3706, 45.3269, 47.4841, 61.2014, 53.7687, 31.8562, 57.9399, 56.4858, 47.1966, 35.5528], [96.1749, 13.1304, 98.6752, 0.0, 87.6276, 73.8044, 71.669, 63.502, 92.1335, 95.963, 71.2102, 26.9842, 54.4246, 29.1253, 71.4721, 47.8159, 57.1852, 56.5343, 45.0982, 64.1456, 66.9105, 57.2544, 60.538, 40.3053, 55.2366, 67.046, 50.7802, 46.2325, 60.7476, 64.5405], [23.9385, 92.9677, 53.2226, 87.6276, 0.0, 92.7832, 27.0915, 96.8031, 10.7996, 66.2799, 30.1335, 69.0241, 33.2797, 70.692, 30.7314, 72.6092, 30.7232, 69.6178, 42.5397, 64.0903, 33.708, 63.7179, 30.7251, 68.5277, 33.721, 50.7033, 37.4782, 68.1917, 30.666, 55.9984], [81.6712, 64.3991, 59.6541, 73.8044, 92.7832, 0.0, 98.7036, 14.2943, 88.4583, 45.7848, 62.6498, 52.1867, 73.2055, 48.4463, 62.0599, 29.56, 72.8812, 25.7759, 72.4534, 28.7437, 59.313, 30.7333, 66.2928, 38.6085, 68.1858, 42.1158, 68.5704, 33.7446, 66.1734, 36.7999], [49.3129, 80.0962, 74.0368, 71.669, 27.0915, 98.7036, 0.0, 98.8062, 37.3174, 83.8776, 42.1167, 60.6149, 25.8621, 63.5084, 42.9161, 72.6958, 25.8323, 73.1439, 30.4466, 70.9992, 42.9209, 67.9708, 33.0242, 65.8401, 30.5391, 59.9373, 30.9051, 67.8735, 33.2029, 63.7707], [88.8976, 52.8666, 70.4381, 63.502, 96.8031, 14.2943, 98.8062, 0.0, 93.9546, 57.9796, 67.1342, 45.4828, 72.9441, 41.599, 66.67, 26.172, 73.2292, 27.1874, 70.3245, 34.1093, 63.1596, 33.1058, 67.9987, 34.0793, 68.5526, 47.6132, 67.9392, 30.9896, 67.9372, 41.9144], [13.3164, 96.13, 43.7982, 92.1335, 10.7996, 88.4583, 37.3174, 93.9546, 0.0, 57.8612, 27.046, 71.1617, 38.0967, 72.2852, 27.4181, 71.2324, 35.1417, 66.9533, 47.7109, 60.2472, 31.4456, 61.0147, 32.3036, 68.4397, 36.9421, 46.5913, 41.3558, 67.1643, 32.1533, 52.2002], [46.5293, 91.8795, 16.3508, 95.963, 66.2799, 45.7848, 83.8776, 57.9796, 57.8612, 0.0, 41.9159, 69.0115, 64.7013, 66.9517, 41.1187, 50.8707, 62.5242, 41.6717, 69.9961, 32.5027, 42.2011, 39.1557, 53.5953, 56.2139, 59.1712, 30.4553, 62.5807, 50.6718, 53.3281, 31.5896], [25.7664, 72.7982, 34.3244, 71.2102, 30.1335, 62.6498, 42.1167, 67.1342, 27.046, 41.9159, 0.0, 47.08, 24.5402, 47.4497, 0.8, 44.2404, 21.8203, 40.0155, 32.27, 33.9723, 4.7075, 34.0725, 13.3361, 42.0601, 19.7834, 20.5913, 24.2784, 40.2903, 13.0479, 25.8732], [72.7896, 25.7693, 71.9763, 26.9842, 69.0241, 52.1867, 60.6149, 45.4828, 71.1617, 69.0115, 47.08, 0.0, 36.9848, 3.8838, 47.1819, 23.1925, 38.8609, 30.8251, 30.1787, 37.5311, 42.4732, 30.6434, 38.907, 14.4332, 35.3325, 40.197, 32.0614, 20.3563, 39.0403, 37.5563], [44.4556, 59.8516, 58.8022, 54.4246, 33.2797, 73.2055, 25.8621, 72.9441, 38.0967, 64.7013, 24.5402, 36.9848, 0.0, 39.2997, 25.2218, 46.8431, 3.1145, 47.5025, 9.62, 46.2507, 22.743, 42.5549, 11.3444, 40.2236, 5.6588, 36.859, 5.1783, 42.0229, 11.6294, 39.6888], [73.216, 26.1522, 70.7223, 29.1253, 70.692, 48.4463, 63.5084, 41.599, 72.2852, 66.9517, 47.4497, 3.8838, 39.2997, 0.0, 47.4864, 19.7251, 40.9661, 27.7662, 33.0778, 35.0234, 42.7767, 28.1301, 40.2305, 11.3265, 37.1772, 38.8661, 34.2531, 17.3109, 40.3397, 35.7649], [25.7493, 72.9197, 33.6117, 71.4721, 30.7314, 62.0599, 42.9161, 66.67, 27.4181, 41.1187, 0.8, 47.1819, 25.2218, 47.4864, 0.0, 43.9421, 22.5279, 39.5783, 32.8527, 33.4081, 4.7136, 33.6352, 13.9777, 41.9196, 20.4024, 19.9736, 24.858, 40.0421, 13.6891, 25.3049], [68.527, 41.5214, 58.006, 47.8159, 72.6092, 29.56, 72.6958, 26.172, 71.2324, 50.8707, 44.2404, 23.1925, 46.8431, 19.7251, 43.9421, 0.0, 47.2661, 9.2536, 44.2553, 18.5321, 39.7884, 12.7287, 42.7008, 9.0754, 42.6334, 28.0338, 41.8014, 4.8238, 42.6752, 22.9656], [41.3419, 62.2576, 56.1396, 57.1852, 30.7232, 72.8812, 25.8323, 73.2292, 35.1417, 62.5242, 21.8203, 38.8609, 3.1145, 40.9661, 22.5279, 47.2661, 0.0, 47.3163, 12.6494, 45.4362, 20.3755, 42.1528, 8.9323, 41.0948, 4.7111, 35.3644, 6.8324, 42.4704, 9.2033, 38.5583], [62.7654, 50.7262, 49.4919, 56.5343, 69.6178, 25.7759, 73.1439, 27.1874, 66.9533, 41.6717, 40.0155, 30.8251, 47.5025, 27.7662, 39.5783, 9.2536, 47.3163, 0.0, 46.7787, 9.6564, 35.9784, 5.9433, 41.2674, 16.4511, 42.6066, 21.3283, 42.8107, 10.4767, 41.1802, 15.7291], [53.8363, 51.2874, 65.861, 45.0982, 42.5397, 72.4534, 30.4466, 70.3245, 47.7109, 69.9961, 32.27, 30.1787, 9.62, 33.0778, 32.8527, 44.2553, 12.6494, 46.7787, 0.0, 47.5015, 29.5137, 42.6474, 19.0599, 36.4506, 12.5929, 40.4881, 7.9951, 39.5069, 19.3409, 42.1123], [54.7923, 59.407, 39.8438, 64.1456, 64.0903, 28.7437, 70.9992, 34.1093, 60.2472, 32.5027, 33.9723, 37.5311, 46.2507, 35.0234, 33.4081, 18.5321, 45.4362, 9.6564, 47.5015, 0.0, 30.5699, 6.8979, 38.1101, 23.937, 40.8601, 13.6577, 42.1368, 18.2227, 37.9623, 8.1043], [30.4479, 68.2167, 36.3706, 66.9105, 33.708, 59.313, 42.9209, 63.1596, 31.4456, 42.2011, 4.7075, 42.4732, 22.743, 42.7767, 4.7136, 39.7884, 20.3755, 35.9784, 29.5137, 30.5699, 0.0, 30.054, 11.4519, 37.3839, 17.4673, 17.7064, 21.5713, 35.7451, 11.1763, 22.5615], [56.9993, 52.733, 45.3269, 57.2544, 63.7179, 30.7333, 67.9708, 33.1058, 61.0147, 39.1557, 34.0725, 30.6434, 42.5549, 28.1301, 33.6352, 12.7287, 42.1528, 5.9433, 42.6474, 6.8979, 30.054, 0.0, 35.7129, 17.1007, 37.4625, 15.7211, 38.0545, 11.5399, 35.6108, 10.3444], [35.8004, 63.8587, 47.4841, 60.538, 30.7251, 66.2928, 33.0242, 67.9987, 32.3036, 53.5953, 13.3361, 38.907, 11.3444, 40.2305, 13.9777, 42.7008, 8.9323, 41.2674, 19.0599, 38.1101, 11.4519, 35.7129, 0.0, 37.9068, 6.4814, 27.0308, 11.1325, 38.0783, 0.2886, 30.7513], [67.4306, 35.7938, 61.2014, 40.3053, 68.5277, 38.6085, 65.8401, 34.0793, 68.4397, 56.2139, 42.0601, 14.4332, 40.2236, 11.3265, 41.9196, 9.0754, 41.0948, 16.4511, 36.4506, 23.937, 37.3839, 17.1007, 37.9068, 0.0, 36.6603, 29.6303, 35.0616, 5.9846, 37.9366, 25.7047], [41.7053, 59.4563, 53.7687, 55.2366, 33.721, 68.1858, 30.5391, 68.5526, 36.9421, 59.1712, 19.7834, 35.3325, 5.6588, 37.1772, 20.4024, 42.6334, 4.7111, 42.6066, 12.5929, 40.8601, 17.4673, 37.4625, 6.4814, 36.6603, 0.0, 31.2083, 4.7715, 37.8495, 6.7656, 34.1352], [41.4862, 64.8858, 31.8562, 67.046, 50.7033, 42.1158, 59.9373, 47.6132, 46.5913, 30.4553, 20.5913, 40.197, 36.859, 38.8661, 19.9736, 28.0338, 35.3644, 21.3283, 40.4881, 13.6577, 17.7064, 15.7211, 27.0308, 29.6303, 31.2083, 0.0, 33.7038, 25.4968, 26.8265, 5.7074], [46.4573, 55.4908, 57.9399, 50.7802, 37.4782, 68.5704, 30.9051, 67.9392, 41.3558, 62.5807, 24.2784, 32.0614, 5.1783, 34.2531, 24.858, 41.8014, 6.8324, 42.8107, 7.9951, 42.1368, 21.5713, 38.0545, 11.1325, 35.0616, 4.7715, 33.7038, 0.0, 36.9779, 11.4082, 35.9922], [65.0318, 41.2077, 56.4858, 46.2325, 68.1917, 33.7446, 67.8735, 30.9896, 67.1643, 50.6718, 40.2903, 20.3563, 42.0229, 17.3109, 40.0421, 4.8238, 42.4704, 10.4767, 39.5069, 18.2227, 35.7451, 11.5399, 38.0783, 5.9846, 37.8495, 25.4968, 36.9779, 0.0, 38.0628, 20.9661], [35.5692, 64.0236, 47.1966, 60.7476, 30.666, 66.1734, 33.2029, 67.9372, 32.1533, 53.3281, 13.0479, 39.0403, 11.6294, 40.3397, 13.6891, 42.6752, 9.2033, 41.1802, 19.3409, 37.9623, 11.1763, 35.6108, 0.2886, 37.9366, 6.7656, 26.8265, 11.4082, 38.0628, 0.0, 30.5798], [47.176, 61.4119, 35.5528, 64.5405, 55.9984, 36.7999, 63.7707, 41.9144, 52.2002, 31.5896, 25.8732, 37.5563, 39.6888, 35.7649, 25.3049, 22.9656, 38.5583, 15.7291, 42.1123, 8.1043, 22.5615, 10.3444, 30.7513, 25.7047, 34.1352, 5.7074, 35.9922, 20.9661, 30.5798, 0.0]]
[[0.0, 89.1222, 63.0453, 89.7842, 47.5957, 73.1118, 77.1035, 89.8896, 64.1552, 69.8267, 54.2193, 54.1812, 51.7458, 67.7098, 21.0113, 49.416, 22.0213, 60.2468, 62.9638, 69.2539, 18.1664, 63.2994, 45.1317, 73.1294, 46.3942, 73.1459, 31.4553, 52.6015, 18.3005, 58.3971], [89.1222, 0.0, 50.3059, 37.535, 65.3313, 37.0229, 65.4622, 3.7101, 78.0847, 41.7736, 39.0647, 59.6568, 41.9195, 40.8722, 68.1784, 44.4568, 70.5732, 31.3597, 49.8164, 20.5293, 71.4272, 53.0325, 50.3377, 21.0132, 49.1334, 21.1231, 72.6598, 42.6546, 72.0221, 35.6205], [63.0453, 50.3059, 0.0, 77.232, 19.3497, 15.0786, 89.83, 53.3637, 91.4504, 9.8637, 21.086, 70.9612, 20.5511, 64.7618, 48.0687, 20.6833, 56.1504, 25.5446, 68.8396, 42.521, 51.8275, 71.8099, 20.6757, 50.8223, 19.9221, 50.9745, 66.7833, 18.1659, 53.7527, 20.5624], [89.7842, 37.535, 77.232, 0.0, 85.8622, 68.0899, 33.4753, 34.1205, 51.645, 71.4923, 58.3484, 40.8455, 60.4198, 22.1925, 70.4404, 62.1459, 67.8471, 51.9648, 29.1237, 34.7148, 72.1585, 30.6222, 67.1989, 26.411, 66.5022, 26.258, 62.7441, 62.377, 71.5917, 57.2066], [47.5957, 65.3313, 19.3497, 85.8622, 0.0, 33.8228, 91.4811, 67.8753, 88.7303, 28.8776, 27.9972, 69.7593, 25.6036, 69.2845, 37.5482, 23.7243, 46.6602, 35.4172, 70.9106, 52.5846, 40.7402, 73.3451, 18.8914, 60.3728, 19.4292, 60.495, 59.2524, 23.9233, 42.9257, 30.3506], [73.1118, 37.0229, 15.0786, 68.0899, 33.8228, 0.0, 85.7323, 40.3853, 90.7083, 5.2619, 21.5088, 69.8646, 22.9459, 59.454, 55.4177, 24.6672, 62.1881, 20.9308, 65.2748, 34.2083, 59.2806, 68.5163, 28.0273, 42.2096, 26.8045, 42.3765, 70.7553, 21.31, 60.8947, 18.2763], [77.1035, 65.4622, 89.83, 33.4753, 91.4811, 85.7323, 0.0, 62.8161, 20.4311, 87.4294, 68.7505, 23.5941, 69.6055, 26.5376, 62.9748, 70.2008, 56.4291, 65.4184, 21.0061, 52.8508, 62.8672, 18.2137, 73.2526, 46.5683, 73.1472, 46.4072, 45.757, 71.9818, 61.3658, 69.6875], [89.8896, 3.7101, 53.3637, 34.1205, 67.8753, 40.3853, 62.8161, 0.0, 76.0863, 45.0401, 41.1045, 58.1524, 43.9323, 38.8311, 68.8903, 46.429, 70.8122, 33.3387, 47.9225, 20.7315, 72.0259, 51.0688, 52.3246, 19.7298, 51.1565, 19.8161, 72.2112, 44.8265, 72.5109, 37.8581], [64.1552, 78.0847, 91.4504, 51.645, 88.7303, 90.7083, 20.4311, 76.0863, 0.0, 91.2499, 70.9285, 20.8438, 70.961, 37.2563, 54.7199, 70.8104, 46.4109, 69.7799, 28.2983, 61.5717, 53.414, 25.0524, 72.3141, 57.3999, 72.5793, 57.2661, 33.4901, 73.3223, 51.477, 72.9837], [69.8267, 41.7736, 9.8637, 71.4923, 28.8776, 5.2619, 87.4294, 45.0401, 91.2499, 0.0, 20.6827, 70.4461, 21.4949, 61.4637, 52.9792, 22.7595, 60.2436, 22.0236, 66.7002, 37.0932, 56.8329, 69.8632, 25.1605, 45.29, 24.0424, 45.4529, 69.573, 19.4962, 58.5634, 18.2676], [54.2193, 39.0647, 21.086, 58.3484, 27.9972, 21.5088, 68.7505, 41.1045, 70.9285, 20.6827, 0.0, 50.2388, 2.8661, 43.9627, 34.9387, 5.4409, 40.9916, 7.7743, 47.7555, 24.5884, 38.7556, 50.7259, 11.2795, 32.46, 10.0693, 32.5881, 49.2509, 4.0821, 40.1665, 4.1804], [54.1812, 59.6568, 70.9612, 40.8455, 69.7593, 69.8646, 23.5941, 58.1524, 20.8438, 70.4461, 50.2388, 0.0, 50.4163, 20.6683, 39.3915, 50.4368, 32.9801, 48.9368, 11.8734, 41.647, 39.2996, 10.3536, 52.4363, 38.6448, 52.5728, 38.5338, 23.5588, 52.7966, 37.8497, 52.1789], [51.7458, 41.9195, 20.5511, 60.4198, 25.6036, 22.9459, 69.6055, 43.9323, 70.961, 21.4949, 2.8661, 50.4163, 0.0, 45.2972, 32.8149, 2.5827, 39.255, 10.5937, 48.6017, 27.0513, 36.6585, 51.4791, 8.4189, 34.7692, 7.2247, 34.8914, 48.089, 2.3938, 38.1568, 6.852], [67.7098, 40.8722, 64.7618, 22.1925, 69.2845, 59.454, 26.5376, 38.8311, 37.2563, 61.4637, 43.9627, 20.6683, 45.2972, 0.0, 48.8443, 46.3744, 45.724, 39.625, 9.2567, 26.3285, 50.2976, 12.2583, 50.4312, 20.5721, 50.0405, 20.4229, 40.8184, 47.5803, 49.6087, 44.2605], [21.0113, 68.1784, 48.0687, 70.4404, 37.5482, 55.4177, 62.9748, 68.8903, 54.7199, 52.9792, 34.9387, 39.3915, 32.8149, 48.8443, 0.0, 30.8103, 9.2049, 40.1289, 45.7018, 48.2429, 3.8632, 46.799, 27.8843, 52.2622, 28.9489, 52.2855, 22.3973, 34.1578, 5.6862, 39.0218], [49.416, 44.4568, 20.6833, 62.1459, 23.7243, 24.6672, 70.2008, 46.429, 70.8104, 22.7595, 5.4409, 50.4368, 2.5827, 46.3744, 30.8103, 0.0, 37.5814, 13.1049, 49.2297, 29.1958, 34.6682, 52.0158, 5.8958, 36.7549, 4.7683, 36.8715, 46.9092, 3.3575, 36.2411, 9.4052], [22.0213, 70.5732, 56.1504, 67.8471, 46.6602, 62.1881, 56.4291, 70.8122, 46.4109, 60.2436, 40.9916, 32.9801, 39.255, 45.724, 9.2049, 37.5814, 0.0, 45.0329, 41.0378, 50.1227, 7.0259, 41.5544, 35.5809, 52.7775, 36.5053, 52.771, 13.3811, 40.9228, 5.087, 44.8533], [60.2468, 31.3597, 25.5446, 51.9648, 35.4172, 20.9308, 65.4184, 33.3387, 69.7799, 22.0236, 7.7743, 48.9368, 10.5937, 39.625, 40.1289, 13.1049, 45.0329, 0.0, 44.6805, 17.5064, 43.8151, 47.8565, 18.9963, 25.6752, 17.8182, 25.8168, 51.6006, 11.6424, 44.9655, 5.276], [62.9638, 49.8164, 68.8396, 29.1237, 70.9106, 65.2748, 21.0061, 47.9225, 28.2983, 66.7002, 47.7555, 11.8734, 48.6017, 9.2567, 45.7018, 49.2297, 41.0378, 44.6805, 0.0, 33.7772, 46.4918, 3.3707, 52.4532, 29.1111, 52.29, 28.9755, 33.9898, 50.9767, 45.4465, 48.7926], [69.2539, 20.5293, 42.521, 34.7148, 52.5846, 34.2083, 52.8508, 20.7315, 61.5717, 37.0932, 24.5884, 41.647, 27.0513, 26.3285, 48.2429, 29.1958, 50.1227, 17.5064, 33.7772, 0.0, 51.3217, 37.148, 34.8599, 8.3044, 33.9001, 8.4586, 52.3064, 28.6668, 51.782, 22.7816], [18.1664, 71.4272, 51.8275, 72.1585, 40.7402, 59.2806, 62.8672, 72.0259, 53.414, 56.8329, 38.7556, 39.2996, 36.6585, 50.2976, 3.8632, 34.6682, 7.0259, 43.8151, 46.4918, 51.3217, 0.0, 47.3252, 31.7232, 54.9778, 32.7977, 54.9924, 20.3644, 38.0171, 2.2222, 42.8233], [63.2994, 53.0325, 71.8099, 30.6222, 73.3451, 68.5163, 18.2137, 51.0688, 25.0524, 69.8632, 50.7259, 10.3536, 51.4791, 12.2583, 46.799, 52.0158, 41.5544, 47.8565, 3.3707, 37.148, 47.3252, 0.0, 55.0449, 32.409, 54.9337, 32.2711, 33.5092, 53.863, 46.1436, 51.8822], [45.1317, 50.3377, 20.6757, 67.1989, 18.8914, 28.0273, 73.2526, 52.3246, 72.3141, 25.1605, 11.2795, 52.4363, 8.4189, 50.4312, 27.8843, 5.8958, 35.5809, 18.9963, 52.4532, 34.8599, 31.7232, 55.0449, 0.0, 42.2213, 1.3243, 42.3307, 46.1482, 8.1128, 33.5158, 15.0308], [73.1294, 21.0132, 50.8223, 26.411, 60.3728, 42.2096, 46.5683, 19.7298, 57.3999, 45.29, 32.46, 38.6448, 34.7692, 20.5721, 52.2622, 36.7549, 52.7775, 25.6752, 29.1111, 8.3044, 54.9778, 32.409, 42.2213, 0.0, 41.3563, 0.1702, 52.8736, 36.5381, 55.127, 30.9456], [46.3942, 49.1334, 19.9221, 66.5022, 19.4292, 26.8045, 73.1472, 51.1565, 72.5793, 24.0424, 10.0693, 52.5728, 7.2247, 50.0405, 28.9489, 4.7683, 36.5053, 17.8182, 52.29, 33.9001, 32.7977, 54.9337, 1.3243, 41.3563, 0.0, 41.4688, 46.8612, 6.8006, 34.5583, 13.7522], [73.1459, 21.1231, 50.9745, 26.258, 60.495, 42.3765, 46.4072, 19.8161, 57.2661, 45.4529, 32.5881, 38.5338, 34.8914, 20.4229, 52.2855, 36.8715, 52.771, 25.8168, 28.9755, 8.4586, 54.9924, 32.2711, 42.3307, 0.1702, 41.4688, 0.0, 52.8245, 36.6655, 55.1347, 31.0864], [31.4553, 72.6598, 66.7833, 62.7441, 59.2524, 70.7553, 45.757, 72.2112, 33.4901, 69.573, 49.2509, 23.5588, 48.089, 40.8184, 22.3973, 46.9092, 13.3811, 51.6006, 33.9898, 52.3064, 20.3644, 33.5092, 46.1482, 52.8736, 46.8612, 52.8245, 0.0, 50.0961, 18.2825, 52.6469], [52.6015, 42.6546, 18.1659, 62.377, 23.9233, 21.31, 71.9818, 44.8265, 73.3223, 19.4962, 4.0821, 52.7966, 2.3938, 47.5803, 34.1578, 3.3575, 40.9228, 11.6424, 50.9767, 28.6668, 38.0171, 53.863, 8.1128, 36.5381, 6.8006, 36.6655, 50.0961, 0.0, 39.5971, 7.0614], [18.3005, 72.0221, 53.7527, 71.5917, 42.9257, 60.8947, 61.3658, 72.5109, 51.477, 58.5634, 40.1665, 37.8497, 38.1568, 49.6087, 5.6862, 36.2411, 5.087, 44.9655, 45.4465, 51.782, 2.2222, 46.1436, 33.5158, 55.127, 34.5583, 55.1347, 18.2825, 39.5971, 0.0, 44.1903], [58.3971, 35.6205, 20.5624, 57.2066, 30.3506, 18.2763, 69.6875, 37.8581, 72.9837, 18.2676, 4.1804, 52.1789, 6.852, 44.2605, 39.0218, 9.4052, 44.8533, 5.276, 48.7926, 22.7816, 42.8233, 51.8822, 15.0308, 30.9456, 13.7522, 31.0864, 52.6469, 7.0614, 44.1903, 0.0]]
[[0.0, 52.4659, 30.3472, 85.5555, 57.4816, 84.9439, 32.0587, 86.5044, 39.4296, 75.485, 17.6057, 68.6771, 54.0554, 69.7367, 22.3504, 46.0184, 49.5287, 57.6653, 14.3835, 70.2137, 36.3021, 60.5756, 48.3684, 55.9426, 44.8224, 64.6006, 21.1216, 65.0081, 32.001, 59.8142], [52.4659, 0.0, 73.2751, 60.051, 84.952, 77.681, 23.2357, 66.7952, 15.3449, 85.7268, 37.1997, 42.354, 71.939, 45.2057, 57.0991, 70.0106, 15.479, 72.2303, 46.1347, 66.5177, 60.3546, 36.7178, 64.9143, 29.4464, 63.984, 59.0212, 42.0352, 48.8367, 26.1418, 64.2586], [30.3472, 73.2751, 0.0, 84.7542, 31.1424, 73.7025, 58.2138, 82.1785, 63.944, 55.8381, 37.0202, 72.1882, 35.0782, 71.9599, 16.4246, 25.7864, 64.4474, 39.7359, 27.6952, 60.1584, 22.7457, 65.4109, 32.9175, 64.0432, 29.262, 57.4057, 31.3018, 63.9758, 47.5195, 47.9471], [85.5555, 60.051, 84.7542, 0.0, 72.7383, 29.4491, 74.5836, 9.9116, 70.1526, 53.3956, 69.1788, 18.6195, 57.1298, 16.5146, 71.9436, 63.3392, 46.9757, 53.4691, 71.5914, 30.7891, 62.0756, 26.4338, 54.5257, 33.2841, 57.2544, 29.0539, 64.579, 21.1177, 56.8565, 40.7824], [57.4816, 84.952, 31.1424, 72.7383, 0.0, 52.4326, 77.3659, 66.8858, 80.6555, 28.3019, 56.0258, 66.6466, 16.0211, 65.1309, 35.7838, 14.9573, 71.8079, 19.2696, 48.2874, 42.6132, 25.3485, 62.6603, 21.3133, 64.8881, 21.1751, 43.8678, 47.2557, 55.4653, 59.7942, 32.0354], [84.9439, 77.681, 73.7025, 29.4491, 52.4326, 0.0, 85.0853, 19.935, 83.2232, 27.0312, 72.1505, 37.7453, 39.6484, 34.7307, 65.6777, 48.3753, 62.4028, 34.9886, 70.6978, 14.7304, 52.2347, 41.1953, 40.8044, 48.2632, 44.537, 21.0992, 64.6583, 28.8594, 64.2739, 26.0962], [32.0587, 23.2357, 58.2138, 74.5836, 77.3659, 85.0853, 0.0, 79.1248, 8.086, 85.8125, 21.8173, 55.9649, 67.6937, 58.2143, 43.7802, 62.8944, 28.4424, 69.4889, 30.855, 71.5806, 52.1015, 48.3583, 60.5815, 41.2999, 58.3721, 64.2843, 30.142, 58.1115, 21.1022, 65.3743], [86.5044, 66.7952, 82.1785, 9.9116, 66.8858, 19.935, 79.1248, 0.0, 75.4986, 45.243, 71.0728, 24.4411, 51.8964, 21.6305, 70.7634, 59.0794, 52.7102, 47.8117, 72.2182, 24.2726, 59.4706, 30.9863, 50.4177, 38.3606, 53.5619, 24.837, 65.3851, 21.8128, 60.0055, 35.7002], [39.4296, 15.3449, 63.944, 70.1526, 80.6555, 83.2232, 8.086, 75.4986, 0.0, 86.5033, 26.9382, 51.6256, 69.7134, 54.1138, 48.7097, 65.8684, 23.2115, 71.0016, 36.2582, 70.3933, 55.3203, 44.5123, 62.5339, 37.1662, 60.7456, 62.9265, 34.1636, 55.2711, 21.561, 65.4777], [75.485, 85.7268, 55.8381, 53.3956, 28.3019, 27.0312, 85.8125, 45.243, 86.5033, 0.0, 67.6278, 54.3279, 21.6792, 51.8509, 53.4576, 30.6947, 70.5299, 17.821, 62.7983, 23.6859, 39.2083, 53.8262, 27.1961, 58.9703, 30.6631, 29.3683, 58.7136, 42.6628, 65.1282, 21.4683], [17.6057, 37.1997, 37.0202, 69.1788, 56.0258, 72.1505, 21.8173, 71.0728, 26.9382, 67.6278, 0.0, 51.7096, 47.8368, 53.0064, 21.9891, 41.963, 32.1572, 50.3385, 9.3251, 57.6277, 31.1004, 43.5423, 41.0068, 38.5091, 38.2539, 51.1434, 9.0847, 49.2846, 14.414, 48.9211], [68.6771, 42.354, 72.1882, 18.6195, 66.6466, 37.7453, 55.9649, 24.4411, 51.6256, 54.3279, 51.7096, 0.0, 50.6543, 3.041, 57.7284, 54.5079, 28.5338, 48.1975, 55.2299, 30.9391, 50.3979, 8.1803, 46.0237, 14.6675, 47.766, 25.1089, 48.1864, 11.7958, 38.7019, 35.8276], [54.0554, 71.939, 35.0782, 57.1298, 16.0211, 39.6484, 67.6937, 51.8964, 69.7134, 21.6792, 47.8368, 50.6543, 0.0, 49.1114, 31.8645, 9.319, 57.8977, 4.7234, 41.9587, 27.8297, 17.7861, 46.9232, 7.1806, 49.6553, 9.612, 28.1046, 38.7556, 39.4453, 48.2141, 16.3627], [69.7367, 45.2057, 71.9599, 16.5146, 65.1309, 34.7307, 58.2143, 21.6305, 54.1138, 51.8509, 53.0064, 3.041, 49.1114, 0.0, 57.8829, 53.4071, 31.1405, 46.4459, 56.0666, 28.326, 49.8696, 9.9249, 44.8003, 16.9793, 46.7479, 22.8299, 49.0162, 9.754, 40.3822, 33.8975], [22.3504, 57.0991, 16.4246, 71.9436, 35.7838, 65.6777, 43.7802, 70.7634, 48.7097, 53.4576, 21.9891, 57.7284, 31.8645, 57.8829, 0.0, 23.6682, 48.0339, 35.7021, 13.0756, 51.1787, 14.3373, 50.4522, 26.662, 48.3414, 22.9408, 46.7999, 15.0697, 50.8345, 31.1705, 39.7067], [46.0184, 70.0106, 25.7864, 63.3392, 14.9573, 48.3753, 62.8944, 59.0794, 65.8684, 30.6947, 41.963, 54.5079, 9.319, 53.4071, 23.6682, 0.0, 57.0529, 13.9498, 34.99, 35.6388, 10.8643, 49.5753, 8.8172, 50.9886, 6.8615, 34.476, 32.9863, 44.1218, 44.8703, 23.5064], [49.5287, 15.479, 64.4474, 46.9757, 71.8079, 62.4028, 28.4424, 52.7102, 23.2115, 70.5299, 32.1572, 28.5338, 57.8977, 31.1405, 48.0339, 57.0529, 0.0, 57.7503, 39.492, 51.0398, 48.2866, 21.9097, 51.0797, 14.4798, 50.637, 43.5422, 33.7165, 33.6443, 17.977, 49.0856], [57.6653, 72.2303, 39.7359, 53.4691, 19.2696, 34.9886, 69.4889, 47.8117, 71.0016, 17.821, 50.3385, 48.1975, 4.7234, 46.4459, 35.7021, 13.9498, 57.7503, 0.0, 45.0738, 23.5949, 21.4077, 45.1237, 9.4417, 48.4953, 12.8429, 24.6447, 41.3167, 36.7011, 49.4406, 12.8192], [14.3835, 46.1347, 27.6952, 71.5914, 48.2874, 70.6978, 30.855, 72.2182, 36.2582, 62.7983, 9.3251, 55.2299, 41.9587, 56.0666, 13.0756, 34.99, 39.492, 45.0738, 0.0, 55.9715, 24.3714, 47.2668, 35.6355, 43.3728, 32.3997, 50.2408, 7.0508, 50.8474, 21.5633, 45.905], [70.2137, 66.5177, 60.1584, 30.7891, 42.6132, 14.7304, 71.5806, 24.2726, 70.3933, 23.6859, 57.6277, 30.9391, 27.8297, 28.326, 51.1787, 35.6388, 51.0398, 23.5949, 55.9715, 0.0, 38.0953, 31.6403, 27.3778, 37.8121, 30.9126, 7.5327, 49.9812, 19.6104, 50.5492, 12.2426], [36.3021, 60.3546, 22.7457, 62.0756, 25.3485, 52.2347, 52.1015, 59.4706, 55.3203, 39.2083, 31.1004, 50.3979, 17.7861, 49.8696, 14.3373, 10.8643, 48.2866, 21.4077, 24.3714, 38.0953, 0.0, 44.2787, 12.3373, 44.2739, 8.6052, 34.7657, 22.126, 41.4704, 34.6881, 26.1406], [60.5756, 36.7178, 65.4109, 26.4338, 62.6603, 41.1953, 48.3583, 30.9863, 44.5123, 53.8262, 43.5423, 8.1803, 46.9232, 9.9249, 50.4522, 49.5753, 21.9097, 45.1237, 47.2668, 31.6403, 44.2787, 0.0, 41.5097, 7.4345, 42.7234, 24.6776, 40.2419, 12.4429, 30.5611, 33.6273], [48.3684, 64.9143, 32.9175, 54.5257, 21.3133, 40.8044, 60.5815, 50.4177, 62.5339, 27.1961, 41.0068, 46.0237, 7.1806, 44.8003, 26.662, 8.8172, 51.0797, 9.4417, 35.6355, 27.3778, 12.3373, 41.5097, 0.0, 43.5767, 3.8368, 25.7158, 31.9548, 35.4102, 41.0341, 15.1364], [55.9426, 29.4464, 64.0432, 33.2841, 64.8881, 48.2632, 41.2999, 38.3606, 37.1662, 58.9703, 38.5091, 14.6675, 49.6553, 16.9793, 48.3414, 50.9886, 14.4798, 48.4953, 43.3728, 37.8121, 44.2739, 7.4345, 43.5767, 0.0, 44.1636, 30.5122, 36.5225, 19.4045, 24.7336, 38.0127], [44.8224, 63.984, 29.262, 57.2544, 21.1751, 44.537, 58.3721, 53.5619, 60.7456, 30.6631, 38.2539, 47.766, 9.612, 46.7479, 22.9408, 6.8615, 50.637, 12.8429, 32.3997, 30.9126, 8.6052, 42.7234, 3.8368, 44.1636, 0.0, 28.7487, 29.1695, 37.5956, 39.409, 18.6872], [64.6006, 59.0212, 57.4057, 29.0539, 43.8678, 21.0992, 64.2843, 24.837, 62.9265, 29.3683, 51.1434, 25.1089, 28.1046, 22.8299, 46.7999, 34.476, 43.5422, 24.6447, 50.2408, 7.5327, 34.7657, 24.6776, 25.7158, 30.5122, 28.7487, 0.0, 43.9276, 13.3429, 43.3279, 11.8339], [21.1216, 42.0352, 31.3018, 64.579, 47.2557, 64.6583, 30.142, 65.3851, 34.1636, 58.7136, 9.0847, 48.1864, 38.7556, 49.0162, 15.0697, 32.9863, 33.7165, 41.3167, 7.0508, 49.9812, 22.126, 40.2419, 31.9548, 36.5225, 29.1695, 43.9276, 0.0, 43.9073, 16.2543, 40.5609], [65.0081, 48.8367, 63.9758, 21.1177, 55.4653, 28.8594, 58.1115, 21.8128, 55.2711, 42.6628, 49.2846, 11.7958, 39.4453, 9.754, 50.8345, 44.1218, 33.6443, 36.7011, 50.8474, 19.6104, 41.4704, 12.4429, 35.4102, 19.4045, 37.5956, 13.3429, 43.9073, 0.0, 38.3706, 24.1487], [32.001, 26.1418, 47.5195, 56.8565, 59.7942, 64.2739, 21.1022, 60.0055, 21.561, 65.1282, 14.414, 38.7019, 48.2141, 40.3822, 31.1705, 44.8703, 17.977, 49.4406, 21.5633, 50.5492, 34.6881, 30.5611, 41.0341, 24.7336, 39.409, 43.3279, 16.2543, 38.3706, 0.0, 44.386], [59.8142, 64.2586, 47.9471, 40.7824, 32.0354, 26.0962, 65.3743, 35.7002, 65.4777, 21.4683, 48.9211, 35.8276, 16.3627, 33.8975, 39.7067, 23.5064, 49.0856, 12.8192, 45.905, 12.2426, 26.1406, 33.6273, 15.1364, 38.0127, 18.6872, 11.8339, 40.5609, 24.1487, 44.386, 0.0]]
[[0.0, 20.2512, 13.86, 22.5354, 16.9201, 22.7793, 3.189, 22.8972, 0.6672, 22.6277, 21.9117, 36.0415, 21.2768, 41.3096, 28.082, 42.7578, 24.3219, 42.656, 23.909, 43.3334, 11.6257, 11.2192, 12.034, 11.2352, 11.0993, 11.8407, 11.0922, 11.6417, 11.7937, 12.3397], [20.2512, 0.0, 23.1869, 5.9291, 22.3645, 15.7469, 21.6471, 15.3204, 20.5747, 6.281, 37.1051, 22.5366, 38.6297, 21.3651, 44.4057, 22.5659, 33.6308, 22.4372, 34.1432, 34.48, 12.2812, 11.5053, 12.0009, 11.4849, 12.2591, 12.165, 11.7029, 12.2746, 11.0508, 11.3367], [13.86, 23.1869, 0.0, 21.7443, 4.0666, 15.3043, 11.1641, 15.7311, 13.3174, 21.6092, 34.8586, 44.2769, 33.0835, 43.6975, 21.7815, 42.6474, 38.1807, 42.7496, 37.7437, 32.4505, 11.0166, 12.0109, 11.2403, 12.0286, 11.1863, 11.0984, 11.8294, 11.0202, 12.3334, 11.8968], [22.5354, 5.9291, 21.7443, 0.0, 19.9332, 10.8537, 23.1551, 10.3447, 22.7001, 0.3645, 41.4903, 27.3579, 42.4781, 22.0547, 43.5062, 21.1623, 38.9188, 21.1995, 39.3226, 28.5649, 12.0737, 11.8449, 11.675, 11.8247, 12.3398, 11.8847, 12.0245, 12.0611, 11.2603, 11.0916], [16.9201, 22.3645, 4.0666, 19.9332, 0.0, 11.9998, 14.5647, 12.4862, 16.4536, 19.7411, 38.4314, 44.2936, 36.8886, 41.9801, 24.3323, 40.297, 41.1164, 40.4486, 40.7803, 28.3848, 11.0097, 12.1852, 11.0882, 12.1981, 11.3775, 11.0133, 12.0405, 11.0074, 12.3263, 11.6683], [22.7793, 15.7469, 15.3043, 10.8537, 11.9998, 0.0, 21.8699, 0.5713, 22.6244, 10.5296, 44.3422, 38.0782, 44.0555, 31.7015, 36.2828, 28.9555, 44.2597, 29.1775, 44.3257, 21.1126, 11.4629, 12.2974, 11.1179, 12.29, 12.0612, 11.2683, 12.3383, 11.4476, 11.8754, 11.075], [3.189, 21.6471, 11.1641, 23.1551, 14.5647, 21.8699, 0.0, 22.063, 2.5267, 23.1983, 23.8751, 38.7434, 22.6219, 42.9519, 25.1276, 43.8886, 27.1426, 43.8296, 26.6423, 41.8672, 11.4458, 11.3722, 11.8705, 11.3914, 11.0253, 11.6599, 11.2076, 11.461, 11.9656, 12.3192], [22.8972, 15.3204, 15.7311, 10.3447, 12.4862, 0.5713, 22.063, 0.0, 22.7582, 10.0166, 44.3875, 37.6055, 44.1669, 31.1316, 36.7878, 28.3926, 44.169, 28.6127, 44.2541, 21.1909, 11.4945, 12.2855, 11.1374, 12.2772, 12.0869, 11.2954, 12.3353, 11.479, 11.8442, 11.0605], [0.6672, 20.5747, 13.3174, 22.7001, 16.4536, 22.6244, 2.5267, 22.7582, 0.0, 22.7822, 22.2385, 36.6363, 21.4581, 41.6991, 27.4369, 43.044, 24.8666, 42.9509, 24.4301, 43.0766, 11.5876, 11.2487, 12.0018, 11.2655, 11.0799, 11.8037, 11.1129, 11.6034, 11.8309, 12.3394], [22.6277, 6.281, 21.6092, 0.3645, 19.7411, 10.5296, 23.1983, 10.0166, 22.7822, 0.0, 41.7, 27.7081, 42.6503, 22.2394, 43.3799, 21.2262, 39.1969, 21.274, 39.5918, 28.2075, 12.0572, 11.8649, 11.6541, 11.8448, 12.3395, 11.865, 12.0418, 12.0442, 11.2773, 11.0812], [21.9117, 37.1051, 34.8586, 41.4903, 38.4314, 44.3422, 23.8751, 44.3875, 22.2385, 41.7, 0.0, 41.7262, 5.1798, 54.6163, 39.5593, 58.4902, 10.5477, 58.2047, 9.0723, 65.1775, 32.8933, 32.1608, 33.2551, 32.1714, 32.3031, 33.0934, 32.0913, 32.9087, 32.6521, 33.3806], [36.0415, 22.5366, 44.2769, 27.3579, 44.2936, 38.0782, 38.7434, 37.6055, 36.6363, 27.7081, 41.7262, 0.0, 45.5879, 19.0693, 63.7453, 26.3101, 33.0516, 25.7333, 34.3313, 54.3242, 33.415, 32.3249, 33.2738, 32.3087, 33.1551, 33.3759, 32.4965, 33.4144, 32.0778, 32.6617], [21.2768, 38.6297, 33.0835, 42.4781, 36.8886, 44.0555, 22.6219, 44.1669, 21.4581, 42.6503, 5.1798, 45.5879, 0.0, 57.3038, 35.3073, 60.6373, 15.6269, 60.3971, 14.1737, 64.466, 32.7887, 32.2198, 33.1808, 32.2331, 32.2291, 32.9993, 32.1214, 32.8046, 32.7577, 33.4059], [41.3096, 21.3651, 43.6975, 22.0547, 41.9801, 31.7015, 42.9519, 31.1316, 41.6991, 22.2394, 54.6163, 19.0693, 57.3038, 0.0, 65.3587, 7.7072, 48.0824, 7.0828, 49.0831, 41.3193, 33.2955, 32.6873, 32.9574, 32.6664, 33.3797, 33.146, 32.8849, 33.2863, 32.179, 32.3051], [28.082, 44.4057, 21.7815, 43.5062, 24.3323, 36.2828, 25.1276, 36.7878, 27.4369, 43.3799, 39.5593, 63.7453, 35.3073, 65.3587, 0.0, 64.412, 47.449, 64.5227, 46.4081, 48.069, 32.1561, 32.9028, 32.4674, 32.9231, 32.1477, 32.289, 32.7056, 32.1639, 33.3568, 33.1285], [42.7578, 22.5659, 42.6474, 21.1623, 40.297, 28.9555, 43.8886, 28.3926, 43.044, 21.2262, 58.4902, 26.3101, 60.6373, 7.7072, 64.412, 0.0, 52.9813, 0.6285, 53.8447, 35.0525, 33.1919, 32.8446, 32.8035, 32.8238, 33.4122, 33.0103, 33.0335, 33.18, 32.2784, 32.1991], [24.3219, 33.6308, 38.1807, 38.9188, 41.1164, 44.2597, 27.1426, 44.169, 24.8666, 39.1969, 10.5477, 33.0516, 15.6269, 48.0824, 47.449, 52.9813, 0.0, 52.6094, 1.4922, 65.3599, 33.0924, 32.088, 33.366, 32.0921, 32.4864, 33.2562, 32.0823, 33.1058, 32.4458, 33.2813], [42.656, 22.4372, 42.7496, 21.1995, 40.4486, 29.1775, 43.8296, 28.6127, 42.9509, 21.274, 58.2047, 25.7333, 60.3971, 7.0828, 64.5227, 0.6285, 52.6094, 0.0, 53.4845, 35.5817, 33.2014, 32.8319, 32.8163, 32.8111, 33.4109, 33.022, 33.022, 33.1896, 32.2693, 32.2067], [23.909, 34.1432, 37.7437, 39.3226, 40.7803, 44.3257, 26.6423, 44.2541, 24.4301, 39.5918, 9.0723, 34.3313, 14.1737, 49.0831, 46.4081, 53.8447, 1.4922, 53.4845, 0.0, 65.4378, 33.0661, 32.0941, 33.354, 32.0992, 32.4585, 33.2361, 32.0793, 33.0799, 32.4735, 33.2989], [43.3334, 34.48, 32.4505, 28.5649, 28.3848, 21.1126, 41.8672, 21.1909, 43.0766, 28.2075, 65.1775, 54.3242, 64.466, 41.3193, 48.069, 35.0525, 65.3599, 35.5817, 65.4378, 0.0, 32.4867, 33.3851, 32.1664, 33.3786, 33.0927, 32.3024, 33.4151, 32.4721, 32.9801, 32.1683], [11.6257, 12.2812, 11.0166, 12.0737, 11.0097, 11.4629, 11.4458, 11.4945, 11.5876, 12.0572, 32.8933, 33.415, 32.7887, 33.2955, 32.1561, 33.1919, 33.0924, 33.2014, 33.0661, 32.4867, 0.0, 1.2163, 0.4247, 1.2248, 0.608, 0.2166, 1.1203, 0.0159, 1.3372, 0.9986], [11.2192, 11.5053, 12.0109, 11.8449, 12.1852, 12.2974, 11.3722, 12.2855, 11.2487, 11.8649, 32.1608, 32.3249, 32.2198, 32.6873, 32.9028, 32.8446, 32.088, 32.8319, 32.0941, 33.3851, 1.2163, 0.0, 1.3302, 0.021, 0.8302, 1.2904, 0.1981, 1.2228, 0.5935, 1.2252], [12.034, 12.0009, 11.2403, 11.675, 11.0882, 11.1179, 11.8705, 11.1374, 12.0018, 11.6541, 33.2551, 33.2738, 33.1808, 32.9574, 32.4674, 32.8035, 33.366, 32.8163, 33.354, 32.1664, 0.4247, 1.3302, 0.0, 1.3323, 0.9549, 0.2137, 1.2945, 0.4096, 1.2552, 0.6643], [11.2352, 11.4849, 12.0286, 11.8247, 12.1981, 12.29, 11.3914, 12.2772, 11.2655, 11.8448, 32.1714, 32.3087, 32.2331, 32.6664, 32.9231, 32.8238, 32.0921, 32.8111, 32.0992, 33.3786, 1.2248, 0.021, 1.3323, 0.0, 0.8465, 1.2958, 0.2188, 1.2312, 0.5746, 1.2167], [11.0993, 12.2591, 11.1863, 12.3398, 11.3775, 12.0612, 11.0253, 12.0869, 11.0799, 12.3395, 32.3031, 33.1551, 32.2291, 33.3797, 32.1477, 33.4122, 32.4864, 33.4109, 32.4585, 33.0927, 0.608, 0.8302, 0.9549, 0.8465, 0.0, 0.7929, 0.6657, 0.6222, 1.2094, 1.2941], [11.8407, 12.165, 11.0984, 11.8847, 11.0133, 11.2683, 11.6599, 11.2954, 11.8037, 11.865, 33.0934, 33.3759, 32.9993, 33.146, 32.289, 33.0103, 33.2562, 33.022, 33.2361, 32.3024, 0.2166, 1.2904, 0.2137, 1.2958, 0.7929, 0.0, 1.2239, 0.2009, 1.313, 0.8413], [11.0922, 11.7029, 11.8294, 12.0245, 12.0405, 12.3383, 11.2076, 12.3353, 11.1129, 12.0418, 32.0913, 32.4965, 32.1214, 32.8849, 32.7056, 33.0335, 32.0823, 33.022, 32.0793, 33.4151, 1.1203, 0.1981, 1.2945, 0.2188, 0.6657, 1.2239, 0.0, 1.129, 0.7645, 1.2913], [11.6417, 12.2746, 11.0202, 12.0611, 11.0074, 11.4476, 11.461, 11.479, 11.6034, 12.0442, 32.9087, 33.4144, 32.8046, 33.2863, 32.1639, 33.18, 33.1058, 33.1896, 33.0799, 32.4721, 0.0159, 1.2228, 0.4096, 1.2312, 0.6222, 0.2009, 1.129, 0.0, 1.3366, 0.9879], [11.7937, 11.0508, 12.3334, 11.2603, 12.3263, 11.8754, 11.9656, 11.8442, 11.8309, 11.2773, 32.6521, 32.0778, 32.7577, 32.179, 33.3568, 32.2784, 32.4458, 32.2693, 32.4735, 32.9801, 1.3372, 0.5935, 1.2552, 0.5746, 1.2094, 1.313, 0.7645, 1.3366, 0.0, 0.8598], [12.3397, 11.3367, 11.8968, 11.0916, 11.6683, 11.075, 12.3192, 11.0605, 12.3394, 11.0812, 33.3806, 32.6617, 33.4059, 32.3051, 33.1285, 32.1991, 33.2813, 32.2067, 33.2989, 32.1683, 0.9986, 1.2252, 0.6643, 1.2167, 1.2941, 0.8413, 1.2913, 0.9879, 0.8598, 0.0]]
