[4, 50]
[[0.0, 67.283, 14.2144, 70.718, 4.3803, 70.731, 24.946, 70.975, 51.505, 32.05, 62.1508, 50.8008, 70.8117, 58.2552, 59.656, 39.2538, 63.659, 46.0442, 64.7882, 11.5434, 61.495, 6.0226, 51.7209, 10.0645, 67.9008, 64.2466, 41.8879, 55.4916, 54.802, 48.0037, 36.7423, 50.4597, 37.1141, 62.9272, 29.2993, 39.9114, 29.7849, 37.3929, 29.8178, 41.211, 29.922, 41.6599, 36.1966, 31.7359, 34.2913, 36.2639, 37.4757, 29.5825, 39.1748, 33.3695], [67.283, 0.0, 70.4476, 28.3008, 65.7596, 28.1596, 70.9366, 21.8103, 62.702, 49.8249, 52.2953, 30.8093, 27.1844, 19.8846, 55.4604, 43.5546, 50.0372, 62.0705, 3.2674, 67.0859, 8.3937, 65.8795, 25.5025, 66.8211, 19.5214, 41.5116, 37.5264, 54.8979, 20.8665, 60.9157, 42.6216, 59.2522, 42.2755, 44.4154, 40.5986, 29.4287, 39.1271, 30.9763, 41.4856, 32.9823, 41.5346, 30.4212, 39.4116, 36.4773, 40.6203, 31.9218, 38.3451, 39.5274, 36.5053, 34.6977], [14.2144, 70.4476, 0.0, 68.0653, 18.4789, 68.1087, 11.1331, 69.7056, 40.6809, 44.0836, 54.026, 59.6991, 68.3993, 65.1961, 50.7452, 50.3015, 56.0822, 35.1388, 67.5735, 3.9303, 66.032, 8.9846, 59.4872, 5.065, 67.0182, 58.5256, 51.7339, 46.5336, 61.7276, 37.431, 47.4178, 40.3504, 47.7344, 56.5304, 29.8932, 41.195, 31.3268, 39.4721, 29.3021, 39.9408, 29.2996, 41.4215, 33.7171, 34.0556, 31.9378, 38.5485, 35.0513, 30.9206, 37.0192, 35.8446], [70.718, 28.3008, 68.0653, 0.0, 70.9592, 0.1538, 64.0652, 6.9299, 44.2389, 65.8495, 28.823, 53.7502, 1.2128, 45.4033, 33.1991, 62.2892, 25.8152, 45.9366, 26.1264, 65.824, 34.1949, 67.0499, 48.4267, 66.1933, 8.8033, 16.7971, 56.9666, 34.4402, 44.817, 43.9001, 60.1623, 41.1215, 59.9548, 20.3634, 41.6025, 32.6014, 41.5842, 35.6672, 40.9026, 29.5356, 40.7962, 29.5516, 34.7934, 40.5048, 36.6856, 36.824, 33.4657, 41.6519, 31.6424, 39.341], [4.3803, 65.7596, 18.4789, 70.9592, 0.0, 70.9627, 28.9993, 70.7878, 54.4209, 28.0806, 64.1481, 47.6448, 70.9782, 55.6416, 61.9158, 35.5295, 65.4752, 49.0339, 63.4032, 15.5472, 59.5972, 9.8479, 48.9085, 14.056, 67.6206, 65.4874, 38.5165, 57.8022, 52.2232, 50.8744, 33.1591, 53.167, 33.5447, 64.3871, 29.3568, 39.3772, 29.5132, 36.671, 30.2006, 41.4436, 30.3331, 41.5621, 36.9352, 31.1253, 35.0546, 35.5085, 38.1593, 29.3866, 39.7298, 32.6465], [70.731, 28.1596, 68.1087, 0.1538, 70.9627, 0.0, 64.1313, 6.7768, 44.3591, 65.7919, 28.9635, 53.6496, 1.059, 45.2849, 33.335, 62.2153, 25.9585, 46.0447, 25.9913, 65.8604, 34.0681, 67.0735, 48.3235, 66.2263, 8.6664, 16.9374, 56.8863, 34.5665, 44.7065, 44.0121, 60.0938, 41.2383, 59.8854, 20.5023, 41.6063, 32.5767, 41.5798, 35.6406, 40.9147, 29.5437, 40.8091, 29.5434, 34.8202, 40.4901, 36.7114, 36.7984, 33.4918, 41.6495, 31.6646, 39.321], [24.946, 70.9366, 11.1331, 64.0652, 28.9993, 64.1313, 0.0, 66.7426, 31.0543, 52.2636, 46.1365, 64.9824, 64.578, 68.791, 42.3328, 57.5337, 48.5639, 25.6333, 67.8505, 13.4523, 67.7248, 19.1572, 63.8958, 14.9436, 64.4381, 52.3979, 57.9937, 38.2151, 65.4138, 28.1162, 54.4522, 31.3112, 54.7164, 49.9303, 31.0943, 41.645, 33.0361, 40.6811, 29.7317, 38.4762, 29.6448, 40.658, 31.9077, 35.9975, 30.4668, 39.997, 33.1296, 32.5341, 35.1081, 37.7035], [70.975, 21.8103, 69.7056, 6.9299, 70.7878, 6.7768, 66.7426, 0.0, 49.4469, 62.9481, 35.0182, 48.9674, 5.7219, 39.8596, 39.1657, 58.6689, 32.1472, 50.5962, 19.9343, 67.153, 28.328, 67.8023, 43.5534, 67.3727, 3.4528, 23.0699, 53.0853, 39.976, 39.631, 48.7434, 56.797, 46.194, 56.5522, 26.5426, 41.6793, 31.5464, 41.2889, 34.4586, 41.3561, 30.0295, 41.2851, 29.3152, 35.9991, 39.7577, 37.8127, 35.6407, 34.6616, 41.4445, 32.7093, 38.3758], [51.505, 62.702, 40.6809, 44.2389, 54.4209, 44.3591, 31.0543, 49.4469, 0.0, 68.0087, 17.8873, 70.9266, 45.1809, 69.5105, 13.1395, 69.9222, 21.0214, 5.5462, 59.4619, 41.035, 63.3017, 45.6303, 67.568, 42.2651, 48.5476, 28.2768, 67.6338, 10.1409, 66.8647, 3.5951, 66.7367, 3.4503, 66.8186, 24.8402, 36.3451, 40.0919, 38.4138, 41.4697, 34.0373, 33.1065, 33.8123, 36.2431, 29.3016, 40.5258, 29.7117, 41.6582, 29.4365, 37.9479, 30.26, 41.3033], [32.05, 49.8249, 44.0836, 65.8495, 28.0806, 65.7919, 52.2636, 62.9481, 68.0087, 0.0, 70.9349, 22.9435, 65.3871, 33.6675, 70.5952, 8.3214, 70.9762, 63.6269, 48.596, 40.2853, 41.8656, 35.3309, 26.3484, 39.0213, 59.4954, 67.3126, 13.467, 67.2104, 30.8358, 64.5293, 7.5056, 65.5569, 7.9114, 67.7207, 32.215, 34.7884, 30.4758, 31.8213, 34.4341, 40.9969, 34.6619, 39.0597, 40.732, 29.329, 39.57, 30.8911, 41.2852, 30.8364, 41.6696, 29.4497], [62.1508, 52.2953, 54.026, 28.823, 64.1481, 28.9635, 46.1365, 35.0182, 17.8873, 70.9349, 0.0, 67.9439, 29.9272, 63.6463, 4.8627, 70.7421, 3.2582, 21.7702, 49.2766, 53.3353, 55.0509, 56.8276, 63.5928, 54.2869, 35.0413, 12.0262, 67.0906, 8.1529, 61.6737, 19.2047, 67.7987, 15.8063, 67.7681, 8.4828, 39.1415, 37.6287, 40.6085, 40.0774, 37.1416, 30.5171, 36.926, 33.1268, 30.3273, 41.613, 31.715, 40.7442, 29.672, 40.3085, 29.2994, 41.6364], [50.8008, 30.8093, 59.6991, 53.7502, 47.6448, 53.6496, 64.9824, 48.9674, 70.9266, 22.9435, 67.9439, 0.0, 52.9503, 11.6619, 69.1912, 14.9105, 66.9296, 67.9151, 30.6985, 55.7826, 22.4223, 52.1587, 5.4479, 54.878, 45.722, 60.7207, 9.6027, 66.8271, 9.9429, 67.9413, 15.6294, 67.8106, 15.2051, 62.3119, 36.1779, 31.0664, 33.9379, 29.4573, 38.3284, 38.3254, 38.521, 35.3296, 41.6734, 31.234, 41.5075, 29.3001, 41.4901, 34.4722, 40.769, 30.0602], [70.8117, 27.1844, 68.3993, 1.2128, 70.9782, 1.059, 64.578, 5.7219, 45.1809, 65.3871, 29.9272, 52.9503, 0.0, 44.4644, 34.2662, 61.6986, 26.9412, 46.7835, 25.0585, 66.102, 33.1908, 67.2278, 47.6069, 66.4453, 7.7318, 17.9023, 56.3264, 35.4322, 43.94, 44.7777, 59.6147, 42.0373, 59.4005, 21.4564, 41.6304, 32.4084, 41.5468, 35.4567, 40.9954, 29.6031, 40.895, 29.4903, 35.005, 40.3862, 36.888, 36.6209, 33.6718, 41.63, 31.8197, 39.1818], [58.2552, 19.8846, 65.1961, 45.4033, 55.6416, 45.2849, 68.791, 39.8596, 69.5105, 33.6675, 63.6463, 11.6619, 44.4644, 0.0, 65.6494, 26.1096, 62.1369, 67.3244, 20.4011, 61.3916, 11.7741, 58.5954, 7.3231, 60.7074, 36.8688, 54.8955, 20.2664, 63.9065, 3.4803, 66.9041, 26.1641, 66.1899, 25.7563, 57.0225, 38.0871, 29.8339, 35.9721, 29.3569, 39.8873, 36.4472, 40.0358, 33.3069, 41.2977, 33.0117, 41.6665, 29.6668, 40.751, 36.499, 39.532, 31.4292], [59.656, 55.4604, 50.7452, 33.1991, 61.9158, 33.335, 42.3328, 39.1657, 13.1395, 70.5952, 4.8627, 69.1912, 34.2662, 65.6494, 0.0, 70.9736, 8.1081, 17.3648, 52.3603, 50.3317, 57.6462, 54.1467, 65.081, 51.3652, 38.9341, 16.4729, 67.6684, 4.2171, 63.4801, 14.769, 67.9447, 11.3616, 67.9445, 12.8836, 38.4582, 38.3753, 40.1204, 40.5721, 36.3279, 31.1104, 36.1043, 33.9516, 29.878, 41.4486, 31.0435, 41.118, 29.4209, 39.769, 29.3764, 41.6805], [39.2538, 43.5546, 50.3015, 62.2892, 35.5295, 62.2153, 57.5337, 58.6689, 69.9222, 8.3214, 70.7421, 14.9105, 61.6986, 26.1096, 70.9736, 0.0, 70.401, 65.9804, 42.7076, 46.4076, 35.3243, 41.8717, 18.8956, 45.2577, 55.2445, 65.7662, 6.0404, 67.9148, 23.5726, 66.5764, 3.2281, 67.1969, 3.105, 66.6086, 33.5772, 33.3523, 31.5348, 30.7019, 35.8848, 40.2494, 36.1099, 37.8405, 41.321, 29.6871, 40.491, 29.9988, 41.6184, 31.9875, 41.6043, 29.3036], [63.659, 50.0372, 56.0822, 25.8152, 65.4752, 25.9585, 48.5639, 32.1472, 21.0214, 70.9762, 3.2582, 66.9296, 26.9412, 62.1369, 8.1081, 70.401, 0.0, 24.6766, 47.0818, 55.2085, 53.1679, 58.4751, 62.4289, 56.1025, 32.3435, 9.0775, 66.5275, 11.079, 60.3018, 22.144, 67.523, 18.7761, 67.4722, 5.6946, 39.5622, 37.1026, 40.8875, 39.7012, 37.6663, 30.1764, 37.4579, 32.594, 30.6898, 41.6683, 32.2053, 40.4444, 29.9128, 40.6242, 29.3265, 41.5517], [46.0442, 62.0705, 35.1388, 45.9366, 49.0339, 46.0447, 25.6333, 50.5962, 5.5462, 63.6269, 21.7702, 67.9151, 46.7835, 67.3244, 17.3648, 65.9804, 24.6766, 0.0, 58.8056, 35.5004, 61.9378, 40.1446, 64.8654, 36.7396, 49.3349, 30.8621, 64.036, 13.6253, 64.5156, 2.5989, 62.7698, 6.0036, 62.8766, 27.6571, 32.5241, 37.5628, 34.6777, 38.5898, 30.223, 30.9438, 30.0045, 34.0686, 26.312, 37.0092, 26.4125, 38.6405, 26.6708, 34.1843, 27.7932, 37.9609], [64.7882, 3.2674, 67.5735, 26.1264, 63.4032, 25.9913, 67.8505, 19.9343, 59.4619, 48.596, 49.2766, 30.6985, 25.0585, 20.4011, 52.3603, 42.7076, 47.0818, 58.8056, 0.0, 64.2611, 8.6321, 63.2062, 25.2843, 64.0338, 17.3285, 38.6673, 36.7284, 51.7269, 20.8415, 57.6581, 41.5507, 56.0118, 41.2237, 41.4912, 37.6897, 26.4512, 36.2877, 28.1352, 38.5001, 29.7846, 38.5418, 27.2708, 36.2411, 33.7024, 37.4821, 29.1182, 35.1584, 36.6723, 33.3038, 31.9343], [11.5434, 67.0859, 3.9303, 65.824, 15.5472, 65.8604, 13.4523, 67.153, 41.035, 40.2853, 53.3353, 55.7826, 66.102, 61.3916, 50.3317, 46.4076, 55.2085, 35.5004, 64.2611, 0.0, 62.4728, 5.7119, 55.6192, 1.4913, 64.3729, 57.0684, 47.8041, 46.1164, 57.919, 37.6477, 43.5093, 40.3744, 43.8234, 55.2708, 26.6718, 37.9913, 27.9734, 36.1266, 26.2724, 37.2107, 26.2906, 38.4954, 31.1816, 30.6214, 29.3453, 35.1642, 32.5216, 27.5931, 34.4523, 32.4073], [61.495, 8.3937, 66.032, 34.1949, 59.5972, 34.0681, 67.7248, 28.328, 63.3017, 41.8656, 55.0509, 22.4223, 33.1908, 11.7741, 57.6462, 35.3243, 53.1679, 61.9378, 8.6321, 62.4728, 0.0, 60.68, 17.1095, 62.0515, 25.4934, 45.2571, 29.2849, 56.4821, 12.4814, 61.1108, 34.5499, 59.8765, 34.1898, 47.761, 36.7153, 26.272, 34.9442, 27.0508, 37.9945, 31.3932, 38.0853, 28.4428, 37.3351, 32.078, 38.2122, 27.79, 36.4671, 35.407, 34.8476, 30.3005], [6.0226, 65.8795, 8.9846, 67.0499, 9.8479, 67.0735, 19.1572, 67.8023, 45.6303, 35.3309, 56.8276, 52.1587, 67.2278, 58.5954, 54.1467, 41.8717, 58.4751, 40.1446, 63.2062, 5.7119, 60.68, 0.0, 52.4588, 4.2248, 64.8564, 59.5685, 43.7547, 49.9571, 55.1157, 42.1547, 39.1018, 44.6902, 39.4398, 58.0515, 26.3534, 37.4675, 27.245, 35.244, 26.4519, 37.793, 26.5185, 38.6348, 32.2709, 29.5802, 30.3714, 34.1843, 33.5913, 26.9511, 35.4108, 31.3178], [51.7209, 25.5025, 59.4872, 48.4267, 48.9085, 48.3235, 63.8958, 43.5534, 67.568, 26.3484, 63.5928, 5.4479, 47.6069, 7.3231, 65.081, 18.8956, 62.4289, 64.8654, 25.2843, 55.6192, 17.1095, 52.4588, 0.0, 54.8357, 40.3264, 55.9215, 12.9801, 62.9156, 4.7502, 64.7172, 18.8437, 64.365, 18.4371, 57.6584, 33.9857, 27.4801, 31.7751, 26.2844, 36.0006, 34.6031, 36.1754, 31.5201, 38.556, 28.9112, 38.6061, 26.3181, 38.2273, 32.3131, 37.3081, 27.5304], [10.0645, 66.8211, 5.065, 66.1933, 14.056, 66.2263, 14.9436, 67.3727, 42.2651, 39.0213, 54.2869, 54.878, 66.4453, 60.7074, 51.3652, 45.2577, 56.1025, 36.7396, 64.0338, 1.4913, 62.0515, 4.2248, 54.8357, 0.0, 64.5474, 57.7639, 46.7826, 47.1537, 57.2304, 38.8526, 42.3911, 41.5314, 42.7117, 56.0382, 26.5672, 37.8687, 27.7676, 35.9064, 26.2966, 37.376, 26.3277, 38.5472, 31.465, 30.3444, 29.6059, 34.9163, 32.8037, 27.4082, 34.7102, 32.1234], [67.9008, 19.5214, 67.0182, 8.8033, 67.6206, 8.6664, 64.4381, 3.4528, 48.5476, 59.4954, 35.0413, 45.722, 7.7318, 36.8688, 38.9341, 55.2445, 32.3435, 49.3349, 17.3285, 64.3729, 25.4934, 64.8564, 40.3264, 64.5474, 0.0, 23.3457, 49.6831, 39.3813, 36.496, 47.6065, 53.3556, 45.222, 53.1127, 26.6592, 38.6323, 28.3028, 38.1572, 31.1751, 38.4073, 27.1716, 38.3462, 26.2653, 33.3073, 36.5385, 35.082, 32.3572, 31.9778, 38.3317, 30.0014, 35.1208], [64.2466, 41.5116, 58.5256, 16.7971, 65.4874, 16.9374, 52.3979, 23.0699, 28.2768, 67.3126, 12.0262, 60.7207, 17.9023, 54.8955, 16.4729, 65.7662, 9.0775, 30.8621, 38.6673, 57.0684, 45.2571, 59.5685, 55.9215, 57.7639, 23.3457, 0.0, 61.3822, 18.1879, 53.3598, 28.551, 63.0805, 25.4483, 62.979, 3.5894, 37.5244, 32.5961, 38.4124, 35.501, 35.9902, 26.4817, 35.8105, 28.2542, 28.9023, 38.5575, 30.6876, 36.4223, 27.8344, 38.2588, 26.6937, 38.0675], [41.8879, 37.5264, 51.7339, 56.9666, 38.5165, 56.8863, 57.9937, 53.0853, 67.6338, 13.467, 67.0906, 9.6027, 56.3264, 20.2664, 67.6684, 6.0404, 66.5275, 64.036, 36.7284, 47.8041, 29.2849, 43.7547, 12.9801, 46.7826, 49.6831, 61.3822, 0.0, 64.8377, 17.5996, 64.4097, 6.042, 64.7434, 5.6192, 62.4555, 31.5351, 29.4643, 29.3608, 27.0987, 33.8249, 36.6174, 34.0408, 33.9715, 38.5239, 27.1085, 37.9362, 26.5688, 38.6457, 29.8593, 38.3736, 26.3989], [55.4916, 54.8979, 46.5336, 34.4402, 57.8022, 34.5665, 38.2151, 39.976, 10.1409, 67.2104, 8.1529, 66.8271, 35.4322, 63.9065, 4.2171, 67.9148, 11.079, 13.6253, 51.7269, 46.1164, 56.4821, 49.9571, 62.9156, 47.1537, 39.3813, 18.1879, 64.8377, 0.0, 61.5785, 11.0734, 64.8412, 7.697, 64.8594, 14.7144, 35.0022, 35.8146, 36.7601, 37.8159, 32.8171, 28.5282, 32.591, 31.4976, 26.629, 38.2657, 27.6533, 38.2762, 26.2982, 36.3824, 26.4649, 38.6229], [54.802, 20.8665, 61.7276, 44.817, 52.2232, 44.7065, 65.4138, 39.631, 66.8647, 30.8358, 61.6737, 9.9429, 43.94, 3.4803, 63.4801, 23.5726, 60.3018, 64.5156, 20.8415, 57.919, 12.4814, 55.1157, 4.7502, 57.2304, 36.496, 53.3598, 17.5996, 61.5785, 0.0, 64.1778, 23.3388, 63.5782, 22.9422, 55.322, 34.8177, 26.9574, 32.6796, 26.2852, 36.6655, 33.7587, 36.8199, 30.6217, 38.36, 29.7294, 38.6443, 26.5304, 37.8731, 33.2098, 36.7381, 28.181], [48.0037, 60.9157, 37.431, 43.9001, 50.8744, 44.0121, 28.1162, 48.7434, 3.5951, 64.5293, 19.2047, 67.9413, 44.7777, 66.9041, 14.769, 66.5764, 22.144, 2.5989, 57.6581, 37.6477, 61.1108, 42.1547, 64.7172, 38.8526, 47.6065, 28.551, 64.4097, 11.0734, 64.1778, 0.0, 63.3813, 3.411, 63.4716, 25.2838, 33.0146, 37.2883, 35.1154, 38.5124, 30.7053, 30.4572, 30.4821, 33.5973, 26.2681, 37.3096, 26.5555, 38.6424, 26.4985, 34.6393, 27.4582, 38.1549], [36.7423, 42.6216, 47.4178, 60.1623, 33.1591, 60.0938, 54.4522, 56.797, 66.7367, 7.5056, 67.7987, 15.6294, 59.6147, 26.1641, 67.9447, 3.2281, 67.523, 62.7698, 41.5507, 43.5093, 34.5499, 39.1018, 18.8437, 42.3911, 53.3556, 63.0805, 6.042, 64.8412, 23.3388, 63.3813, 0.0, 64.0297, 0.4245, 63.8301, 30.3953, 30.56, 28.3709, 27.8318, 32.7012, 37.3491, 32.9268, 35.0223, 38.2266, 26.5854, 37.3596, 27.0824, 38.5557, 28.8175, 38.5963, 26.2643], [50.4597, 59.2522, 40.3504, 41.1215, 53.167, 41.2383, 31.3112, 46.194, 3.4503, 65.5569, 15.8063, 67.8106, 42.0373, 66.1899, 11.3616, 67.1969, 18.7761, 6.0036, 56.0118, 40.3744, 59.8765, 44.6902, 64.365, 41.5314, 45.222, 25.4483, 64.7434, 7.697, 63.5782, 3.411, 64.0297, 0.0, 64.098, 22.1073, 33.6474, 36.8858, 35.6621, 38.3609, 31.3499, 29.8336, 31.1228, 32.9633, 26.2849, 37.6612, 26.812, 38.5943, 26.3428, 35.2122, 27.0733, 38.3617], [37.1141, 42.2755, 47.7344, 59.9548, 33.5447, 59.8854, 54.7164, 56.5522, 66.8186, 7.9114, 67.7681, 15.2051, 59.4005, 25.7563, 67.9445, 3.105, 67.4722, 62.8766, 41.2237, 43.8234, 34.1898, 39.4398, 18.4371, 42.7117, 53.1127, 62.979, 5.6192, 64.8594, 22.9422, 63.4716, 0.4245, 64.098, 0.0, 63.7516, 30.474, 30.481, 28.4362, 27.7742, 32.7813, 37.3025, 33.0065, 34.9514, 38.2532, 26.6145, 37.4052, 27.0389, 38.5678, 28.8871, 38.5865, 26.2651], [62.9272, 44.4154, 56.5304, 20.3634, 64.3871, 20.5023, 49.9303, 26.5426, 24.8402, 67.7207, 8.4828, 62.3119, 21.4564, 57.0225, 12.8836, 66.6086, 5.6946, 27.6571, 41.4912, 55.2708, 47.761, 58.0515, 57.6584, 56.0382, 26.6592, 3.5894, 62.4555, 14.7144, 55.322, 25.2838, 63.8301, 22.1073, 63.7516, 0.0, 37.1322, 33.2708, 38.2105, 36.0495, 35.4372, 26.7244, 35.2444, 28.817, 28.3326, 38.6316, 30.0246, 36.8937, 27.3753, 38.0093, 26.4605, 38.3042], [29.2993, 40.5986, 29.8932, 41.6025, 29.3568, 41.6063, 31.0943, 41.6793, 36.3451, 32.215, 39.1415, 36.1779, 41.6304, 38.0871, 38.4582, 33.5772, 39.5622, 32.5241, 37.6897, 26.6718, 36.7153, 26.3534, 33.9857, 26.5672, 38.6323, 37.5244, 31.5351, 35.0022, 34.8177, 33.0146, 30.3953, 33.6474, 30.474, 37.1322, 0.0, 11.3202, 2.2402, 9.7054, 2.3093, 12.1034, 2.5332, 12.3693, 8.8748, 5.0961, 7.4388, 8.9269, 9.7571, 1.7087, 10.8592, 6.6731], [39.9114, 29.4287, 41.195, 32.6014, 39.3772, 32.5767, 41.645, 31.5464, 40.0919, 34.7884, 37.6287, 31.0664, 32.4084, 29.8339, 38.3753, 33.3523, 37.1026, 37.5628, 26.4512, 37.9913, 26.272, 37.4675, 27.4801, 37.8687, 28.3028, 32.5961, 29.4643, 35.8146, 26.9574, 37.2883, 30.56, 36.8858, 30.481, 33.2708, 11.3202, 0.0, 10.2259, 3.0977, 12.057, 7.288, 12.1068, 4.5106, 11.4883, 8.2526, 12.0625, 4.2282, 10.9212, 10.5197, 9.8367, 6.8324], [29.7849, 39.1271, 31.3268, 41.5842, 29.5132, 41.5798, 33.0361, 41.2889, 38.4138, 30.4758, 40.6085, 33.9379, 41.5468, 35.9721, 40.1204, 31.5348, 40.8875, 34.6777, 36.2877, 27.9734, 34.9442, 27.245, 31.7751, 27.7676, 38.1572, 38.4124, 29.3608, 36.7601, 32.6796, 35.1154, 28.3709, 35.6621, 28.4362, 38.2105, 2.2402, 10.2259, 0.0, 8.1541, 4.4721, 12.3757, 4.6842, 12.0663, 10.2904, 2.9703, 9.1069, 7.2272, 10.9752, 0.5383, 11.7562, 4.6759], [37.3929, 30.9763, 39.4721, 35.6672, 36.671, 35.6406, 40.6811, 34.4586, 41.4697, 31.8213, 40.0774, 29.4573, 35.4567, 29.3569, 40.5721, 30.7019, 39.7012, 38.5898, 28.1352, 36.1266, 27.0508, 35.244, 26.2844, 35.9064, 31.1751, 35.501, 27.0987, 37.8159, 26.2852, 38.5124, 27.8318, 38.3609, 27.7742, 36.0495, 9.7054, 3.0977, 8.1541, 0.0, 10.969, 9.5604, 11.073, 7.252, 12.2781, 5.6808, 12.3774, 1.1822, 12.0333, 8.5515, 11.4051, 4.0317], [29.8178, 41.4856, 29.3021, 40.9026, 30.2006, 40.9147, 29.7317, 41.3561, 34.0373, 34.4341, 37.1416, 38.3284, 40.9954, 39.8873, 36.3279, 35.8848, 37.6663, 30.223, 38.5001, 26.2724, 37.9945, 26.4519, 36.0006, 26.2966, 38.4073, 35.9902, 33.8249, 32.8171, 36.6655, 30.7053, 32.7012, 31.3499, 32.7813, 35.4372, 2.3093, 12.057, 4.4721, 10.969, 0.0, 11.4044, 0.2283, 12.2542, 7.1088, 7.1113, 5.4623, 10.3705, 8.1642, 3.966, 9.5593, 8.5012], [41.211, 32.9823, 39.9408, 29.5356, 41.4436, 29.5437, 38.4762, 30.0295, 33.1065, 40.9969, 30.5171, 38.3254, 29.6031, 36.4472, 31.1104, 40.2494, 30.1764, 30.9438, 29.7846, 37.2107, 31.3932, 37.793, 34.6031, 37.376, 27.1716, 26.4817, 36.6174, 28.5282, 33.7587, 30.4572, 37.3491, 29.8336, 37.3025, 26.7244, 12.1034, 7.288, 12.3757, 9.5604, 11.4044, 0.0, 11.3136, 3.1408, 6.5696, 12.1045, 8.1079, 10.268, 5.3951, 12.3476, 3.526, 11.6012], [29.922, 41.5346, 29.2996, 40.7962, 30.3331, 40.8091, 29.6448, 41.2851, 33.8123, 34.6619, 36.926, 38.521, 40.895, 40.0358, 36.1043, 36.1099, 37.4579, 30.0045, 38.5418, 26.2906, 38.0853, 26.5185, 36.1754, 26.3277, 38.3462, 35.8105, 34.0408, 32.591, 36.8199, 30.4821, 32.9268, 31.1228, 33.0065, 35.2444, 2.5332, 12.1068, 4.6842, 11.073, 0.2283, 11.3136, 0.0, 12.2195, 6.9207, 7.297, 5.2565, 10.4934, 7.9912, 4.1815, 9.4127, 8.6657], [41.6599, 30.4212, 41.4215, 29.5516, 41.5621, 29.5434, 40.658, 29.3152, 36.2431, 39.0597, 33.1268, 35.3296, 29.4903, 33.3069, 33.9516, 37.8405, 32.594, 34.0686, 27.2708, 38.4954, 28.4428, 38.6348, 31.5201, 38.5472, 26.2653, 28.2542, 33.9715, 31.4976, 30.6217, 33.5973, 35.0223, 32.9633, 34.9514, 28.817, 12.3693, 4.5106, 12.0663, 7.252, 12.2542, 3.1408, 12.2195, 0.0, 9.0169, 11.048, 10.2164, 8.1771, 8.0456, 12.1755, 6.4214, 10.1245], [36.1966, 39.4116, 33.7171, 34.7934, 36.9352, 34.8202, 31.9077, 35.9991, 29.3016, 40.732, 30.3273, 41.6734, 35.005, 41.2977, 29.878, 41.321, 30.6898, 26.312, 36.2411, 31.1816, 37.3351, 32.2709, 38.556, 31.465, 33.3073, 28.9023, 38.5239, 26.629, 38.36, 26.2681, 38.2266, 26.2849, 38.2532, 28.3326, 8.8748, 11.4883, 10.2904, 12.2781, 7.1088, 6.5696, 6.9207, 9.0169, 0.0, 11.6417, 1.9074, 12.3744, 1.34, 9.9814, 3.3088, 12.1286], [31.7359, 36.4773, 34.0556, 40.5048, 31.1253, 40.4901, 35.9975, 39.7577, 40.5258, 29.329, 41.613, 31.234, 40.3862, 33.0117, 41.4486, 29.6871, 41.6683, 37.0092, 33.7024, 30.6214, 32.078, 29.5802, 28.9112, 30.3444, 36.5385, 38.5575, 27.1085, 38.2657, 29.7294, 37.3096, 26.5854, 37.6612, 26.6145, 38.6316, 5.0961, 8.2526, 2.9703, 5.6808, 7.1113, 12.1045, 7.297, 11.048, 11.6417, 0.0, 10.8533, 4.6044, 12.0296, 3.4901, 12.3448, 1.789], [34.2913, 40.6203, 31.9378, 36.6856, 35.0546, 36.7114, 30.4668, 37.8127, 29.7117, 39.57, 31.715, 41.5075, 36.888, 41.6665, 31.0435, 40.491, 32.2053, 26.4125, 37.4821, 29.3453, 38.2122, 30.3714, 38.6061, 29.6059, 35.082, 30.6876, 37.9362, 27.6533, 38.6443, 26.5555, 37.3596, 26.812, 37.4052, 30.0246, 7.4388, 12.0625, 9.1069, 12.3774, 5.4623, 8.1079, 5.2565, 10.2164, 1.9074, 10.8533, 0.0, 12.2908, 3.2202, 8.7336, 5.1074, 11.6004], [36.2639, 31.9218, 38.5485, 36.824, 35.5085, 36.7984, 39.997, 35.6407, 41.6582, 30.8911, 40.7442, 29.3001, 36.6209, 29.6668, 41.118, 29.9988, 40.4444, 38.6405, 29.1182, 35.1642, 27.79, 34.1843, 26.3181, 34.9163, 32.3572, 36.4223, 26.5688, 38.2762, 26.5304, 38.6424, 27.0824, 38.5943, 27.0389, 36.8937, 8.9269, 4.2282, 7.2272, 1.1822, 10.3705, 10.268, 10.4934, 8.1771, 12.3744, 4.6044, 12.2908, 0.0, 12.2567, 7.6575, 11.8131, 2.8954], [37.4757, 38.3451, 35.0513, 33.4657, 38.1593, 33.4918, 33.1296, 34.6616, 29.4365, 41.2852, 29.672, 41.4901, 33.6718, 40.751, 29.4209, 41.6184, 29.9128, 26.6708, 35.1584, 32.5216, 36.4671, 33.5913, 38.2273, 32.8037, 31.9778, 27.8344, 38.6457, 26.2982, 37.8731, 26.4985, 38.5557, 26.3428, 38.5678, 27.3753, 9.7571, 10.9212, 10.9752, 12.0333, 8.1642, 5.3951, 7.9912, 8.0456, 1.34, 12.0296, 3.2202, 12.2567, 0.0, 10.7156, 1.9981, 12.3268], [29.5825, 39.5274, 30.9206, 41.6519, 29.3866, 41.6495, 32.5341, 41.4445, 37.9479, 30.8364, 40.3085, 34.4722, 41.63, 36.499, 39.769, 31.9875, 40.6242, 34.1843, 36.6723, 27.5931, 35.407, 26.9511, 32.3131, 27.4082, 38.3317, 38.2588, 29.8593, 36.3824, 33.2098, 34.6393, 28.8175, 35.2122, 28.8871, 38.0093, 1.7087, 10.5197, 0.5383, 8.5515, 3.966, 12.3476, 4.1815, 12.1755, 9.9814, 3.4901, 8.7336, 7.6575, 10.7156, 0.0, 11.5762, 5.1699], [39.1748, 36.5053, 37.0192, 31.6424, 39.7298, 31.6646, 35.1081, 32.7093, 30.26, 41.6696, 29.2994, 40.769, 31.8197, 39.532, 29.3764, 41.6043, 29.3265, 27.7932, 33.3038, 34.4523, 34.8476, 35.4108, 37.3081, 34.7102, 30.0014, 26.6937, 38.3736, 26.4649, 36.7381, 27.4582, 38.5963, 27.0733, 38.5865, 26.4605, 10.8592, 9.8367, 11.7562, 11.4051, 9.5593, 3.526, 9.4127, 6.4214, 3.3088, 12.3448, 5.1074, 11.8131, 1.9981, 11.5762, 0.0, 12.3527], [33.3695, 34.6977, 35.8446, 39.341, 32.6465, 39.321, 37.7035, 38.3758, 41.3033, 29.4497, 41.6364, 30.0602, 39.1818, 31.4292, 41.6805, 29.3036, 41.5517, 37.9609, 31.9343, 32.4073, 30.3005, 31.3178, 27.5304, 32.1234, 35.1208, 38.0675, 26.3989, 38.6229, 28.181, 38.1549, 26.2643, 38.3617, 26.2651, 38.3042, 6.6731, 6.8324, 4.6759, 4.0317, 8.5012, 11.6012, 8.6657, 10.1245, 12.1286, 1.789, 11.6004, 2.8954, 12.3268, 5.1699, 12.3527, 0.0]]
