[4, 60]
[[0.0, 22.9016, 7.115, 25.0302, 4.259, 20.3765, 9.495, 24.7082, 3.1061, 25.5692, 20.4003, 13.4673, 19.8099, 25.0585, 1.8982, 20.8812, 10.8449, 18.5403, 21.4314, 10.1465, 32.9951, 48.9004, 33.7638, 49.8215, 24.7859, 46.6734, 24.397, 49.3686, 24.6024, 39.6619, 38.9091, 30.9906, 44.8538, 42.6157, 40.4151, 29.9893, 27.2735, 33.4925, 30.2586, 47.054, 3.4486, 23.0361, 15.8283, 22.4606, 2.4631, 22.5465, 4.8105, 24.102, 3.7141, 24.3952, 17.9725, 21.8191, 22.7854, 21.7472, 19.6219, 17.0476, 21.8063, 23.9227, 19.8016, 9.1576], [22.9016, 0.0, 18.8256, 6.4125, 20.6829, 22.9372, 17.0323, 16.9666, 24.1173, 10.5624, 22.9197, 13.4672, 23.3281, 6.5464, 23.685, 3.9235, 25.5787, 7.5152, 22.0673, 16.4993, 33.8951, 37.0228, 33.1255, 29.4402, 44.023, 24.409, 45.2957, 27.3696, 44.5062, 47.7641, 48.1363, 35.9577, 43.7986, 25.5148, 47.3495, 37.0255, 49.3356, 33.3959, 49.8948, 24.5229, 23.2567, 17.9165, 9.82, 1.5116, 20.8994, 18.7907, 19.4891, 15.0025, 20.1651, 8.3829, 23.0076, 1.0918, 18.3852, 1.1544, 21.984, 8.301, 19.8551, 5.7712, 21.8479, 16.3727], [7.115, 18.8256, 0.0, 22.5676, 2.9247, 23.8759, 2.5136, 25.5818, 10.0459, 24.2999, 23.8901, 6.8865, 23.5316, 22.6325, 8.9187, 15.9459, 16.8614, 12.9057, 24.4728, 3.2148, 26.6995, 49.8745, 27.2472, 47.5786, 25.4717, 41.2695, 26.4764, 46.1403, 25.8093, 45.5576, 45.006, 25.4788, 48.7885, 35.886, 46.0913, 25.0017, 33.7993, 27.0493, 37.3355, 41.8501, 9.9777, 24.496, 10.0024, 18.8168, 4.7561, 24.3652, 2.4118, 24.4659, 3.4771, 22.6436, 21.9145, 17.8291, 24.4356, 17.7219, 22.9529, 11.4749, 24.0875, 21.4358, 23.0584, 2.6134], [25.0302, 6.4125, 22.5676, 0.0, 23.7978, 19.3637, 21.2739, 11.6253, 25.4892, 4.3848, 19.3379, 18.4897, 19.9496, 0.1384, 25.3549, 10.1349, 24.9195, 13.405, 18.1175, 20.8739, 40.223, 30.6403, 39.5029, 25.0482, 48.0345, 25.9686, 48.7516, 24.3912, 48.3173, 43.5782, 44.1945, 42.0605, 38.0498, 30.3754, 42.9227, 42.9629, 49.8064, 39.7582, 49.0356, 25.6031, 24.4932, 13.146, 15.1314, 5.1714, 23.4638, 14.2371, 22.6102, 9.6706, 23.0332, 2.4896, 20.1231, 6.5921, 13.7276, 6.7402, 18.5428, 13.8059, 15.6063, 1.1345, 18.344, 20.433], [4.259, 20.6829, 2.9247, 23.7978, 0.0, 22.6681, 5.4076, 25.4697, 7.2903, 25.0564, 22.6863, 9.6581, 22.229, 23.8483, 6.119, 18.1286, 14.5511, 15.3465, 23.459, 6.0952, 28.979, 49.8399, 29.6606, 48.8383, 24.4696, 43.7217, 24.9541, 47.7834, 24.608, 43.3939, 42.7456, 27.3151, 47.5066, 38.7599, 44.0309, 26.5586, 30.9374, 29.4176, 34.4195, 44.2313, 7.3662, 24.132, 12.4908, 20.4956, 2.1236, 23.8524, 1.2011, 24.5522, 1.1505, 23.5818, 20.505, 19.6406, 23.9928, 19.5469, 21.8047, 13.8742, 23.382, 22.6646, 21.9418, 5.2801], [20.3765, 22.9372, 23.8759, 19.3637, 22.6681, 0.0, 24.664, 9.6507, 18.3473, 16.2111, 0.0394, 25.4705, 0.9153, 19.2729, 19.1723, 24.4045, 11.8967, 25.2556, 1.8306, 24.8424, 49.6786, 30.0648, 49.7909, 37.7034, 44.5843, 45.2859, 43.2391, 40.1023, 44.1039, 24.8839, 25.1993, 49.2112, 24.9126, 48.423, 24.6326, 48.8721, 35.5016, 49.7553, 31.9761, 44.8173, 17.4049, 7.2074, 24.5305, 21.5085, 20.8408, 5.9532, 22.0473, 10.8491, 21.5182, 17.0398, 2.6831, 22.1857, 6.546, 22.252, 1.0292, 24.3939, 4.2979, 18.9126, 1.0966, 23.6751], [9.495, 17.0323, 2.5136, 21.2739, 5.4076, 24.664, 0.0, 25.4102, 12.3091, 23.3954, 24.6745, 4.4323, 24.4047, 21.3505, 11.2315, 13.903, 18.6704, 10.6728, 25.0879, 0.7055, 25.2638, 49.5068, 25.6436, 46.141, 27.0043, 38.9488, 28.3473, 44.4019, 27.4752, 47.1052, 46.6488, 24.5566, 49.5131, 33.3729, 47.5387, 24.3785, 36.3127, 25.5032, 39.7526, 39.5754, 12.125, 24.5527, 7.7659, 17.1779, 7.0638, 24.5512, 4.6871, 24.136, 5.7865, 21.6008, 22.897, 16.0867, 24.5607, 15.969, 23.6999, 9.2971, 24.4422, 20.156, 23.7772, 1.0256], [24.7082, 16.9666, 25.5818, 11.6253, 25.4697, 9.6507, 25.4102, 0.0, 23.7186, 7.5473, 9.6141, 24.5067, 10.4922, 11.5018, 24.147, 19.7028, 19.562, 21.8436, 7.9306, 25.3179, 48.5093, 24.3702, 48.1845, 28.2407, 49.468, 36.682, 48.984, 30.4519, 49.31, 32.2342, 33.0177, 49.2148, 26.8616, 41.9694, 31.4455, 49.488, 44.4337, 48.3025, 41.544, 36.0237, 22.6508, 2.4716, 22.262, 15.4585, 24.2017, 3.7014, 24.5007, 1.9783, 24.3938, 9.1387, 11.5502, 16.5825, 3.1148, 16.6968, 9.2325, 21.5185, 5.3546, 11.6248, 8.954, 24.3928], [3.1061, 24.1173, 10.0459, 25.4892, 7.2903, 18.3473, 12.3091, 23.7186, 0.0, 25.494, 18.3747, 16.0087, 17.6976, 25.5009, 1.2134, 22.5218, 7.9514, 20.5437, 19.5761, 12.9229, 36.1, 47.5771, 36.8681, 49.8743, 26.2843, 48.2664, 25.3271, 49.8751, 25.8999, 36.6516, 35.8597, 34.0376, 42.415, 45.0248, 37.4542, 32.9678, 25.3628, 36.5983, 27.6037, 48.5397, 1.0732, 21.833, 17.9873, 23.5, 5.2898, 21.1988, 7.658, 23.351, 6.5711, 24.5605, 15.8116, 23.0255, 21.5055, 22.9709, 17.6866, 19.0648, 20.2751, 24.4207, 17.8942, 11.8437], [25.5692, 10.5624, 24.2999, 4.3848, 25.0564, 16.2111, 23.3954, 7.5473, 25.494, 0.0, 16.1806, 21.2471, 16.9089, 4.2483, 25.5683, 14.0111, 23.5563, 16.9415, 14.7533, 23.1008, 43.9681, 26.9533, 43.3603, 24.3837, 49.5223, 29.2553, 49.8087, 25.0217, 49.648, 39.7596, 40.4947, 45.4669, 33.677, 34.6734, 38.9921, 46.1727, 48.7441, 43.577, 47.1094, 28.6841, 24.4434, 9.4128, 18.2175, 9.166, 24.3601, 10.6099, 23.9186, 5.6978, 24.153, 2.2053, 17.4166, 10.5202, 10.049, 10.66, 15.5144, 17.076, 12.1355, 4.7934, 15.2799, 22.4643], [20.4003, 22.9197, 23.8901, 19.3379, 22.6863, 0.0394, 24.6745, 9.6141, 18.3747, 16.1806, 0.0, 25.4742, 0.9547, 19.247, 19.1984, 24.3926, 11.9316, 25.2493, 1.7912, 24.8518, 49.6851, 30.0288, 49.7957, 37.6649, 44.6133, 45.2586, 43.2709, 40.0659, 44.1339, 24.8979, 25.2166, 49.2224, 24.8984, 48.4068, 24.6431, 48.8856, 35.541, 49.7607, 32.0144, 44.7888, 17.4315, 7.1716, 24.5286, 21.4902, 20.8608, 5.917, 22.0639, 10.8153, 21.5364, 17.0126, 2.7179, 22.1694, 6.51, 22.2359, 1.0267, 24.3895, 4.2617, 18.8884, 1.0838, 23.6852], [13.4673, 13.4672, 6.8865, 18.4897, 9.6581, 25.4705, 4.4323, 24.5067, 16.0087, 21.2471, 25.4742, 0.0, 25.3672, 18.5851, 15.0441, 9.9719, 21.4188, 6.4832, 25.5793, 3.7358, 24.3466, 47.9791, 24.3405, 42.8821, 30.753, 34.5612, 32.4309, 40.7016, 31.3617, 49.0485, 48.7797, 24.7083, 49.9064, 29.1572, 49.2866, 25.0881, 40.5841, 24.3345, 43.6104, 35.2239, 15.6327, 24.0732, 3.6905, 13.885, 11.0061, 24.2996, 8.7413, 22.9847, 9.7975, 19.2526, 24.0894, 12.6379, 24.2016, 12.5046, 24.4579, 5.2634, 24.4906, 17.4246, 24.4836, 4.3796], [19.8099, 23.3281, 23.5316, 19.9496, 22.229, 0.9153, 24.4047, 10.4922, 17.6976, 16.9089, 0.9547, 25.3672, 0.0, 19.8626, 18.5539, 24.6639, 11.0787, 25.3862, 2.7423, 24.6074, 49.5013, 30.9166, 49.6544, 38.5905, 43.8934, 45.9007, 42.4856, 40.9363, 43.3891, 24.6065, 24.8427, 48.9269, 25.2884, 48.7756, 24.4396, 48.5332, 34.5864, 49.6044, 31.0957, 45.4595, 16.775, 8.0352, 24.5584, 21.9185, 20.3632, 6.7908, 21.6464, 11.6271, 21.0814, 17.6606, 1.9042, 22.5481, 7.3794, 22.6093, 1.4079, 24.4805, 5.1395, 19.4602, 1.629, 23.4264], [25.0585, 6.5464, 22.6325, 0.1384, 23.8483, 19.2729, 21.3505, 11.5018, 25.5009, 4.2483, 19.247, 18.5851, 19.8626, 0.0, 25.3731, 10.2619, 24.8878, 13.5227, 18.0195, 20.9536, 40.3501, 30.5111, 39.6327, 24.9938, 48.0974, 26.05, 48.8014, 24.3763, 48.3755, 43.4685, 44.0893, 42.1788, 37.9152, 30.504, 42.8087, 43.0759, 49.7899, 39.8871, 48.9911, 25.6761, 24.5026, 13.0339, 15.2356, 5.2988, 23.5027, 14.1289, 22.6617, 9.549, 23.079, 2.3697, 20.0467, 6.7185, 13.6175, 6.8664, 18.4556, 13.9153, 15.5037, 1.1973, 18.2555, 20.5064], [1.8982, 23.685, 8.9187, 25.3549, 6.119, 19.1723, 11.2315, 24.147, 1.2134, 25.5683, 19.1984, 15.0441, 18.5539, 25.3731, 0.0, 21.9206, 9.0958, 19.7973, 20.3354, 11.8611, 34.8881, 48.1548, 35.6618, 49.9207, 25.588, 47.7051, 24.8374, 49.744, 25.2758, 37.8449, 37.0639, 32.8321, 43.4111, 44.1324, 38.6324, 31.7794, 26.0084, 35.3896, 28.5801, 48.0212, 1.8002, 22.3414, 17.1754, 23.1353, 4.1741, 21.7626, 6.5545, 23.6855, 5.4582, 24.5391, 16.6834, 22.5948, 22.0433, 22.5333, 18.4736, 18.3103, 20.9089, 24.2692, 18.6707, 10.8143], [20.8812, 3.9235, 15.9459, 10.1349, 18.1286, 24.4045, 13.903, 19.7028, 22.5218, 14.0111, 24.3926, 9.9719, 24.6639, 10.2619, 21.9206, 0.0, 25.18, 3.6759, 23.7921, 13.3054, 30.0883, 40.7666, 29.3911, 33.1804, 40.7149, 25.7969, 42.2465, 30.7391, 41.2894, 49.269, 49.4687, 32.0447, 46.5294, 24.3549, 49.0279, 33.1023, 47.8845, 29.6338, 49.2312, 26.184, 21.7726, 20.2777, 6.2829, 4.9635, 18.6771, 20.9911, 16.9709, 17.8019, 17.7804, 11.8062, 24.0528, 3.5441, 20.6622, 3.3969, 23.4021, 4.7085, 21.8351, 9.3294, 23.3089, 13.3793], [10.8449, 25.5787, 16.8614, 24.9195, 14.5511, 11.8967, 18.6704, 19.562, 7.9514, 23.5563, 11.9316, 21.4188, 11.0787, 24.8878, 9.0958, 25.18, 0.0, 24.2663, 13.4868, 19.1457, 43.5031, 41.9421, 44.1054, 47.4283, 33.2322, 49.9137, 31.5258, 48.578, 32.5987, 28.861, 28.1957, 41.7859, 34.7724, 49.1532, 29.5735, 40.8334, 25.205, 43.896, 24.3404, 49.882, 7.3963, 17.2636, 22.2897, 24.5555, 12.4284, 16.3033, 14.5017, 19.8338, 13.5625, 23.3055, 9.2137, 24.5414, 16.7619, 24.5348, 11.5323, 22.9296, 14.9739, 24.0271, 11.7967, 17.931], [18.5403, 7.5152, 12.9057, 13.405, 15.3465, 25.2556, 10.6728, 21.8436, 20.5437, 16.9415, 25.2493, 6.4832, 25.3862, 13.5227, 19.7973, 3.6759, 24.2663, 0.0, 24.8975, 10.0276, 27.0398, 43.8741, 26.5088, 36.8561, 37.2131, 28.3853, 38.9048, 34.3455, 37.8413, 49.8882, 49.9188, 28.6565, 48.4069, 24.8985, 49.8189, 29.5929, 45.7869, 26.6905, 47.8193, 28.9446, 19.9163, 22.0565, 2.9099, 8.3252, 16.1966, 22.6038, 14.2504, 20.0452, 15.1671, 14.7693, 24.5171, 6.9253, 22.3538, 6.7775, 24.2298, 1.4927, 23.223, 12.483, 24.1787, 10.2937], [21.4314, 22.0673, 24.4728, 18.1175, 23.459, 1.8306, 25.0879, 7.9306, 19.5761, 14.7533, 1.7912, 25.5793, 2.7423, 18.0195, 20.3354, 23.7921, 13.4868, 24.8975, 0.0, 25.217, 49.8883, 28.4606, 49.9184, 35.8928, 45.8577, 43.9443, 44.6491, 38.3701, 45.4291, 25.7056, 26.1639, 49.6381, 24.4361, 47.582, 25.2986, 49.4104, 37.3193, 49.9118, 33.7829, 43.4247, 18.5982, 5.5319, 24.3805, 20.6061, 21.7162, 4.2694, 22.7645, 9.2534, 22.3094, 15.7333, 4.3425, 21.3759, 4.8643, 21.4521, 1.959, 24.1272, 2.6403, 17.7449, 1.71, 24.0818], [10.1465, 16.4993, 3.2148, 20.8739, 6.0952, 24.8424, 0.7055, 25.3179, 12.9229, 23.1008, 24.8518, 3.7358, 24.6074, 20.9536, 11.8611, 13.3054, 19.1457, 10.0276, 25.217, 0.0, 24.9703, 49.3385, 25.2951, 45.6828, 27.5239, 38.2713, 28.9418, 43.8653, 28.0249, 47.4829, 47.0547, 24.4245, 49.6518, 32.6751, 47.8867, 24.3358, 37.0115, 25.1736, 40.4047, 38.9079, 12.7074, 24.5261, 7.1267, 16.6882, 7.7035, 24.5608, 5.3361, 24.0016, 6.4331, 21.2706, 23.1331, 15.5699, 24.5532, 15.4495, 23.8685, 8.6708, 24.4993, 19.7619, 23.9378, 1.2326], [32.9951, 33.8951, 26.6995, 40.223, 28.979, 49.6786, 25.2638, 48.5093, 36.1, 43.9681, 49.6851, 24.3466, 49.5013, 40.3501, 34.8881, 30.0883, 43.5031, 27.0398, 49.8883, 24.9703, 0.0, 70.8475, 2.2467, 60.9124, 30.8424, 42.8892, 35.3709, 56.4437, 32.5258, 72.2569, 71.6892, 5.9861, 74.2516, 28.5803, 72.7646, 9.0937, 54.4452, 1.4557, 60.9092, 44.4448, 36.3186, 48.3058, 26.2483, 35.0516, 31.1002, 48.6014, 29.0131, 46.8324, 29.9412, 41.7827, 48.0815, 33.632, 48.4746, 33.4844, 48.6817, 27.0869, 48.8351, 39.3973, 48.7269, 26.1855], [48.9004, 37.0228, 49.8745, 30.6403, 49.8399, 30.0648, 49.5068, 24.3702, 47.5771, 26.9533, 30.0288, 47.9791, 30.9166, 30.5111, 48.1548, 40.7666, 41.9421, 43.8741, 28.4606, 49.3385, 70.8475, 0.0, 70.1422, 22.278, 73.6831, 44.9909, 72.8855, 29.1318, 73.4294, 37.9635, 39.9318, 72.4095, 21.5403, 56.8308, 35.9142, 73.0374, 64.4801, 70.3979, 58.7631, 43.4458, 46.5369, 25.8658, 45.1308, 35.8076, 48.5406, 26.3922, 48.867, 25.4115, 48.7617, 29.1072, 32.741, 37.2229, 26.1225, 37.3698, 30.4189, 44.0263, 27.3291, 31.4502, 30.1611, 48.508], [33.7638, 33.1255, 27.2472, 39.5029, 29.6606, 49.7909, 25.6436, 48.1845, 36.8681, 43.3603, 49.7957, 24.3405, 49.6544, 39.6327, 35.6618, 29.3911, 44.1054, 26.5088, 49.9184, 25.2951, 2.2467, 70.1422, 0.0, 59.5996, 32.872, 41.0356, 37.3301, 54.958, 34.5306, 72.7415, 72.2418, 8.2227, 74.1955, 26.4936, 73.1792, 11.3193, 55.948, 0.7912, 62.1664, 42.6247, 37.0254, 48.0951, 25.9537, 34.3402, 31.7697, 48.4471, 29.6065, 46.4604, 30.5749, 41.1627, 48.2941, 32.9302, 48.2936, 32.7843, 48.7834, 26.6778, 48.7562, 38.7205, 48.8154, 26.5235], [49.8215, 29.4402, 47.5786, 25.0482, 48.8383, 37.7034, 46.141, 28.2407, 49.8743, 24.3837, 37.6649, 42.8821, 38.5905, 24.9938, 49.9207, 33.1804, 47.4283, 36.8561, 35.8928, 45.6828, 60.9124, 22.278, 59.5996, 0.0, 73.0487, 25.1952, 73.787, 7.2979, 73.3599, 55.361, 56.8747, 64.1376, 41.8681, 39.8742, 53.7587, 65.6547, 72.5582, 60.0681, 69.6755, 23.3777, 48.8258, 30.7015, 39.2578, 29.0287, 48.4186, 31.8817, 47.6538, 27.6389, 48.0502, 25.4267, 39.7811, 30.2443, 31.3186, 30.3775, 37.4152, 37.7397, 33.4948, 26.1826, 37.1303, 45.3558], [24.7859, 44.023, 25.4717, 48.0345, 24.4696, 44.5843, 27.0043, 49.468, 26.2843, 49.5223, 44.6133, 30.753, 43.8934, 48.0974, 25.588, 40.7149, 33.2322, 37.2131, 45.8577, 27.5239, 30.8424, 73.6831, 32.872, 73.0487, 0.0, 64.192, 5.0569, 71.3849, 1.8613, 58.622, 57.1748, 25.2968, 67.8462, 54.4646, 60.0422, 22.338, 28.5539, 32.1607, 37.7654, 65.1372, 27.2795, 47.8212, 34.4344, 44.1749, 25.3698, 47.3093, 25.604, 48.7646, 25.4089, 48.0008, 41.9921, 43.0893, 47.5625, 42.9704, 43.9579, 36.0097, 46.4952, 46.9017, 44.1707, 27.7299], [46.6734, 24.409, 41.2695, 25.9686, 43.7217, 45.2859, 38.9488, 36.682, 48.2664, 29.2553, 45.2586, 34.5612, 45.9007, 26.05, 47.7051, 25.7969, 49.9137, 28.3853, 43.9443, 38.2713, 42.8892, 44.9909, 41.0356, 25.1952, 64.192, 0.0, 66.5849, 18.2083, 65.1074, 68.8681, 69.6991, 47.6362, 60.1926, 16.2543, 67.9499, 49.9899, 73.6094, 41.6927, 74.2534, 1.9232, 47.4729, 38.6678, 31.2732, 25.36, 44.4356, 39.8612, 42.6067, 34.9323, 43.4819, 28.2462, 46.0831, 25.4796, 39.3037, 25.5066, 44.4929, 29.8491, 41.357, 26.5578, 44.2862, 38.6566], [24.397, 45.2957, 26.4764, 48.7516, 24.9541, 43.2391, 28.3473, 48.984, 25.3271, 49.8087, 43.2709, 32.4309, 42.4856, 48.8014, 24.8374, 42.2465, 31.5258, 38.9048, 44.6491, 28.9418, 35.3709, 72.8855, 37.3301, 73.787, 5.0569, 66.5849, 0.0, 72.6116, 3.1984, 55.382, 53.8153, 29.9925, 65.6335, 57.7754, 56.9275, 27.1089, 23.8195, 36.6441, 33.3237, 67.4138, 26.3801, 47.1548, 36.0372, 45.2815, 25.4504, 46.5235, 26.1442, 48.4747, 25.742, 48.4596, 40.5849, 44.305, 46.8326, 44.197, 42.708, 37.5985, 45.5598, 47.6185, 42.9415, 28.9356], [49.3686, 27.3696, 46.1403, 24.3912, 47.7834, 40.1023, 44.4019, 30.4519, 49.8751, 25.0217, 40.0659, 40.7016, 40.9363, 24.3763, 49.744, 30.7391, 48.578, 34.3455, 38.3701, 43.8653, 56.4437, 29.1318, 54.958, 7.2979, 71.3849, 18.2083, 72.6116, 0.0, 71.875, 59.9566, 61.2913, 60.1495, 47.6926, 33.5248, 58.5327, 61.9276, 73.7582, 55.4869, 71.8614, 16.3377, 48.8719, 32.9012, 37.0115, 27.3308, 47.6805, 34.15, 46.5824, 29.4137, 47.1303, 25.4616, 41.8534, 28.3285, 33.5587, 28.4418, 39.6427, 35.4417, 35.805, 25.4753, 39.3714, 43.7306], [24.6024, 44.5062, 25.8093, 48.3173, 24.608, 44.1039, 27.4752, 49.31, 25.8999, 49.648, 44.1339, 31.3617, 43.3891, 48.3755, 25.2758, 41.2894, 32.5987, 37.8413, 45.4291, 28.0249, 32.5258, 73.4294, 34.5306, 73.3599, 1.8613, 65.1074, 3.1984, 71.875, 0.0, 57.4612, 55.9692, 27.0387, 67.0684, 55.7126, 58.9283, 24.1061, 26.8268, 33.8282, 36.151, 66.0103, 26.9203, 47.594, 35.0238, 44.5967, 25.3623, 47.0376, 25.7684, 48.6771, 25.4953, 48.1882, 41.4851, 43.5501, 47.3117, 43.435, 43.5114, 36.5972, 46.1676, 47.183, 43.7321, 28.1519], [39.6619, 47.7641, 45.5576, 43.5782, 43.3939, 24.8839, 47.1052, 32.2342, 36.6516, 39.7596, 24.8979, 49.0485, 24.6065, 43.4685, 37.8449, 49.269, 28.861, 49.8882, 25.7056, 47.4829, 72.2569, 37.9635, 72.7415, 55.361, 58.622, 68.8681, 55.382, 59.9566, 57.4612, 0.0, 2.3116, 70.6423, 17.8188, 73.276, 2.3622, 69.6175, 36.5884, 72.5784, 27.294, 68.1258, 36.2233, 30.4414, 48.8081, 46.3093, 41.2754, 29.3436, 43.2626, 34.0667, 42.3742, 41.1165, 25.3716, 47.0466, 29.8511, 47.117, 25.8745, 48.895, 28.0449, 43.3244, 25.9804, 46.2505], [38.9091, 48.1363, 45.006, 44.1945, 42.7456, 25.1993, 46.6488, 33.0177, 35.8597, 40.4947, 25.2166, 48.7797, 24.8427, 44.0893, 37.0639, 49.4687, 28.1957, 49.9188, 26.1639, 47.0547, 71.6892, 39.9318, 72.2418, 56.8747, 57.1748, 69.6991, 53.8153, 61.2913, 55.9692, 2.3116, 0.0, 69.8958, 20.0542, 73.6147, 4.6715, 68.7796, 34.5591, 72.0548, 25.1309, 69.0124, 35.4917, 31.1114, 48.7133, 46.703, 40.6223, 29.9708, 42.6763, 34.7977, 41.7552, 41.7555, 25.4443, 47.3801, 30.5, 47.4441, 26.1609, 48.8746, 28.5969, 43.8846, 26.2899, 45.8227], [30.9906, 35.9577, 25.4788, 42.0605, 27.3151, 49.2112, 24.5566, 49.2148, 34.0376, 45.4669, 49.2224, 24.7083, 48.9269, 42.1788, 32.8321, 32.0447, 41.7859, 28.6565, 49.6381, 24.4245, 5.9861, 72.4095, 8.2227, 64.1376, 25.2968, 47.6362, 29.9925, 60.1495, 27.0387, 70.6423, 69.8958, 0.0, 74.0686, 34.0121, 71.3344, 3.1232, 50.1975, 7.4359, 57.2871, 49.0955, 34.4214, 48.7119, 27.2877, 36.9448, 29.4145, 48.8546, 27.5934, 47.6801, 28.3842, 43.3398, 47.3622, 35.5263, 48.8001, 35.3772, 48.253, 28.3926, 48.886, 41.1339, 48.3329, 25.5577], [44.8538, 43.7986, 48.7885, 38.0498, 47.5066, 24.9126, 49.5131, 26.8616, 42.415, 33.677, 24.8984, 49.9064, 25.2884, 37.9152, 43.4111, 46.5294, 34.7724, 48.4069, 24.4361, 49.6518, 74.2516, 21.5403, 74.1955, 41.8681, 67.8462, 60.1926, 65.6335, 47.6926, 67.0684, 17.8188, 20.0542, 74.0686, 0.0, 68.2509, 15.5166, 73.7819, 51.0248, 74.223, 43.0679, 59.0462, 41.6112, 26.3527, 48.3658, 42.2967, 45.6055, 25.8376, 46.9346, 28.8075, 46.361, 35.6591, 27.0058, 43.443, 26.0587, 43.558, 25.8426, 47.8791, 25.4398, 38.27, 25.7493, 48.5109], [42.6157, 25.5148, 35.886, 30.3754, 38.7599, 48.423, 33.3729, 41.9694, 45.0248, 34.6734, 48.4068, 29.1572, 48.7756, 30.504, 44.1324, 24.3549, 49.1532, 24.8985, 47.582, 32.6751, 28.5803, 56.8308, 26.4936, 39.8742, 54.4646, 16.2543, 57.7754, 33.5248, 55.7126, 73.276, 73.6147, 34.0121, 68.2509, 0.0, 72.8566, 36.7583, 69.6852, 27.2312, 72.5641, 18.1254, 44.5238, 43.2486, 27.1263, 26.9812, 40.1582, 44.2043, 37.8933, 39.9975, 38.9545, 32.8456, 48.3129, 26.2373, 43.7629, 26.1714, 47.4544, 26.2777, 45.3417, 30.3545, 47.3296, 33.5164], [40.4151, 47.3495, 46.0913, 42.9227, 44.0309, 24.6326, 47.5387, 31.4455, 37.4542, 38.9921, 24.6431, 49.2866, 24.4396, 42.8087, 38.6324, 49.0279, 29.5735, 49.8189, 25.2986, 47.8867, 72.7646, 35.9142, 73.1792, 53.7587, 60.0422, 67.9499, 56.9275, 58.5327, 58.9283, 2.3622, 4.6715, 71.3344, 15.5166, 72.8566, 0.0, 70.404, 38.6254, 73.0408, 29.477, 67.1515, 36.967, 29.7809, 48.8694, 45.8762, 41.9233, 28.7343, 43.8374, 33.3245, 42.9846, 40.4445, 25.3662, 46.6735, 29.216, 46.7504, 25.6449, 48.8802, 27.5227, 42.7276, 25.7258, 46.6569], [29.9893, 37.0255, 25.0017, 42.9629, 26.5586, 48.8721, 24.3785, 49.488, 32.9678, 46.1727, 48.8856, 25.0881, 48.5332, 43.0759, 31.7794, 33.1023, 40.8334, 29.5929, 49.4104, 24.3358, 9.0937, 73.0374, 11.3193, 65.6547, 22.338, 49.9899, 27.1089, 61.9276, 24.1061, 69.6175, 68.7796, 3.1232, 73.7819, 36.7583, 70.404, 0.0, 47.8517, 10.5368, 55.2493, 51.3952, 33.4377, 48.8324, 27.959, 37.918, 28.6112, 48.8946, 26.9662, 48.0362, 27.668, 44.09, 46.9017, 36.514, 48.8781, 36.3656, 47.9398, 29.1782, 48.8202, 41.992, 48.0375, 25.3995], [27.2735, 49.3356, 33.7993, 49.8064, 30.9374, 35.5016, 36.3127, 44.4337, 25.3628, 48.7441, 35.541, 40.5841, 34.5864, 49.7899, 26.0084, 47.8845, 25.205, 45.7869, 37.3193, 37.0115, 54.4452, 64.4801, 55.948, 72.5582, 28.5539, 73.6094, 23.8195, 73.7582, 26.8268, 36.5884, 34.5591, 50.1975, 51.0248, 69.6852, 38.6254, 47.8517, 0.0, 55.4246, 10.2765, 73.8378, 26.1367, 42.0217, 43.1014, 48.5917, 29.6812, 40.9224, 31.8528, 44.9195, 30.8231, 48.3801, 33.0952, 48.2467, 41.4477, 48.2032, 35.5482, 44.2962, 39.4016, 48.8355, 35.837, 36.2057], [33.4925, 33.3959, 27.0493, 39.7582, 29.4176, 49.7553, 25.5032, 48.3025, 36.5983, 43.577, 49.7607, 24.3345, 49.6044, 39.8871, 35.3896, 29.6338, 43.896, 26.6905, 49.9118, 25.1736, 1.4557, 70.3979, 0.7912, 60.0681, 32.1607, 41.6927, 36.6441, 55.4869, 33.8282, 72.5784, 72.0548, 7.4359, 74.223, 27.2312, 73.0408, 10.5368, 55.4246, 0.0, 61.7301, 43.2701, 36.7771, 48.1729, 26.0511, 34.5904, 31.5321, 48.5051, 29.3943, 46.5947, 30.3492, 41.383, 48.2228, 33.1764, 48.361, 33.0298, 48.7513, 26.8163, 48.7877, 38.9602, 48.788, 26.3985], [30.2586, 49.8948, 37.3355, 49.0356, 34.4195, 31.9761, 39.7526, 41.544, 27.6037, 47.1094, 32.0144, 43.6104, 31.0957, 48.9911, 28.5801, 49.2312, 24.3404, 47.8193, 33.7829, 40.4047, 60.9092, 58.7631, 62.1664, 69.6755, 37.7654, 74.2534, 33.3237, 71.8614, 36.151, 27.294, 25.1309, 57.2871, 43.0679, 72.5641, 29.477, 55.2493, 10.2765, 61.7301, 0.0, 74.2153, 28.0483, 39.0727, 45.4449, 48.8939, 32.7047, 37.8551, 35.069, 42.4534, 33.9715, 47.2137, 30.0274, 48.8466, 38.4331, 48.834, 32.3129, 46.3811, 36.2186, 48.2082, 32.5932, 39.3894], [47.054, 24.5229, 41.8501, 25.6031, 44.2313, 44.8173, 39.5754, 36.0237, 48.5397, 28.6841, 44.7888, 35.2239, 45.4595, 25.6761, 48.0212, 26.184, 49.882, 28.9446, 43.4247, 38.9079, 44.4448, 43.4458, 42.6247, 23.3777, 65.1372, 1.9232, 67.4138, 16.3377, 66.0103, 68.1258, 69.0124, 49.0955, 59.0462, 18.1254, 67.1515, 51.3952, 73.8378, 43.2701, 74.2153, 0.0, 47.7181, 38.0788, 31.8489, 25.3805, 44.8604, 39.2903, 43.0982, 34.3235, 43.944, 27.8048, 45.7195, 25.6067, 38.7236, 25.6446, 44.0524, 30.3871, 40.8169, 26.261, 43.8373, 39.2376], [3.4486, 23.2567, 9.9777, 24.4932, 7.3662, 17.4049, 12.125, 22.6508, 1.0732, 24.4434, 17.4315, 15.6327, 16.775, 24.5026, 1.8002, 21.7726, 7.3963, 19.9163, 18.5982, 12.7074, 36.3186, 46.5369, 37.0254, 48.8258, 27.2795, 47.4729, 26.3801, 48.8719, 26.9203, 36.2233, 35.4917, 34.4214, 41.6112, 44.5238, 36.967, 33.4377, 26.1367, 36.7771, 28.0483, 47.7181, 0.0, 20.7757, 17.4284, 22.6033, 5.2731, 20.1526, 7.5662, 22.2779, 6.5169, 23.5313, 14.8992, 22.1652, 20.4537, 22.1146, 16.7223, 18.4481, 19.2477, 23.4312, 16.9245, 11.5814], [23.0361, 17.9165, 24.496, 13.146, 24.132, 7.2074, 24.5527, 2.4716, 21.833, 9.4128, 7.1716, 24.0732, 8.0352, 13.0339, 22.3414, 20.2777, 17.2636, 22.0565, 5.5319, 24.5261, 48.3058, 25.8658, 48.0951, 30.7015, 47.8212, 38.6678, 47.1548, 32.9012, 47.594, 30.4414, 31.1114, 48.7119, 26.3527, 43.2486, 29.7809, 48.8324, 42.0217, 48.1729, 39.0727, 38.0788, 20.7757, 0.0, 22.1505, 16.4085, 22.7251, 1.2626, 23.2278, 3.7673, 23.0253, 10.6764, 9.0823, 17.3991, 0.6677, 17.4992, 6.7625, 21.5684, 2.9125, 12.9605, 6.4851, 23.5277], [15.8283, 9.82, 10.0024, 15.1314, 12.4908, 24.5305, 7.7659, 22.262, 17.9873, 18.2175, 24.5286, 3.6905, 24.5584, 15.2356, 17.1754, 6.2829, 22.2897, 2.9099, 24.3805, 7.1267, 26.2483, 45.1308, 25.9537, 39.2578, 34.4344, 31.2732, 36.0372, 37.0115, 35.0238, 48.8081, 48.7133, 27.2877, 48.3658, 27.1263, 48.8694, 27.959, 43.1014, 26.0511, 45.4449, 31.8489, 17.4284, 22.1505, 0.0, 10.3341, 13.4417, 22.5453, 11.4185, 20.5917, 12.3675, 16.1321, 23.5041, 9.0361, 22.3672, 8.8981, 23.5018, 1.5754, 22.9645, 14.1093, 23.4846, 7.3893], [22.4606, 1.5116, 18.8168, 5.1714, 20.4956, 21.5085, 17.1779, 15.4585, 23.5, 9.166, 21.4902, 13.885, 21.9185, 5.2988, 23.1353, 4.9635, 24.5555, 8.3252, 20.6061, 16.6882, 35.0516, 35.8076, 34.3402, 29.0287, 44.1749, 25.36, 45.2815, 27.3308, 44.5967, 46.3093, 46.703, 36.9448, 42.2967, 26.9812, 45.8762, 37.918, 48.5917, 34.5904, 48.8939, 25.3805, 22.6033, 16.4085, 10.3341, 0.0, 20.5594, 17.29, 19.2952, 13.4962, 19.9037, 6.9693, 21.6485, 1.4237, 16.8806, 1.5725, 20.5645, 8.8955, 18.3703, 4.4052, 20.4224, 16.4504], [2.4631, 20.8994, 4.7561, 23.4638, 2.1236, 20.8408, 7.0638, 24.2017, 5.2898, 24.3601, 20.8608, 11.0061, 20.3632, 23.5027, 4.1741, 18.6771, 12.4284, 16.1966, 21.7162, 7.7035, 31.1002, 48.5406, 31.7697, 48.4186, 25.3698, 44.4356, 25.4504, 47.6805, 25.3623, 41.2754, 40.6223, 29.4145, 45.6055, 40.1582, 41.9233, 28.6112, 29.6812, 31.5321, 32.7047, 44.8604, 5.2731, 22.7251, 13.4417, 20.5594, 0.0, 22.3639, 2.3808, 23.412, 1.2843, 23.0294, 18.6023, 19.8289, 22.5423, 19.7481, 20.0077, 14.7048, 21.7928, 22.3402, 20.1584, 6.6965], [22.5465, 18.7907, 24.3652, 14.2371, 23.8524, 5.9532, 24.5512, 3.7014, 21.1988, 10.6099, 5.917, 24.2996, 6.7908, 14.1289, 21.7626, 20.9911, 16.3033, 22.6038, 4.2694, 24.5608, 48.6014, 26.3922, 48.4471, 31.8817, 47.3093, 39.8612, 46.5235, 34.15, 47.0376, 29.3436, 29.9708, 48.8546, 25.8376, 44.2043, 28.7343, 48.8946, 40.9224, 48.5051, 37.8551, 39.2903, 20.1526, 1.2626, 22.5453, 17.29, 22.3639, 0.0, 22.9909, 5.0082, 22.7307, 11.7862, 7.9045, 18.2243, 0.5954, 18.3183, 5.5434, 22.0426, 1.6554, 13.9957, 5.2621, 23.5258], [4.8105, 19.4891, 2.4118, 22.6102, 1.2011, 22.0473, 4.6871, 24.5007, 7.658, 23.9186, 22.0639, 8.7413, 21.6464, 22.6617, 6.5545, 16.9709, 14.5017, 14.2504, 22.7645, 5.3361, 29.0131, 48.867, 29.6065, 47.6538, 25.604, 42.6067, 26.1442, 46.5824, 25.7684, 43.2626, 42.6763, 27.5934, 46.9346, 37.8933, 43.8374, 26.9662, 31.8528, 29.3943, 35.069, 43.0982, 7.5662, 23.2278, 11.4185, 19.2952, 2.3808, 22.9909, 0.0, 23.5352, 1.0995, 22.4204, 19.9653, 18.4447, 23.1109, 18.3517, 21.1588, 12.7705, 22.58, 21.4766, 21.2838, 4.3798], [24.102, 15.0025, 24.4659, 9.6706, 24.5522, 10.8491, 24.136, 1.9783, 23.351, 5.6978, 10.8153, 22.9847, 11.6271, 9.549, 23.6855, 17.8019, 19.8338, 20.0452, 9.2534, 24.0016, 46.8324, 25.4115, 46.4604, 27.6389, 48.7646, 34.9323, 48.4747, 29.4137, 48.6771, 34.0667, 34.7977, 47.6801, 28.8075, 39.9975, 33.3245, 48.0362, 44.9195, 46.5947, 42.4534, 34.3235, 22.2779, 3.7673, 20.5917, 13.4962, 23.412, 5.0082, 23.5352, 0.0, 23.5084, 7.1814, 12.4407, 14.6378, 4.4248, 14.7544, 10.2837, 19.7826, 6.6132, 9.6488, 10.0229, 23.1287], [3.7141, 20.1651, 3.4771, 23.0332, 1.1505, 21.5182, 5.7865, 24.3938, 6.5711, 24.153, 21.5364, 9.7975, 21.0814, 23.079, 5.4582, 17.7804, 13.5625, 15.1671, 22.3094, 6.4331, 29.9412, 48.7617, 30.5749, 48.0502, 25.4089, 43.4819, 25.742, 47.1303, 25.4953, 42.3742, 41.7552, 28.3842, 46.361, 38.9545, 42.9846, 27.668, 30.8231, 30.3492, 33.9715, 43.944, 6.5169, 23.0253, 12.3675, 19.9037, 1.2843, 22.7307, 1.0995, 23.5084, 0.0, 22.7303, 19.3613, 19.1075, 22.8778, 19.02, 20.6542, 13.6801, 22.2453, 21.9028, 20.7912, 5.4553], [24.3952, 8.3829, 22.6436, 2.4896, 23.5818, 17.0398, 21.6008, 9.1387, 24.5605, 2.2053, 17.0126, 19.2526, 17.6606, 2.3697, 24.5391, 11.8062, 23.3055, 14.7693, 15.7333, 21.2706, 41.7827, 29.1072, 41.1627, 25.4267, 48.0008, 28.2462, 48.4596, 25.4616, 48.1882, 41.1165, 41.7555, 43.3398, 35.6591, 32.8456, 40.4445, 44.09, 48.3801, 41.383, 47.2137, 27.8048, 23.5313, 10.6764, 16.1321, 6.9693, 23.0294, 11.7862, 22.4204, 7.1814, 22.7303, 0.0, 17.9435, 8.3164, 11.2671, 8.4557, 16.2528, 14.9489, 13.1899, 2.6385, 16.0425, 20.6967], [17.9725, 23.0076, 21.9145, 20.1231, 20.505, 2.6831, 22.897, 11.5502, 15.8116, 17.4166, 2.7179, 24.0894, 1.9042, 20.0467, 16.6834, 24.0528, 9.2137, 24.5171, 4.3425, 23.1331, 48.0815, 32.741, 48.2941, 39.7811, 41.9921, 46.0831, 40.5849, 41.8534, 41.4851, 25.3716, 25.4443, 47.3622, 27.0058, 48.3129, 25.3662, 46.9017, 33.0952, 48.2228, 30.0274, 45.7195, 14.8992, 9.0823, 23.5041, 21.6485, 18.6023, 7.9045, 19.9653, 12.4407, 19.3613, 17.9435, 0.0, 22.1674, 8.4627, 22.2171, 2.4607, 23.5324, 6.3257, 19.5377, 2.748, 21.9356], [21.8191, 1.0918, 17.8291, 6.5921, 19.6406, 22.1857, 16.0867, 16.5825, 23.0255, 10.5202, 22.1694, 12.6379, 22.5481, 6.7185, 22.5948, 3.5441, 24.5414, 6.9253, 21.3759, 15.5699, 33.632, 37.2229, 32.9302, 30.2443, 43.0893, 25.4796, 44.305, 28.3285, 43.5501, 47.0466, 47.3801, 35.5263, 43.443, 26.2373, 46.6735, 36.514, 48.2467, 33.1764, 48.8466, 25.6067, 22.1652, 17.3991, 9.0361, 1.4237, 19.8289, 18.2243, 18.4447, 14.6378, 19.1075, 8.3164, 22.1674, 0.0, 17.8417, 0.1492, 21.2192, 7.5612, 19.2266, 5.7956, 21.0926, 15.4021], [22.7854, 18.3852, 24.4356, 13.7276, 23.9928, 6.546, 24.5607, 3.1148, 21.5055, 10.049, 6.51, 24.2016, 7.3794, 13.6175, 22.0433, 20.6622, 16.7619, 22.3538, 4.8643, 24.5532, 48.4746, 26.1225, 48.2936, 31.3186, 47.5625, 39.3037, 46.8326, 33.5587, 47.3117, 29.8511, 30.5, 48.8001, 26.0587, 43.7629, 29.216, 48.8781, 41.4477, 48.361, 38.4331, 38.7236, 20.4537, 0.6677, 22.3672, 16.8806, 22.5423, 0.5954, 23.1109, 4.4248, 22.8778, 11.2671, 8.4627, 17.8417, 0.0, 17.9386, 6.1203, 21.8269, 2.2487, 13.5126, 5.8407, 23.5351], [21.7472, 1.1544, 17.7219, 6.7402, 19.5469, 22.252, 15.969, 16.6968, 22.9709, 10.66, 22.2359, 12.5046, 22.6093, 6.8664, 22.5333, 3.3969, 24.5348, 6.7775, 21.4521, 15.4495, 33.4844, 37.3698, 32.7843, 30.3775, 42.9704, 25.5066, 44.197, 28.4418, 43.435, 47.117, 47.4441, 35.3772, 43.558, 26.1714, 46.7504, 36.3656, 48.2032, 33.0298, 48.834, 25.6446, 22.1146, 17.4992, 8.8981, 1.5725, 19.7481, 18.3183, 18.3517, 14.7544, 19.02, 8.4557, 22.2171, 0.1492, 17.9386, 0.0, 21.2833, 7.4197, 19.3122, 5.9401, 21.1583, 15.289], [19.6219, 21.984, 22.9529, 18.5428, 21.8047, 1.0292, 23.6999, 9.2325, 17.6866, 15.5144, 1.0267, 24.4579, 1.4079, 18.4556, 18.4736, 23.4021, 11.5323, 24.2298, 1.959, 23.8685, 48.6817, 30.4189, 48.7834, 37.4152, 43.9579, 44.4929, 42.708, 39.6427, 43.5114, 25.8745, 26.1609, 48.253, 25.8426, 47.4544, 25.6449, 47.9398, 35.5482, 48.7513, 32.3129, 44.0524, 16.7223, 6.7625, 23.5018, 20.5645, 20.0077, 5.5434, 21.1588, 10.2837, 20.6542, 16.2528, 2.4607, 21.2192, 6.1203, 21.2833, 0.0, 23.3652, 3.9209, 18.0587, 0.2891, 22.7071], [17.0476, 8.301, 11.4749, 13.8059, 13.8742, 24.3939, 9.2971, 21.5185, 19.0648, 17.076, 24.3895, 5.2634, 24.4805, 13.9153, 18.3103, 4.7085, 22.9296, 1.4927, 24.1272, 8.6708, 27.0869, 44.0263, 26.6778, 37.7397, 36.0097, 29.8491, 37.5985, 35.4417, 36.5972, 48.895, 48.8746, 28.3926, 47.8791, 26.2777, 48.8802, 29.1782, 44.2962, 26.8163, 46.3811, 30.3871, 18.4481, 21.5684, 1.5754, 8.8955, 14.7048, 22.0426, 12.7705, 19.7826, 13.6801, 14.9489, 23.5324, 7.5612, 21.8269, 7.4197, 23.3652, 0.0, 22.5682, 12.8167, 23.3287, 8.8684], [21.8063, 19.8551, 24.0875, 15.6063, 23.382, 4.2979, 24.4422, 5.3546, 20.2751, 12.1355, 4.2617, 24.4906, 5.1395, 15.5037, 20.9089, 21.8351, 14.9739, 23.223, 2.6403, 24.4993, 48.8351, 27.3291, 48.7562, 33.4948, 46.4952, 41.357, 45.5598, 35.805, 46.1676, 28.0449, 28.5969, 48.886, 25.4398, 45.3417, 27.5227, 48.8202, 39.4016, 48.7877, 36.2186, 40.8169, 19.2477, 2.9125, 22.9645, 18.3703, 21.7928, 1.6554, 22.58, 6.6132, 22.2453, 13.1899, 6.3257, 19.2266, 2.2487, 19.3122, 3.9209, 22.5682, 0.0, 15.2919, 3.6356, 23.4207], [23.9227, 5.7712, 21.4358, 1.1345, 22.6646, 18.9126, 20.156, 11.6248, 24.4207, 4.7934, 18.8884, 17.4246, 19.4602, 1.1973, 24.2692, 9.3294, 24.0271, 12.483, 17.7449, 19.7619, 39.3973, 31.4502, 38.7205, 26.1826, 46.9017, 26.5578, 47.6185, 25.4753, 47.183, 43.3244, 43.8846, 41.1339, 38.27, 30.3545, 42.7276, 41.992, 48.8355, 38.9602, 48.2082, 26.261, 23.4312, 12.9605, 14.1093, 4.4052, 22.3402, 13.9957, 21.4766, 9.6488, 21.9028, 2.6385, 19.5377, 5.7956, 13.5126, 5.9401, 18.0587, 12.8167, 15.2919, 0.0, 17.872, 19.31], [19.8016, 21.8479, 23.0584, 18.344, 21.9418, 1.0966, 23.7772, 8.954, 17.8942, 15.2799, 1.0838, 24.4836, 1.629, 18.2555, 18.6707, 23.3089, 11.7967, 24.1787, 1.71, 23.9378, 48.7269, 30.1611, 48.8154, 37.1303, 44.1707, 44.2862, 42.9415, 39.3714, 43.7321, 25.9804, 26.2899, 48.3329, 25.7493, 47.3296, 25.7258, 48.0375, 35.837, 48.788, 32.5932, 43.8373, 16.9245, 6.4851, 23.4846, 20.4224, 20.1584, 5.2621, 21.2838, 10.0229, 20.7912, 16.0425, 2.748, 21.0926, 5.8407, 21.1583, 0.2891, 23.3287, 3.6356, 17.872, 0.0, 22.7814], [9.1576, 16.3727, 2.6134, 20.433, 5.2801, 23.6751, 1.0256, 24.3928, 11.8437, 22.4643, 23.6852, 4.3796, 23.4264, 20.5064, 10.8143, 13.3793, 17.931, 10.2937, 24.0818, 1.2326, 26.1855, 48.508, 26.5235, 45.3558, 27.7299, 38.6566, 28.9356, 43.7306, 28.1519, 46.2505, 45.8227, 25.5577, 48.5109, 33.5164, 46.6569, 25.3995, 36.2057, 26.3985, 39.3894, 39.2376, 11.5814, 23.5277, 7.3893, 16.4504, 6.6965, 23.5258, 4.3798, 23.1287, 5.4553, 20.6967, 21.9356, 15.4021, 23.5351, 15.289, 22.7071, 8.8684, 23.4207, 19.31, 22.7814, 0.0]]
