[4, 30]
[[0.0, 2.3889, 47.5462, 44.7264, 53.9716, 23.7359, 65.9484, 50.0291, 57.6687, 27.3276, 32.8686, 82.4586, 77.4123, 53.8343, 57.211, 17.6683, 59.7986, 36.2063, 45.562, 67.581, 22.2759, 69.6134, 80.8205, 84.5562, 86.669, 36.3471, 85.3704, 62.2372, 61.6392, 18.5864], [2.3889, 0.0, 49.7614, 46.693, 54.8164, 21.509, 67.7269, 49.4265, 58.0913, 27.7345, 35.1519, 84.5021, 79.0603, 55.4814, 58.4241, 19.5799, 61.7701, 38.5866, 47.2707, 69.653, 24.6111, 71.6091, 82.6134, 86.4755, 88.4429, 34.5748, 87.1783, 64.019, 61.0033, 20.8794], [47.5462, 49.7614, 0.0, 44.7795, 73.7659, 66.9601, 62.9954, 87.8765, 82.8623, 41.3936, 15.0498, 66.8342, 75.3625, 58.2666, 69.8078, 42.1261, 52.774, 16.9631, 52.0202, 54.3002, 25.8643, 24.8322, 74.0037, 73.0387, 79.3839, 71.6386, 77.2774, 60.2816, 98.7475, 29.0868], [44.7264, 46.693, 44.7795, 0.0, 30.98, 67.9106, 22.2688, 54.8519, 41.3796, 62.4399, 36.2945, 37.9494, 34.771, 13.6414, 25.2499, 27.1178, 15.077, 29.1165, 7.8561, 23.3721, 34.2033, 68.1767, 36.7268, 39.8658, 42.6514, 80.985, 41.1369, 18.6718, 63.3276, 36.5943], [53.9716, 54.8164, 73.7659, 30.98, 0.0, 71.4994, 31.1603, 31.898, 10.863, 79.3158, 62.289, 52.7299, 35.2135, 21.6271, 10.1822, 39.956, 35.0745, 56.9687, 23.1309, 43.6117, 55.9254, 98.089, 42.2122, 49.4677, 46.4337, 87.4301, 46.3874, 29.2174, 36.498, 56.3903], [23.7359, 21.509, 66.9601, 67.9106, 71.4994, 0.0, 88.355, 56.9275, 72.2739, 31.9796, 53.6271, 105.8256, 99.1681, 75.7297, 76.8511, 40.8506, 82.963, 58.5641, 67.7934, 91.0389, 44.1243, 85.7352, 103.2395, 107.4912, 108.9864, 16.4385, 107.8435, 84.6735, 67.4427, 40.1181], [65.9484, 67.7269, 62.9954, 22.2688, 31.1603, 88.355, 0.0, 62.4025, 41.405, 84.7053, 57.2666, 21.692, 12.7331, 13.0844, 21.0487, 48.3239, 10.2996, 49.3964, 20.5621, 14.3068, 56.3557, 83.9279, 14.8952, 19.9619, 20.7207, 102.2846, 19.489, 3.7123, 67.6529, 58.8519], [50.0291, 49.4265, 87.8765, 54.8519, 31.898, 56.9275, 62.4025, 0.0, 24.4399, 77.1581, 73.5179, 84.0941, 67.061, 50.9454, 41.9382, 46.0355, 64.2025, 71.4854, 48.3555, 73.3971, 63.8039, 112.5627, 74.1088, 81.2945, 78.2689, 73.1766, 78.2754, 59.938, 11.6233, 62.1875], [57.6687, 58.0913, 82.8623, 41.3796, 10.863, 72.2739, 41.405, 24.4399, 0.0, 84.2415, 70.5532, 62.6911, 43.7366, 32.4825, 20.4183, 46.0452, 45.8929, 65.9227, 33.5982, 54.2986, 63.1772, 107.4551, 51.1785, 58.7755, 54.8011, 88.6074, 55.0574, 39.7529, 26.6475, 63.0808], [27.3276, 27.7345, 41.3936, 62.4399, 79.3158, 31.9796, 84.7053, 77.1581, 84.2415, 0.0, 32.6607, 96.9492, 97.1616, 74.4009, 80.7614, 39.5904, 76.4263, 40.4176, 66.0063, 82.2035, 28.6986, 55.5469, 98.9213, 100.9196, 104.838, 31.1754, 103.1675, 81.1073, 88.7248, 25.8628], [32.8686, 35.1519, 15.0498, 36.2945, 62.289, 53.6271, 57.2666, 73.5179, 70.5532, 32.6607, 0.0, 65.9271, 69.9946, 49.8419, 59.8712, 27.5091, 47.7011, 8.3108, 42.4245, 51.7447, 10.8415, 39.1341, 70.1792, 70.85, 75.94, 60.4063, 74.0335, 54.0351, 84.6032, 14.2833], [82.4586, 84.5021, 66.8342, 37.9494, 52.7299, 105.8256, 21.692, 84.0941, 62.6911, 96.9492, 65.9271, 0.0, 21.9875, 33.9231, 42.5578, 64.982, 23.0409, 57.6187, 39.7086, 14.9698, 68.3527, 82.9746, 14.7435, 8.1438, 16.6802, 118.4802, 14.5051, 24.352, 89.155, 71.6252], [77.4123, 79.0603, 75.3625, 34.771, 35.2135, 99.1681, 12.7331, 67.061, 43.7366, 97.1616, 69.9946, 21.9875, 0.0, 23.5805, 25.5439, 59.9608, 22.6312, 62.096, 31.8956, 23.1563, 68.9571, 95.567, 7.8149, 15.7988, 11.2212, 113.6153, 11.3217, 16.1343, 70.3399, 71.3458], [53.8343, 55.4814, 58.2666, 13.6414, 21.6271, 75.7297, 13.0844, 50.9454, 32.4825, 74.4009, 49.8419, 33.9231, 23.5805, 0.0, 13.1772, 36.4347, 13.5412, 42.7575, 8.4426, 22.4966, 46.9033, 81.2297, 27.6943, 33.0249, 33.319, 90.042, 32.3218, 9.7193, 57.4249, 48.8426], [57.211, 58.4241, 69.8078, 25.2499, 10.1822, 76.8511, 21.0487, 41.9382, 20.4183, 80.7614, 59.8712, 42.5578, 25.5439, 13.1772, 0.0, 41.266, 25.9261, 53.5574, 17.7888, 33.973, 55.1121, 93.4245, 32.2448, 39.3578, 36.733, 92.2512, 36.5313, 19.3493, 46.6208, 56.2922], [17.6683, 19.5799, 42.1261, 27.1178, 39.956, 40.8506, 48.3239, 46.0355, 46.0452, 39.5904, 27.5091, 64.982, 59.9608, 36.4347, 41.266, 0.0, 42.1941, 26.5518, 28.0653, 50.1914, 17.9695, 66.624, 63.1793, 66.9028, 69.0412, 54.0101, 67.7188, 44.6116, 57.2217, 17.1514], [59.7986, 61.7701, 52.774, 15.077, 35.0745, 82.963, 10.2996, 64.2025, 45.8929, 76.4263, 47.7011, 23.0409, 22.6312, 13.5412, 25.9261, 42.1941, 0.0, 39.654, 17.0678, 9.3536, 47.7873, 73.6581, 22.6225, 24.8813, 28.4939, 96.0298, 26.7541, 8.3074, 70.9512, 50.6196], [36.2063, 38.5866, 16.9631, 29.1165, 56.9687, 58.5641, 49.3964, 71.4854, 65.9227, 40.4176, 8.3108, 57.6187, 62.096, 42.7575, 53.5574, 26.5518, 39.654, 0.0, 35.8328, 43.4516, 14.4528, 41.7328, 62.0303, 62.5641, 67.7583, 66.8203, 65.828, 46.2694, 82.1527, 18.4697], [45.562, 47.2707, 52.0202, 7.8561, 23.1309, 67.7934, 20.5621, 48.3555, 33.5982, 66.0063, 42.4245, 39.7086, 31.8956, 8.4426, 17.7888, 28.0653, 17.0678, 35.8328, 0.0, 26.3703, 38.7537, 75.757, 35.4478, 40.0281, 41.2213, 81.8455, 40.0501, 16.8891, 56.2477, 40.5401], [67.581, 69.653, 54.3002, 23.3721, 43.6117, 91.0389, 14.3068, 73.3971, 54.2986, 82.2035, 51.7447, 14.9698, 23.1563, 22.4966, 33.973, 50.1914, 9.3536, 43.4516, 26.3703, 0.0, 53.5436, 72.9534, 19.9319, 19.1213, 25.1031, 103.5329, 22.9789, 14.7219, 79.8361, 56.7431], [22.2759, 24.6111, 25.8643, 34.2033, 55.9254, 44.1243, 56.3557, 63.8039, 63.1772, 28.6986, 10.8415, 68.3527, 68.9571, 46.9033, 55.1121, 17.9695, 47.7873, 14.4528, 38.7537, 53.5436, 0.0, 49.48, 70.3472, 72.221, 76.2508, 52.7018, 74.5411, 52.8301, 75.1009, 4.0179], [69.6134, 71.6091, 24.8322, 68.1767, 98.089, 85.7352, 83.9279, 112.5627, 107.4551, 55.5469, 39.1341, 82.9746, 95.567, 81.2297, 93.4245, 66.624, 73.6581, 41.7328, 75.757, 72.9534, 49.48, 0.0, 92.8301, 90.2447, 97.6309, 86.6124, 95.4004, 81.716, 123.5183, 52.0723], [80.8205, 82.6134, 74.0037, 36.7268, 42.2122, 103.2395, 14.8952, 74.1088, 51.1785, 98.9213, 70.1792, 14.7435, 7.8149, 27.6943, 32.2448, 63.1793, 22.6225, 62.0303, 35.4478, 19.9319, 70.3472, 92.8301, 0.0, 7.9892, 5.927, 117.163, 4.6275, 18.5968, 77.8215, 73.0703], [84.5562, 86.4755, 73.0387, 39.8658, 49.4677, 107.4912, 19.9619, 81.2945, 58.7755, 100.9196, 70.85, 8.1438, 15.7988, 33.0249, 39.3578, 66.9028, 24.8813, 62.5641, 40.0281, 19.1213, 72.221, 90.2447, 7.9892, 0.0, 8.5602, 120.8472, 6.4471, 23.3671, 85.4184, 75.2424], [86.669, 88.4429, 79.3839, 42.6514, 46.4337, 108.9864, 20.7207, 78.2689, 54.8011, 104.838, 75.94, 16.6802, 11.2212, 33.319, 36.733, 69.0412, 28.4939, 67.7583, 41.2213, 25.1031, 76.2508, 97.6309, 5.927, 8.5602, 0.0, 123.0042, 2.2702, 24.4321, 81.3377, 78.9901], [36.3471, 34.5748, 71.6386, 80.985, 87.4301, 16.4385, 102.2846, 73.1766, 88.6074, 31.1754, 60.4063, 118.4802, 113.6153, 90.042, 92.2512, 54.0101, 96.0298, 66.8203, 81.8455, 103.5329, 52.7018, 86.6124, 117.163, 120.8472, 123.0042, 0.0, 121.7165, 98.5746, 83.4615, 48.7878], [85.3704, 87.1783, 77.2774, 41.1369, 46.3874, 107.8435, 19.489, 78.2754, 55.0574, 103.1675, 74.0335, 14.5051, 11.3217, 32.3218, 36.5313, 67.7188, 26.7541, 65.828, 40.0501, 22.9789, 74.5411, 95.4004, 4.6275, 6.4471, 2.2702, 121.7165, 0.0, 23.1797, 81.6607, 77.3384], [62.2372, 64.019, 60.2816, 18.6718, 29.2174, 84.6735, 3.7123, 59.938, 39.7529, 81.1073, 54.0351, 24.352, 16.1343, 9.7193, 19.3493, 44.6116, 8.3074, 46.2694, 16.8891, 14.7219, 52.8301, 81.716, 18.5968, 23.3671, 24.4321, 98.5746, 23.1797, 0.0, 65.6642, 55.2659], [61.6392, 61.0033, 98.7475, 63.3276, 36.498, 67.4427, 67.6529, 11.6233, 26.6475, 88.7248, 84.6032, 89.155, 70.3399, 57.4249, 46.6208, 57.2217, 70.9512, 82.1527, 56.2477, 79.8361, 75.1009, 123.5183, 77.8215, 85.4184, 81.3377, 83.4615, 81.6607, 65.6642, 0.0, 73.616], [18.5864, 20.8794, 29.0868, 36.5943, 56.3903, 40.1181, 58.8519, 62.1875, 63.0808, 25.8628, 14.2833, 71.6252, 71.3458, 48.8426, 56.2922, 17.1514, 50.6196, 18.4697, 40.5401, 56.7431, 4.0179, 52.0723, 73.0703, 75.2424, 78.9901, 48.7878, 77.3384, 55.2659, 73.616, 0.0]]
[[0.0, 56.2428, 71.6102, 33.7787, 97.9085, 91.4935, 69.2892, 32.5414, 81.5247, 45.7232, 68.208, 26.8228, 104.6554, 37.2357, 82.4617, 46.9103, 70.5143, 93.8264, 38.5183, 77.6634, 67.5296, 27.09, 95.596, 67.9825, 58.3315, 16.9658, 102.3282, 87.981, 90.0287, 25.4145], [56.2428, 0.0, 18.2914, 23.587, 41.6677, 43.3323, 58.5121, 40.3214, 25.7046, 30.5512, 16.6138, 39.4417, 62.7848, 29.659, 29.3162, 15.7866, 14.3665, 54.1802, 51.5221, 69.907, 40.7817, 50.4911, 59.1377, 52.2276, 58.7387, 39.4835, 48.962, 52.6876, 39.0324, 48.6629], [71.6102, 18.2914, 0.0, 40.9795, 29.1739, 45.392, 54.4192, 49.0874, 19.8175, 35.0882, 3.9921, 50.3956, 45.9342, 38.707, 11.2062, 25.269, 13.0092, 38.5935, 57.814, 65.0668, 34.0235, 60.2041, 44.3661, 47.4468, 58.8759, 55.547, 31.1718, 39.0644, 39.0384, 58.9203], [33.7787, 23.587, 40.9795, 0.0, 64.8748, 58.6505, 62.2707, 30.2754, 48.0141, 30.7836, 38.3036, 25.9136, 81.5554, 23.5072, 52.1855, 20.9709, 37.3555, 71.6485, 42.7114, 73.2874, 50.6283, 36.692, 75.3209, 57.7331, 57.167, 16.8332, 72.1204, 68.0007, 56.5781, 34.3073], [97.9085, 41.6677, 29.1739, 64.8748, 0.0, 34.3666, 80.1385, 78.106, 17.6693, 64.2564, 33.1659, 78.9697, 52.6416, 67.5601, 22.8308, 53.5793, 27.5205, 51.1449, 86.9744, 89.6982, 59.604, 89.1491, 57.7804, 73.1389, 86.6587, 81.1324, 21.7233, 55.8892, 27.4558, 87.748], [91.4935, 43.3323, 45.392, 58.6505, 34.3666, 0.0, 99.0224, 83.1782, 26.4449, 73.7349, 48.1143, 81.3573, 84.4171, 72.7403, 47.7032, 59.1189, 33.5205, 80.3877, 94.7534, 110.0138, 79.1041, 92.6569, 86.8544, 92.1993, 101.3256, 75.0394, 55.6171, 82.9579, 7.1903, 90.5892], [69.2892, 58.5121, 54.4192, 62.2707, 80.1385, 99.0224, 0.0, 37.5881, 74.231, 31.5715, 51.1727, 43.9013, 50.216, 39.1462, 57.3299, 45.068, 65.5019, 40.6692, 31.6568, 11.4361, 20.6403, 42.79, 37.9344, 7.0302, 13.6122, 63.0853, 68.6293, 32.474, 93.1191, 44.0499], [32.5414, 40.3214, 49.0874, 30.2754, 78.106, 83.1782, 37.5881, 0.0, 64.8601, 15.4408, 45.136, 6.3353, 73.6268, 10.7734, 58.2886, 25.1224, 53.4963, 62.678, 12.4801, 47.1485, 35.5564, 11.1828, 63.7684, 35.5766, 28.7705, 25.916, 76.8195, 56.2242, 79.3006, 10.3182], [81.5247, 25.7046, 19.8175, 48.0141, 17.6693, 26.4449, 74.231, 64.8601, 0.0, 52.5939, 23.1684, 64.7401, 58.9439, 54.0913, 21.3963, 39.7427, 11.4695, 54.1485, 75.0389, 84.8707, 53.8278, 75.5152, 60.5441, 67.2636, 78.2104, 64.6001, 33.3925, 56.5139, 19.6379, 73.8473], [45.7232, 30.5512, 35.0882, 30.7836, 64.2564, 73.7349, 31.5715, 15.4408, 52.5939, 0.0, 31.0971, 19.3354, 59.0191, 8.9738, 43.4651, 15.0286, 41.708, 48.142, 22.7308, 42.7584, 22.1871, 26.4325, 49.9362, 26.9943, 28.611, 34.582, 61.5447, 42.3118, 68.9642, 25.757], [68.208, 16.6138, 3.9921, 38.3036, 33.1659, 48.1143, 51.1727, 45.136, 23.1684, 31.0971, 0.0, 46.551, 46.3619, 34.8063, 14.2621, 21.5859, 14.8933, 38.2843, 53.824, 61.9862, 31.0021, 56.2662, 43.7143, 44.2515, 55.1755, 52.3553, 34.225, 37.9191, 41.9911, 55.0095], [26.8228, 39.4417, 50.3956, 25.9136, 78.9697, 81.3573, 43.9013, 6.3353, 64.7401, 19.3354, 46.551, 0.0, 78.3081, 11.9713, 60.2582, 25.3918, 53.2751, 67.4023, 17.3878, 53.4741, 40.7475, 11.3124, 68.8878, 41.7097, 34.9731, 19.6668, 79.3737, 61.2903, 77.9525, 9.2638], [104.6554, 62.7848, 45.9342, 81.5554, 52.6416, 84.4171, 50.216, 73.6268, 58.9439, 59.0191, 46.3619, 78.3081, 0.0, 67.4368, 38.0514, 60.9357, 58.0357, 10.9554, 75.0377, 54.2417, 38.4698, 83.4315, 12.3776, 45.5197, 62.7639, 91.8173, 31.9098, 18.3551, 77.2387, 83.4861], [37.2357, 29.659, 38.707, 23.5072, 67.5601, 72.7403, 39.1462, 10.7734, 54.0913, 8.9738, 34.8063, 11.9713, 67.4368, 0.0, 48.3525, 14.3502, 42.7229, 56.6427, 22.0652, 49.9439, 31.1448, 21.6009, 58.7192, 35.2761, 33.7548, 25.6123, 67.403, 51.0951, 68.6845, 20.2169], [82.4617, 29.3162, 11.2062, 52.1855, 22.8308, 47.7032, 57.3299, 58.2886, 21.3963, 43.4651, 14.2621, 60.2582, 38.0514, 48.3525, 0.0, 35.7194, 20.5109, 32.7523, 65.8427, 67.0569, 36.7742, 69.4714, 39.1646, 50.3218, 64.0023, 66.5948, 20.0043, 35.4652, 40.703, 68.3977], [46.9103, 15.7866, 25.269, 20.9709, 53.5793, 59.1189, 45.068, 25.1224, 39.7427, 15.0286, 21.5859, 25.3918, 60.9357, 14.3502, 35.7194, 0.0, 28.3766, 50.8166, 35.8351, 56.4827, 30.3615, 35.8351, 54.3567, 39.4585, 43.5851, 31.7762, 55.4572, 47.0308, 54.707, 34.277], [70.5143, 14.3665, 13.0092, 37.3555, 27.5205, 33.5205, 65.5019, 53.4963, 11.4695, 41.708, 14.8933, 53.2751, 58.0357, 42.7229, 20.5109, 28.3766, 0.0, 51.343, 63.9154, 76.5135, 45.6876, 64.0835, 57.2594, 58.6859, 68.2616, 53.6701, 37.969, 52.0716, 27.8121, 62.3949], [93.8264, 54.1802, 38.5935, 71.6485, 51.1449, 80.3877, 40.6692, 62.678, 54.1485, 48.142, 38.2843, 67.4023, 10.9554, 56.6427, 32.7523, 50.8166, 51.343, 0.0, 64.1987, 46.0934, 27.5495, 72.4845, 6.6411, 35.4131, 52.6631, 81.2698, 32.8721, 8.1957, 73.3229, 72.5309], [38.5183, 51.5221, 57.814, 42.7114, 86.9744, 94.7534, 31.6568, 12.4801, 75.0389, 22.7308, 53.824, 17.3878, 75.0377, 22.0652, 65.8427, 35.8351, 63.9154, 64.1987, 0.0, 39.1998, 36.7453, 11.4459, 63.9932, 32.0036, 19.8295, 36.4252, 83.0615, 56.8407, 90.5294, 13.1987], [77.6634, 69.907, 65.0668, 73.2874, 89.6982, 110.0138, 11.4361, 47.1485, 84.8707, 42.7584, 61.9862, 53.4741, 54.2417, 49.9439, 67.0569, 56.4827, 76.5135, 46.0934, 39.1998, 0.0, 31.0438, 50.6421, 41.9398, 17.8591, 19.383, 73.0046, 76.5193, 38.1447, 103.9771, 52.2519], [67.5296, 40.7817, 34.0235, 50.6283, 59.604, 79.1041, 20.6403, 35.5564, 53.8278, 22.1871, 31.0021, 40.7475, 38.4698, 31.1448, 36.7742, 30.3615, 45.6876, 27.5495, 36.7453, 31.0438, 0.0, 44.9966, 28.2121, 13.6101, 28.2523, 56.7053, 49.6159, 20.6824, 72.9728, 45.1492], [27.09, 50.4911, 60.2041, 36.692, 89.1491, 92.6569, 42.79, 11.1828, 75.5152, 26.4325, 56.2662, 11.3124, 83.4315, 21.6009, 69.4714, 35.8351, 64.0835, 72.4845, 11.4459, 50.6421, 44.9966, 0.0, 73.0066, 42.429, 31.2754, 26.9445, 87.9415, 65.6041, 89.1813, 2.4892], [95.596, 59.1377, 44.3661, 75.3209, 57.7804, 86.8544, 37.9344, 63.7684, 60.5441, 49.9362, 43.7143, 68.8878, 12.3776, 58.7192, 39.1646, 54.3567, 57.2594, 6.6411, 63.9932, 41.9398, 28.2121, 73.0066, 0.0, 33.5408, 50.6995, 83.8792, 39.212, 7.6255, 79.8151, 73.2786], [67.9825, 52.2276, 47.4468, 57.7331, 73.1389, 92.1993, 7.0302, 35.5766, 67.2636, 26.9943, 44.2515, 41.7097, 45.5197, 35.2761, 50.3218, 39.4585, 58.6859, 35.4131, 32.0036, 17.8591, 13.6101, 42.429, 33.5408, 0.0, 17.264, 60.186, 62.0412, 27.311, 86.2283, 43.3246], [58.3315, 58.7387, 58.8759, 57.167, 86.6587, 101.3256, 13.6122, 28.7705, 78.2104, 28.611, 55.1755, 34.9731, 62.7639, 33.7548, 64.0023, 43.5851, 68.2616, 52.6631, 19.8295, 19.383, 28.2523, 31.2754, 50.6995, 17.264, 0.0, 54.6397, 77.8682, 44.5745, 96.04, 32.9423], [16.9658, 39.4835, 55.547, 16.8332, 81.1324, 75.0394, 63.0853, 25.916, 64.6001, 34.582, 52.3553, 19.6668, 91.8173, 25.6123, 66.5948, 31.7762, 53.6701, 81.2698, 36.4252, 73.0046, 56.7053, 26.9445, 83.8792, 60.186, 54.6397, 0.0, 86.58, 76.2853, 73.2817, 24.4899], [102.3282, 48.962, 31.1718, 72.1204, 21.7233, 55.6171, 68.6293, 76.8195, 33.3925, 61.5447, 34.225, 79.3737, 31.9098, 67.403, 20.0043, 55.4572, 37.969, 32.8721, 83.0615, 76.5193, 49.6159, 87.9415, 39.212, 62.0412, 77.8682, 86.58, 0.0, 39.3613, 48.5146, 87.0866], [87.981, 52.6876, 39.0644, 68.0007, 55.8892, 82.9579, 32.474, 56.2242, 56.5139, 42.3118, 37.9191, 61.2903, 18.3551, 51.0951, 35.4652, 47.0308, 52.0716, 8.1957, 56.8407, 38.1447, 20.6824, 65.6041, 7.6255, 27.311, 44.5745, 76.2853, 39.3613, 0.0, 76.0605, 65.8154], [90.0287, 39.0324, 39.0384, 56.5781, 27.4558, 7.1903, 93.1191, 79.3006, 19.6379, 68.9642, 41.9911, 77.9525, 77.2387, 68.6845, 40.703, 54.707, 27.8121, 73.3229, 90.5294, 103.9771, 72.9728, 89.1813, 79.8151, 86.2283, 96.04, 73.2817, 48.5146, 76.0605, 0.0, 87.216], [25.4145, 48.6629, 58.9203, 34.3073, 87.748, 90.5892, 44.0499, 10.3182, 73.8473, 25.757, 55.0095, 9.2638, 83.4861, 20.2169, 68.3977, 34.277, 62.3949, 72.5309, 13.1987, 52.2519, 45.1492, 2.4892, 73.2786, 43.3246, 32.9423, 24.4899, 87.0866, 65.8154, 87.216, 0.0]]
[[0.0, 71.6087, 61.4853, 32.942, 23.8776, 61.1557, 39.3207, 74.3988, 64.3429, 30.5075, 59.233, 50.7036, 57.9843, 34.2107, 30.6269, 38.6247, 89.0761, 39.6727, 3.3499, 82.811, 48.0924, 21.9711, 13.3958, 27.3726, 23.5447, 28.1514, 61.5098, 57.5396, 77.3025, 57.6116], [71.6087, 0.0, 98.1478, 71.5264, 55.2552, 73.8877, 91.5499, 22.1016, 34.5289, 53.8735, 76.647, 24.4315, 107.4375, 86.3492, 59.7424, 52.8622, 85.3387, 33.2401, 68.8007, 61.2847, 65.9557, 93.5121, 84.8045, 47.9339, 54.5604, 45.2535, 22.4916, 107.8005, 67.2288, 78.7235], [61.4853, 98.1478, 0.0, 31.8846, 51.7927, 29.2794, 98.9846, 85.5973, 68.5046, 86.7158, 24.9068, 90.2767, 17.8412, 28.198, 42.53, 94.6679, 48.9024, 70.0859, 63.5591, 62.5447, 32.3182, 61.648, 59.3231, 58.4342, 52.9482, 62.3398, 76.8214, 19.0188, 51.0383, 21.575], [32.942, 71.5264, 31.8846, 0.0, 20.0628, 29.168, 72.2145, 64.1584, 48.7386, 55.0465, 26.637, 59.7865, 36.3115, 15.7909, 11.9392, 62.8947, 57.5591, 40.2787, 34.1725, 56.9351, 17.7044, 42.1544, 36.1307, 27.134, 21.2028, 31.0056, 52.8187, 36.5424, 48.7267, 24.7357], [23.8776, 55.2552, 51.7927, 20.0628, 0.0, 41.5423, 60.7527, 53.0337, 41.1014, 36.4081, 40.8785, 40.3712, 55.5625, 32.138, 10.0984, 43.8195, 67.8987, 22.2203, 23.0433, 59.1635, 28.0164, 42.4441, 34.0535, 7.64, 1.1611, 11.259, 40.3557, 55.6318, 54.4661, 40.3873], [61.1557, 73.8877, 29.2794, 29.168, 41.5423, 0.0, 100.3759, 58.3469, 41.282, 77.4514, 4.5285, 71.7131, 45.1794, 39.3693, 31.7973, 84.2863, 28.4005, 51.8032, 61.7917, 33.8245, 13.5389, 71.0109, 65.2925, 45.1875, 42.5643, 48.6069, 51.5322, 46.1346, 22.9209, 8.1425], [39.3207, 91.5499, 98.9846, 72.2145, 60.7527, 100.3759, 0.0, 102.1322, 96.712, 37.7007, 98.5472, 67.1298, 91.8753, 70.8152, 69.1873, 39.7989, 128.0385, 67.5588, 38.6092, 119.3422, 87.1458, 40.6765, 39.9979, 61.0564, 60.0345, 59.7544, 90.0484, 91.1295, 115.2185, 96.9205], [74.3988, 22.1016, 85.5973, 64.1584, 53.0337, 58.3469, 102.1322, 0.0, 17.1454, 65.3216, 61.88, 39.0896, 97.6894, 79.9094, 53.6986, 66.8203, 65.0135, 35.4181, 72.272, 39.9163, 53.6915, 95.0796, 86.4489, 47.3292, 52.7688, 46.2559, 12.8901, 98.2741, 47.2537, 64.6004], [64.3429, 34.5289, 68.5046, 48.7386, 41.1014, 41.282, 96.712, 17.1454, 0.0, 62.395, 44.7485, 42.1259, 81.0159, 64.5117, 39.3852, 65.9486, 51.0024, 29.7164, 62.7927, 28.6573, 36.8136, 83.4777, 75.1525, 37.132, 41.1453, 37.3835, 12.7904, 81.6502, 32.8507, 47.4551], [30.5075, 53.8735, 86.7158, 55.0465, 36.4081, 77.4514, 37.7007, 65.3216, 62.395, 0.0, 77.1521, 29.4883, 86.6464, 62.129, 46.5065, 8.2541, 102.1621, 32.7211, 27.2322, 88.1569, 64.0772, 49.6082, 42.3791, 32.3947, 35.2918, 29.3616, 53.8909, 86.373, 86.6167, 76.7869], [59.233, 76.647, 24.9068, 26.637, 40.8785, 4.5285, 98.5472, 61.88, 44.7485, 77.1521, 0.0, 73.1592, 40.6519, 35.5986, 30.8805, 84.2357, 31.493, 53.0056, 60.0928, 38.3517, 13.2282, 67.9316, 62.5653, 45.2054, 41.9536, 48.7908, 54.4641, 41.6061, 27.3856, 3.6217], [50.7036, 24.4315, 90.2767, 59.7865, 40.3712, 71.7131, 67.1298, 39.0896, 42.1259, 29.4883, 73.1592, 0.0, 95.855, 72.4332, 48.0924, 28.6946, 90.4632, 20.3418, 47.5751, 70.651, 60.4412, 72.5634, 64.0968, 32.8283, 39.3607, 29.114, 30.3875, 95.9611, 72.819, 74.197], [57.9843, 107.4375, 17.8412, 36.3115, 55.5625, 45.1794, 91.8753, 97.6894, 81.0159, 86.6464, 40.6519, 95.855, 0.0, 24.5522, 48.2451, 94.8778, 66.7304, 76.5821, 60.7224, 78.9851, 44.2696, 51.9588, 52.0582, 63.0317, 56.622, 66.8003, 87.5333, 1.2398, 67.7872, 37.0536], [34.2107, 86.3492, 28.198, 15.7909, 32.138, 39.3693, 70.8152, 79.9094, 64.5117, 62.129, 35.5986, 72.4332, 24.5522, 0.0, 26.7609, 70.3499, 66.9187, 54.0532, 36.6936, 70.6606, 31.2223, 34.1814, 31.1484, 39.7698, 33.1028, 43.3493, 68.4024, 24.3556, 61.2998, 32.5328], [30.6269, 59.7424, 42.53, 11.9392, 10.0984, 31.7973, 69.1873, 53.6986, 39.3852, 46.5065, 30.8805, 48.0924, 48.2451, 26.7609, 0.0, 53.8872, 58.8745, 28.3745, 30.6707, 52.8118, 18.2744, 45.6568, 38.0772, 15.927, 11.2218, 19.8278, 41.8089, 48.4815, 46.7006, 30.2968], [38.6247, 52.8622, 94.6679, 62.8947, 43.8195, 84.2863, 39.7989, 66.8203, 65.9486, 8.2541, 84.2357, 28.6946, 94.8778, 70.3499, 53.8872, 0.0, 108.1753, 36.8744, 35.3826, 92.7761, 71.0657, 57.0384, 50.1422, 39.1021, 42.6784, 35.7388, 56.2812, 94.6119, 92.0862, 84.0534], [89.0761, 85.3387, 48.9024, 57.5591, 67.8987, 28.4005, 128.0385, 65.0135, 51.0024, 102.1621, 31.493, 90.4632, 66.7304, 66.9187, 58.8745, 108.1753, 0.0, 72.5846, 89.4518, 26.1516, 40.9849, 99.3521, 93.6887, 69.9546, 68.7904, 72.8022, 63.6945, 67.8915, 18.152, 34.3896], [39.6727, 33.2401, 70.0859, 40.2787, 22.2203, 51.8032, 67.5588, 35.4181, 29.7164, 32.7211, 53.0056, 20.3418, 76.5821, 54.0532, 28.3745, 36.8744, 72.5846, 0.0, 37.2605, 55.9022, 40.1564, 61.156, 52.4169, 14.7359, 21.4411, 12.0818, 22.7715, 76.7836, 55.7392, 53.9212], [3.3499, 68.8007, 63.5591, 34.1725, 23.0433, 61.7917, 38.6092, 72.272, 62.7927, 27.2322, 60.0928, 47.5751, 60.7224, 36.6936, 30.6707, 35.3826, 89.4518, 37.2605, 0.0, 82.2012, 48.5368, 24.9982, 16.5579, 25.6697, 22.5598, 26.0515, 59.3993, 60.3152, 77.1307, 58.6505], [82.811, 61.2847, 62.5447, 56.9351, 59.1635, 33.8245, 119.3422, 39.9163, 28.6573, 88.1569, 38.3517, 70.651, 78.9851, 70.6606, 52.8118, 92.7761, 26.1516, 55.9022, 82.2012, 0.0, 39.5583, 98.0843, 90.8304, 58.3377, 59.7073, 60.0681, 41.2367, 79.9521, 11.7649, 41.9664], [48.0924, 65.9557, 32.3182, 17.7044, 28.0164, 13.5389, 87.1458, 53.6915, 36.8136, 64.0772, 13.2282, 60.4412, 44.2696, 31.2223, 18.2744, 71.0657, 40.9849, 40.1564, 48.5368, 39.5583, 0.0, 59.7565, 53.3345, 31.9986, 29.0493, 35.5646, 44.5059, 44.9483, 31.0223, 13.7653], [21.9711, 93.5121, 61.648, 42.1544, 42.4441, 71.0109, 40.6765, 95.0796, 83.4777, 49.6082, 67.9316, 72.5634, 51.9588, 34.1814, 45.6568, 57.0384, 99.3521, 61.156, 24.9982, 98.0843, 59.7565, 0.0, 8.7408, 47.7688, 42.526, 49.2722, 82.2331, 51.1088, 90.6955, 65.3532], [13.3958, 84.8045, 59.3231, 36.1307, 34.0535, 65.2925, 39.9979, 86.4489, 75.1525, 42.3791, 62.5653, 64.0968, 52.0582, 31.1484, 38.0772, 50.1422, 93.6887, 52.4169, 16.5579, 90.8304, 53.3345, 8.7408, 0.0, 39.1207, 34.0646, 40.549, 73.5872, 51.3725, 83.9827, 60.2808], [27.3726, 47.9339, 58.4342, 27.134, 7.64, 45.1875, 61.0564, 47.3292, 37.132, 32.3947, 45.2054, 32.8283, 63.0317, 39.7698, 15.927, 39.1021, 69.9546, 14.7359, 25.6697, 58.3377, 31.9986, 47.7688, 39.1207, 0.0, 6.7535, 3.9059, 34.4676, 63.1329, 55.1319, 45.2293], [23.5447, 54.5604, 52.9482, 21.2028, 1.1611, 42.5643, 60.0345, 52.7688, 41.1453, 35.2918, 41.9536, 39.3607, 56.622, 33.1028, 11.2218, 42.6784, 68.7904, 21.4411, 22.5598, 59.7073, 29.0493, 42.526, 34.0646, 6.7535, 0.0, 10.2509, 40.0378, 56.6806, 55.1938, 41.4966], [28.1514, 45.2535, 62.3398, 31.0056, 11.259, 48.6069, 59.7544, 46.2559, 37.3835, 29.3616, 48.7908, 29.114, 66.8003, 43.3493, 19.8278, 35.7388, 72.8022, 12.0818, 26.0515, 60.0681, 35.5646, 49.2722, 40.549, 3.9059, 10.2509, 0.0, 33.3708, 66.8813, 57.517, 48.9234], [61.5098, 22.4916, 76.8214, 52.8187, 40.3557, 51.5322, 90.0484, 12.8901, 12.7904, 53.8909, 54.4641, 30.3875, 87.5333, 68.4024, 41.8089, 56.2812, 63.6945, 22.7715, 59.3993, 41.2367, 44.5059, 82.2331, 73.5872, 34.4676, 40.0378, 33.3708, 0.0, 88.0232, 45.5489, 56.726], [57.5396, 107.8005, 19.0188, 36.5424, 55.6318, 46.1346, 91.1295, 98.2741, 81.6502, 86.373, 41.6061, 95.9611, 1.2398, 24.3556, 48.4815, 94.6119, 67.8915, 76.7836, 60.3152, 79.9521, 44.9483, 51.1088, 51.3725, 63.1329, 56.6806, 66.8813, 88.0232, 0.0, 68.7917, 38.0003], [77.3025, 67.2288, 51.0383, 48.7267, 54.4661, 22.9209, 115.2185, 47.2537, 32.8507, 86.6167, 27.3856, 72.819, 67.7872, 61.2998, 46.7006, 92.0862, 18.152, 55.7392, 77.1307, 11.7649, 31.0223, 90.6955, 83.9827, 55.1319, 55.1938, 57.517, 45.5489, 68.7917, 0.0, 31.0003], [57.6116, 78.7235, 21.575, 24.7357, 40.3873, 8.1425, 96.9205, 64.6004, 47.4551, 76.7869, 3.6217, 74.197, 37.0536, 32.5328, 30.2968, 84.0534, 34.3896, 53.9212, 58.6505, 41.9664, 13.7653, 65.3532, 60.2808, 45.2293, 41.4966, 48.9234, 56.726, 38.0003, 31.0003, 0.0]]
[[0.0, 59.6363, 71.3273, 25.8677, 45.8156, 45.2306, 35.6838, 20.9374, 58.2534, 5.3187, 9.9039, 24.6638, 58.4781, 42.075, 44.4752, 30.4675, 60.9869, 33.5067, 18.6638, 67.4539, 20.3981, 24.1044, 16.3612, 42.4204, 51.4342, 15.3053, 57.4423, 28.2168, 33.0575, 32.9056], [59.6363, 0.0, 65.7835, 85.4976, 99.0985, 19.2881, 91.3079, 44.2127, 39.3967, 57.1616, 51.2695, 50.2337, 47.5067, 73.2781, 79.0148, 69.9826, 3.7734, 63.2635, 42.0248, 38.5741, 68.5304, 44.6139, 48.9714, 73.8934, 97.874, 70.7501, 47.4556, 49.5021, 31.4913, 80.4003], [71.3273, 65.7835, 0.0, 86.8513, 77.899, 72.9516, 77.4881, 75.9754, 26.391, 66.0088, 71.8772, 46.7308, 18.7113, 41.3755, 113.6397, 50.4512, 62.9471, 41.7146, 69.0965, 30.1114, 91.3065, 48.9396, 55.8292, 41.6751, 122.7229, 68.2256, 19.0776, 43.22, 49.4281, 104.2063], [25.8677, 85.4976, 86.8513, 0.0, 30.3501, 70.6978, 19.841, 44.8203, 79.7009, 28.786, 34.913, 44.2804, 77.9448, 48.6054, 48.9998, 37.1002, 86.7887, 45.1613, 44.1817, 89.6426, 28.2556, 46.4641, 39.2383, 48.6271, 43.7007, 18.9945, 76.8511, 47.5167, 57.7126, 31.639], [45.8156, 99.0985, 77.899, 30.3501, 0.0, 88.6845, 10.9363, 66.6956, 80.4827, 45.1661, 55.5793, 49.5413, 75.6826, 36.722, 79.2252, 31.4645, 99.2936, 40.7341, 63.2992, 90.8275, 56.9782, 54.6483, 50.3903, 36.3554, 72.8971, 30.7297, 74.6405, 51.2669, 67.8323, 61.9785], [45.2306, 19.2881, 72.9516, 70.6978, 88.6845, 0.0, 79.6634, 26.7651, 47.7838, 44.0779, 35.7862, 43.5998, 54.3133, 69.1403, 59.732, 62.8386, 22.4629, 58.3339, 26.5846, 50.7871, 50.6203, 37.462, 38.8917, 69.7293, 78.8848, 58.5372, 53.8799, 44.2641, 26.8854, 61.8439], [35.6838, 91.3079, 77.4881, 19.841, 10.9363, 79.6634, 0.0, 56.6203, 76.4557, 35.6637, 45.5605, 43.1679, 72.6577, 36.3521, 68.4389, 27.8251, 91.8115, 37.3459, 53.7172, 86.8122, 46.0419, 47.5918, 42.339, 36.1489, 63.1623, 21.1353, 71.5773, 45.4574, 60.5847, 51.3231], [20.9374, 44.2127, 75.9754, 44.8203, 66.6956, 26.7651, 56.6203, 0.0, 56.2979, 22.0651, 11.1202, 32.7141, 59.5349, 56.8952, 39.4367, 47.0752, 46.487, 46.5234, 6.9481, 63.3742, 24.326, 28.1194, 23.8078, 57.3761, 54.9141, 36.0133, 58.6925, 35.3713, 27.9333, 36.62], [58.2534, 39.3967, 26.391, 79.7009, 80.4827, 47.7838, 76.4557, 56.2979, 0.0, 53.3207, 55.4343, 35.4221, 8.5489, 45.9339, 95.6175, 49.1371, 36.6185, 39.7495, 49.9849, 10.3703, 76.0751, 34.1933, 41.9484, 46.4853, 108.4054, 60.9226, 8.8676, 32.2265, 28.3724, 89.4325], [5.3187, 57.1616, 66.0088, 28.786, 45.1661, 44.0779, 35.6637, 22.0651, 53.3207, 0.0, 11.2164, 19.3608, 53.2994, 37.5896, 49.4361, 26.3848, 58.2316, 28.5766, 18.1353, 62.6882, 25.6132, 19.1278, 11.3791, 37.9709, 56.7444, 14.5435, 52.256, 22.9174, 29.0551, 38.2205], [9.9039, 51.2695, 71.8772, 34.913, 55.5793, 35.7862, 45.5605, 11.1202, 55.4343, 11.2164, 0.0, 25.8947, 57.0938, 47.8285, 41.7819, 37.1891, 52.9622, 38.0432, 9.3332, 63.7955, 20.6742, 22.9509, 16.4231, 48.2589, 53.0024, 24.894, 56.1351, 29.1268, 28.0085, 34.0316], [24.6638, 50.2337, 46.7308, 44.2804, 49.5413, 43.5998, 43.1679, 32.7141, 35.4221, 19.3608, 25.8947, 0.0, 34.2977, 25.8111, 67.4847, 19.8168, 50.0623, 14.9335, 25.9809, 45.4, 44.5938, 6.1378, 9.4722, 26.3767, 76.0973, 25.5975, 33.2289, 3.5605, 18.7543, 57.4867], [58.4781, 47.5067, 18.7113, 77.9448, 75.6826, 54.3133, 72.6577, 59.5349, 8.5489, 53.2994, 57.0938, 34.2977, 0.0, 39.939, 98.3048, 44.8888, 44.8825, 35.3468, 52.866, 16.6054, 77.4154, 34.5785, 42.1829, 40.4465, 109.5616, 58.9586, 1.0973, 30.8088, 31.978, 90.6757], [42.075, 73.2781, 41.3755, 48.6054, 36.722, 69.1403, 36.3521, 56.8952, 45.9339, 37.5896, 47.8285, 25.8111, 39.939, 0.0, 86.3305, 12.2039, 72.3449, 10.8784, 50.6667, 55.9745, 61.8121, 31.8654, 33.2677, 0.6155, 89.4903, 32.1857, 38.9636, 24.8847, 42.9689, 72.756], [44.4752, 79.0148, 113.6397, 48.9998, 79.2252, 59.732, 68.4389, 39.4367, 95.6175, 49.4361, 41.7819, 67.4847, 98.3048, 86.3305, 0.0, 74.388, 82.0673, 77.9694, 45.6419, 102.8024, 24.6023, 64.7001, 58.0726, 86.6362, 22.4024, 55.6625, 97.3981, 70.8219, 67.2577, 17.6325], [30.4675, 69.9826, 50.4512, 37.1002, 31.4645, 62.8386, 27.8251, 47.0752, 49.1371, 26.3848, 37.1891, 19.8168, 44.8888, 12.2039, 74.388, 0.0, 69.667, 9.542, 41.4018, 59.5033, 49.8129, 25.7573, 24.5464, 12.4137, 77.3125, 20.0097, 43.8151, 20.6308, 38.5479, 60.5706], [60.9869, 3.7734, 62.9471, 86.7887, 99.2936, 22.4629, 91.8115, 46.487, 36.6185, 58.2316, 52.9622, 50.0623, 44.8825, 72.3449, 82.0673, 69.667, 0.0, 62.5764, 43.8311, 35.2045, 70.8038, 44.657, 49.5151, 72.9604, 100.5917, 71.5018, 44.8965, 49.0694, 31.4679, 82.9022], [33.5067, 63.2635, 41.7146, 45.1613, 40.7341, 58.3339, 37.3459, 46.5234, 39.7495, 28.5766, 38.0432, 14.9335, 35.3468, 10.8784, 77.9694, 9.542, 62.5764, 0.0, 40.117, 50.0998, 53.7945, 20.9926, 22.7379, 11.4476, 83.2191, 26.7965, 34.2735, 14.16, 32.4355, 65.5985], [18.6638, 42.0248, 69.0965, 44.1817, 63.2992, 26.5846, 53.7172, 6.9481, 49.9849, 18.1353, 9.3332, 25.9809, 52.866, 50.6667, 45.6419, 41.4018, 43.8311, 40.117, 0.0, 57.492, 27.9365, 21.2065, 17.4038, 51.1689, 59.7059, 32.6518, 52.0, 28.5227, 21.6604, 40.9663], [67.4539, 38.5741, 30.1114, 89.6426, 90.8275, 50.7871, 86.8122, 63.3742, 10.3703, 62.6882, 63.7955, 45.4, 16.6054, 55.9745, 102.8024, 59.5033, 35.2045, 50.0998, 57.492, 0.0, 84.4592, 43.631, 51.3241, 56.5111, 116.7541, 70.9818, 17.4013, 42.3181, 35.9524, 97.8027], [20.3981, 68.5304, 91.3065, 28.2556, 56.9782, 50.6203, 46.0419, 24.326, 76.0751, 25.6132, 20.6742, 44.5938, 77.4154, 61.8121, 24.6023, 49.8129, 70.8038, 53.7945, 27.9365, 84.4592, 0.0, 42.8946, 35.5515, 62.1035, 32.334, 31.1716, 76.4269, 48.0881, 48.5996, 13.3602], [24.1044, 44.6139, 48.9396, 46.4641, 54.6483, 37.462, 47.5918, 28.1194, 34.1933, 19.1278, 22.9509, 6.1378, 34.5785, 31.8654, 64.7001, 25.7573, 44.657, 20.9926, 21.2065, 43.631, 42.8946, 0.0, 7.7577, 32.4388, 74.9837, 28.5608, 33.5719, 7.5326, 13.1891, 56.1127], [16.3612, 48.9714, 55.8292, 39.2383, 50.3903, 38.8917, 42.339, 23.8078, 41.9484, 11.3791, 16.4231, 9.4722, 42.1829, 33.2677, 58.0726, 24.5464, 49.5151, 22.7379, 17.4038, 51.3241, 35.5515, 7.7577, 0.0, 33.7739, 67.4493, 22.1425, 41.1588, 12.7494, 18.747, 48.6527], [42.4204, 73.8934, 41.6751, 48.6271, 36.3554, 69.7293, 36.1489, 57.3761, 46.4853, 37.9709, 48.2589, 26.3767, 40.4465, 0.6155, 86.6362, 12.4137, 72.9604, 11.4476, 51.1689, 56.5111, 62.1035, 32.4388, 33.7739, 0.0, 89.6526, 32.356, 39.4755, 25.4777, 43.5743, 72.9834], [51.4342, 97.874, 122.7229, 43.7007, 72.8971, 78.8848, 63.1623, 54.9141, 108.4054, 56.7444, 53.0024, 76.0973, 109.5616, 89.4903, 22.4024, 77.3125, 100.5917, 83.2191, 59.7059, 116.7541, 32.334, 74.9837, 67.4493, 89.6526, 0.0, 57.306, 108.5553, 79.6481, 80.8401, 18.974], [15.3053, 70.7501, 68.2256, 18.9945, 30.7297, 58.5372, 21.1353, 36.0133, 60.9226, 14.5435, 24.894, 25.5975, 58.9586, 32.1857, 55.6625, 20.0097, 71.5018, 26.7965, 32.6518, 70.9818, 31.1716, 28.5608, 22.1425, 32.356, 57.306, 0.0, 57.8642, 28.6962, 40.8614, 40.8774], [57.4423, 47.4556, 19.0776, 76.8511, 74.6405, 53.8799, 71.5773, 58.6925, 8.8676, 52.256, 56.1351, 33.2289, 1.0973, 38.9636, 97.3981, 43.8151, 44.8965, 34.2735, 52.0, 17.4013, 76.4269, 33.5719, 41.1588, 39.4755, 108.5553, 57.8642, 0.0, 29.7349, 31.2189, 89.6779], [28.2168, 49.5021, 43.22, 47.5167, 51.2669, 44.2641, 45.4574, 35.3713, 32.2265, 22.9174, 29.1268, 3.5605, 30.8088, 24.8847, 70.8219, 20.6308, 49.0694, 14.16, 28.5227, 42.3181, 48.0881, 7.5326, 12.7494, 25.4777, 79.6481, 28.6962, 29.7349, 0.0, 18.3331, 61.0183], [33.0575, 31.4913, 49.4281, 57.7126, 67.8323, 26.8854, 60.5847, 27.9333, 28.3724, 29.0551, 28.0085, 18.7543, 31.978, 42.9689, 67.2577, 38.5479, 31.4679, 32.4355, 21.6604, 35.9524, 48.5996, 13.1891, 18.747, 43.5743, 80.8401, 40.8614, 31.2189, 18.3331, 0.0, 61.9134], [32.9056, 80.4003, 104.2063, 31.639, 61.9785, 61.8439, 51.3231, 36.62, 89.4325, 38.2205, 34.0316, 57.4867, 90.6757, 72.756, 17.6325, 60.5706, 82.9022, 65.5985, 40.9663, 97.8027, 13.3602, 56.1127, 48.6527, 72.9834, 18.974, 40.8774, 89.6779, 61.0183, 61.9134, 0.0]]
