[4, 40]
[[0.0, 81.9537, 33.5926, 77.5458, 109.5842, 71.571, 24.6888, 98.0914, 92.0424, 45.0115, 53.7702, 65.2269, 73.2544, 85.2752, 25.4967, 63.9111, 98.1804, 33.5545, 82.4082, 56.6893, 59.7181, 49.2649, 54.9832, 66.6574, 94.4368, 96.9903, 73.7614, 65.1832, 55.6486, 107.423, 32.4866, 63.9009, 19.2844, 80.2075, 68.4594, 45.6942, 99.824, 41.7554, 37.3345, 77.9], [81.9537, 0.0, 68.278, 19.3852, 37.3322, 40.6277, 76.392, 16.476, 23.3077, 69.3745, 32.1732, 80.5727, 25.4918, 4.8969, 60.4699, 53.5311, 42.4134, 48.726, 85.0244, 64.5416, 27.8659, 32.969, 60.0599, 73.4963, 16.8405, 15.1702, 55.7384, 76.4923, 84.309, 40.5966, 66.7166, 84.2688, 101.1498, 52.3942, 26.8036, 49.993, 17.8703, 58.4872, 44.6367, 47.8358], [33.5926, 68.278, 0.0, 72.2084, 102.9943, 76.0376, 11.2482, 84.5129, 85.6843, 65.6642, 36.1114, 86.9977, 70.7998, 69.9302, 15.999, 74.9665, 98.0463, 27.5923, 102.1368, 73.5775, 40.7662, 42.7632, 70.0523, 85.5155, 84.1016, 83.0022, 84.2961, 85.4572, 80.6084, 103.3859, 2.1833, 87.2518, 46.183, 88.2277, 66.5567, 55.4474, 84.94, 11.3561, 33.4504, 47.729], [77.5458, 19.3852, 72.2084, 0.0, 32.1447, 21.7255, 78.0347, 26.9501, 14.5032, 55.1012, 38.4159, 63.1569, 6.9852, 24.0056, 60.6593, 35.7546, 27.1776, 47.3454, 66.1023, 48.0016, 36.8236, 30.1617, 43.9016, 55.635, 19.284, 26.9044, 36.7028, 58.9214, 68.441, 31.2709, 70.2911, 67.1942, 96.6977, 33.0121, 10.5308, 37.4601, 30.518, 64.442, 41.8324, 63.6059], [109.5842, 37.3322, 102.9943, 32.1447, 0.0, 44.0935, 109.6196, 26.2982, 17.6955, 82.2939, 67.5115, 84.1183, 36.5508, 38.4006, 92.4536, 58.7687, 21.3928, 79.2884, 80.6242, 72.2925, 64.2568, 62.0462, 69.2892, 75.9131, 20.5839, 27.9989, 54.3862, 79.7845, 92.5028, 8.1926, 101.1983, 88.7672, 128.6606, 46.8641, 41.3069, 67.3973, 29.4018, 94.2153, 73.8958, 84.1825], [71.571, 40.6277, 76.0376, 21.7255, 44.0935, 0.0, 78.9331, 47.9637, 30.3025, 38.2731, 48.9647, 42.1571, 15.1392, 45.4241, 61.576, 15.0953, 27.4055, 48.543, 44.4321, 28.4448, 49.8862, 34.6856, 25.2082, 34.3332, 39.2217, 48.1665, 15.1163, 37.8343, 48.9528, 39.1679, 73.9, 46.4587, 89.5732, 13.6138, 14.8783, 26.0435, 51.7624, 71.055, 42.6179, 79.8558], [24.6888, 76.392, 11.2482, 78.0347, 109.6196, 78.9331, 0.0, 92.8214, 92.04, 62.837, 44.4598, 84.1793, 75.7291, 78.5096, 17.5837, 75.6912, 102.7399, 31.0415, 100.2685, 72.283, 49.6767, 47.9102, 69.2967, 83.7532, 91.5463, 91.3991, 85.39, 83.1765, 76.4589, 109.2913, 11.4315, 83.8279, 35.1586, 90.2181, 71.2103, 55.9482, 93.5841, 22.2916, 36.9248, 58.9682], [98.0914, 16.476, 84.5129, 26.9501, 26.2982, 47.9637, 92.8214, 0.0, 20.4061, 81.676, 48.4803, 89.9379, 33.9241, 14.7609, 76.9411, 62.545, 39.3168, 65.0665, 91.5061, 74.9514, 43.8335, 48.8725, 70.8339, 82.2589, 9.5347, 1.7934, 62.3075, 85.6615, 95.3777, 32.213, 83.006, 94.059, 117.3371, 57.0455, 37.1057, 63.1605, 4.0783, 74.4543, 60.7632, 58.8029], [92.0424, 23.3077, 85.6843, 14.5032, 17.6955, 30.3025, 92.04, 20.4061, 0.0, 67.3019, 50.6833, 72.2838, 19.5994, 26.1054, 74.8073, 45.393, 19.7592, 61.6061, 72.0587, 58.6119, 47.9928, 44.3668, 55.028, 64.2902, 10.8834, 21.3247, 43.3989, 67.9339, 79.1829, 18.1016, 83.8421, 76.6812, 111.1791, 37.3401, 24.1911, 50.946, 24.4838, 77.2688, 56.2003, 71.1144], [45.0115, 69.3745, 65.6642, 55.1012, 82.2939, 38.2731, 62.837, 81.676, 67.3019, 0.0, 57.9706, 21.3957, 48.3988, 74.1106, 49.8514, 24.7071, 64.9459, 42.7383, 37.6992, 12.8779, 62.4165, 42.9299, 13.6172, 21.6489, 74.3704, 81.3462, 33.0597, 20.4543, 16.8017, 77.3889, 63.5994, 21.7348, 58.935, 40.9883, 44.6512, 19.7606, 84.8905, 66.6943, 39.5715, 91.669], [53.7702, 32.1732, 36.1114, 38.4159, 67.5115, 48.9647, 44.4598, 48.4803, 50.6833, 57.9706, 0.0, 75.9348, 38.9883, 34.0554, 29.6764, 54.3441, 65.4654, 20.9202, 86.5871, 59.4661, 5.9588, 16.1178, 54.8341, 71.2336, 48.1157, 47.0117, 61.4596, 72.8367, 74.7562, 68.7225, 34.5454, 78.1465, 72.2344, 62.5191, 35.7954, 39.638, 49.1284, 26.7103, 20.0474, 33.9643], [65.2269, 80.5727, 86.9977, 63.1569, 84.1183, 42.1571, 84.1793, 89.9379, 72.2838, 21.3957, 75.9348, 0.0, 56.1913, 85.4685, 71.1199, 27.4067, 63.8921, 63.1155, 17.5855, 16.719, 79.6059, 60.0126, 21.4549, 8.2173, 81.3626, 90.0186, 29.7381, 4.3593, 12.4141, 77.6564, 84.9169, 4.7944, 76.9215, 37.5623, 53.8651, 36.3157, 93.6315, 87.5482, 59.233, 109.8954], [73.2544, 25.4918, 70.7998, 6.9852, 36.5508, 15.1392, 75.7291, 33.9241, 19.5994, 48.3988, 38.9883, 56.1913, 0.0, 30.2854, 58.174, 28.7978, 27.2491, 44.7136, 59.5617, 41.0301, 38.4555, 28.0626, 36.9661, 48.7134, 26.0194, 33.8895, 30.2467, 51.9665, 61.4952, 34.259, 68.7904, 60.2127, 92.2212, 27.3755, 4.795, 31.3673, 37.503, 63.9188, 38.9276, 66.9804], [85.2752, 4.8969, 69.9302, 24.0056, 38.4006, 45.4241, 78.5096, 14.7609, 26.1054, 74.1106, 34.0554, 85.4685, 30.2854, 0.0, 63.0803, 58.4232, 45.6682, 51.8354, 89.8426, 69.4212, 29.1785, 36.7158, 64.9285, 78.3907, 17.904, 13.1454, 60.5234, 81.3892, 89.143, 42.5238, 68.4748, 89.1578, 104.3842, 56.9981, 31.6958, 54.6469, 15.0746, 59.745, 48.0836, 45.8573], [25.4967, 60.4699, 15.999, 60.6593, 92.4536, 61.576, 17.5837, 76.9411, 74.8073, 49.8514, 29.6764, 71.1199, 58.174, 63.0803, 0.0, 59.351, 85.1571, 13.4647, 86.1403, 57.5804, 35.451, 30.4975, 54.0876, 69.5195, 74.9199, 75.6244, 68.8435, 69.4985, 65.1719, 91.8723, 13.8624, 71.5224, 42.9179, 73.2175, 53.6359, 39.6947, 78.0734, 18.4002, 19.3424, 52.7093], [63.9111, 53.5311, 74.9665, 35.7546, 58.7687, 15.0953, 75.6912, 62.545, 45.393, 24.7071, 54.3441, 27.4067, 28.7978, 58.4232, 59.351, 0.0, 40.3977, 47.7557, 32.8384, 13.5256, 56.7696, 38.4047, 11.0932, 19.9834, 54.0725, 62.6127, 9.8945, 23.1688, 33.8931, 53.2557, 72.7832, 31.5352, 80.5236, 16.7423, 26.7276, 19.7475, 66.2259, 72.1727, 42.3551, 87.483], [98.1804, 42.4134, 98.0463, 27.1776, 21.3928, 27.4055, 102.7399, 39.3168, 19.7592, 64.9459, 65.4654, 63.8921, 27.2491, 45.6682, 85.1571, 40.3977, 0.0, 71.7004, 59.3195, 53.7059, 63.996, 55.2947, 51.4219, 55.6839, 30.1384, 40.4993, 34.3273, 59.6263, 73.1835, 13.9563, 96.0316, 68.6304, 116.5703, 26.3298, 31.5711, 53.1993, 43.3054, 91.0344, 65.8242, 89.6986], [33.5545, 48.726, 27.5923, 47.3454, 79.2884, 48.543, 31.0415, 65.0665, 61.6061, 42.7383, 20.9202, 63.1155, 44.7136, 51.8354, 13.4647, 47.7557, 71.7004, 0.0, 76.7239, 48.0949, 26.8333, 17.2429, 44.0773, 60.2749, 62.3091, 63.8674, 56.8736, 60.8682, 59.1953, 78.4973, 25.4305, 64.2968, 52.5592, 60.6363, 40.1714, 28.7194, 66.5591, 24.7935, 5.9547, 51.0115], [82.4082, 85.0244, 102.1368, 66.1023, 80.6242, 44.4321, 100.2685, 91.5061, 72.0587, 37.6992, 86.5871, 17.5855, 59.5617, 89.8426, 86.1403, 32.8384, 59.3195, 76.7239, 0.0, 28.6755, 89.3944, 70.4809, 32.686, 16.6217, 82.2642, 91.9288, 29.4076, 17.2634, 29.4632, 73.2265, 100.002, 20.5297, 94.5025, 34.737, 58.5848, 48.303, 95.459, 101.5015, 72.1277, 120.1092], [56.6893, 64.5416, 73.5775, 48.0016, 72.2925, 28.4448, 72.283, 74.9514, 58.6119, 12.8779, 59.4661, 16.719, 41.0301, 69.4212, 57.5804, 13.5256, 53.7059, 48.0949, 28.6755, 0.0, 62.9778, 43.4492, 4.736, 12.1881, 66.8398, 74.8738, 20.5345, 13.3711, 20.5859, 66.7374, 71.4302, 19.841, 71.5286, 28.6749, 38.1531, 20.072, 78.4821, 72.8505, 43.6708, 93.3906], [59.7181, 27.8659, 40.7662, 36.8236, 64.2568, 49.8862, 49.6767, 43.8335, 47.9928, 62.4165, 5.9588, 79.6059, 38.4555, 29.1785, 35.451, 56.7696, 63.996, 26.8333, 89.3944, 62.9778, 0.0, 19.6593, 58.2804, 74.4804, 44.3348, 42.2862, 63.2016, 76.3221, 79.1296, 66.0936, 39.3538, 82.0615, 78.1288, 63.499, 35.8735, 43.5234, 44.1738, 30.6484, 25.5864, 30.7214], [49.2649, 32.969, 42.7632, 30.1617, 62.0462, 34.6856, 47.9102, 48.8725, 44.3668, 42.9299, 16.1178, 60.0126, 28.0626, 36.7158, 30.4975, 38.4047, 55.2947, 17.2429, 70.4809, 43.4492, 19.6593, 0.0, 38.7862, 55.1386, 45.3634, 47.8266, 45.9846, 56.8166, 59.5655, 61.3898, 40.7385, 62.4075, 68.5388, 47.897, 23.8002, 23.8642, 50.782, 36.5525, 12.0849, 49.9488], [54.9832, 60.0599, 70.0523, 43.9016, 69.2892, 25.2082, 69.2967, 70.8339, 55.028, 13.6172, 54.8341, 21.4549, 36.9661, 64.9285, 54.0876, 11.0932, 51.4219, 44.0773, 32.686, 4.736, 58.2804, 38.7862, 0.0, 16.5171, 62.9093, 70.7, 19.7781, 18.0423, 24.5443, 64.0785, 67.8896, 24.5047, 70.6741, 27.4898, 33.8661, 15.6643, 74.3005, 68.8694, 39.4473, 88.7348], [66.6574, 73.4963, 85.5155, 55.635, 75.9131, 34.3332, 83.7532, 82.2589, 64.2902, 21.6489, 71.2336, 8.2173, 48.7134, 78.3907, 69.5195, 19.9834, 55.6839, 60.2749, 16.6217, 12.1881, 74.4804, 55.1386, 16.5171, 0.0, 73.5486, 82.4021, 21.5279, 3.9701, 18.9516, 69.4397, 83.3815, 12.9496, 79.964, 29.3553, 46.6974, 32.1609, 86.0093, 85.0172, 55.8487, 105.0603], [94.4368, 16.8405, 84.1016, 19.284, 20.5839, 39.2217, 91.5463, 9.5347, 10.8834, 74.3704, 48.1157, 81.3626, 26.0194, 17.904, 74.9199, 54.0725, 30.1384, 62.3091, 82.2642, 66.8398, 44.3348, 45.3634, 62.9093, 73.5486, 0.0, 10.4606, 53.2145, 77.0495, 87.3873, 24.7836, 82.4247, 85.5985, 113.7172, 47.6849, 29.8, 56.5997, 13.6125, 74.7483, 57.4477, 63.7603], [96.9903, 15.1702, 83.0022, 26.9044, 27.9989, 48.1665, 91.3991, 1.7934, 21.3247, 81.3462, 47.0117, 90.0186, 33.8895, 13.1454, 75.6244, 62.6127, 40.4993, 63.8674, 91.9288, 74.8738, 42.2862, 47.8266, 70.7, 82.4021, 10.4606, 0.0, 62.657, 85.7604, 95.2414, 33.7737, 81.5141, 94.0912, 116.2182, 57.5823, 36.8858, 62.668, 3.6142, 72.8828, 59.6558, 57.0098], [73.7614, 55.7384, 84.2961, 36.7028, 54.3862, 15.1163, 85.39, 62.3075, 43.3989, 33.0597, 61.4596, 29.7381, 30.2467, 60.5234, 68.8435, 9.8945, 34.3273, 56.8736, 29.4076, 20.5345, 63.2016, 45.9846, 19.7781, 21.5279, 53.2145, 62.657, 0.0, 25.4163, 38.9435, 47.9699, 82.1149, 34.416, 90.1691, 8.2623, 29.7174, 29.4677, 66.2142, 80.9494, 51.2852, 93.6782], [65.1832, 76.4923, 85.4572, 58.9214, 79.7845, 37.8343, 83.1765, 85.6615, 67.9339, 20.4543, 72.8367, 4.3593, 51.9665, 81.3892, 69.4985, 23.1688, 59.6263, 60.8682, 17.2634, 13.3711, 76.3221, 56.8166, 18.0423, 3.9701, 77.0495, 85.7604, 25.4163, 0.0, 15.2547, 73.3617, 83.3472, 9.0068, 77.7924, 33.302, 49.7395, 33.3686, 89.372, 85.4861, 56.7179, 106.7607], [55.6486, 84.309, 80.6084, 68.441, 92.5028, 48.9528, 76.4589, 95.3777, 79.1829, 16.8017, 74.7562, 12.4141, 61.4952, 89.143, 65.1719, 33.8931, 73.1835, 59.1953, 29.4632, 20.5859, 79.1296, 59.5655, 24.5443, 18.9516, 87.3873, 95.2414, 38.9435, 15.2547, 0.0, 86.6016, 78.6302, 8.9894, 65.7205, 47.1537, 58.3865, 35.9672, 98.8402, 82.6356, 56.293, 108.4702], [107.423, 40.5966, 103.3859, 31.2709, 8.1926, 39.1679, 109.2913, 32.213, 18.1016, 77.3889, 68.7225, 77.6564, 34.259, 42.5238, 91.8723, 53.2557, 13.9563, 78.4973, 73.2265, 66.7374, 66.0936, 61.3898, 64.0785, 69.4397, 24.7836, 33.7737, 47.9699, 73.3617, 86.6016, 0.0, 101.4964, 82.3681, 126.2679, 40.134, 39.0381, 63.8161, 35.7345, 95.2311, 72.8657, 88.2907], [32.4866, 66.7166, 2.1833, 70.2911, 101.1983, 73.9, 11.4315, 83.006, 83.8421, 63.5994, 34.5454, 84.9169, 68.7904, 68.4748, 13.8624, 72.7832, 96.0316, 25.4305, 100.002, 71.4302, 39.3538, 40.7385, 67.8896, 83.3815, 82.4247, 81.5141, 82.1149, 83.3472, 78.6302, 101.4964, 0.0, 85.211, 45.8286, 86.0626, 64.5205, 53.2663, 83.511, 10.8674, 31.3007, 47.7089], [63.9009, 84.2688, 87.2518, 67.1942, 88.7672, 46.4587, 83.8279, 94.059, 76.6812, 21.7348, 78.1465, 4.7944, 60.2127, 89.1578, 71.5224, 31.5352, 68.6304, 64.2968, 20.5297, 19.841, 82.0615, 62.4075, 24.5047, 12.9496, 85.5985, 94.0912, 34.416, 9.0068, 8.9894, 82.3681, 85.211, 0.0, 74.6012, 42.3035, 57.6865, 38.5546, 97.7054, 88.4181, 60.7606, 112.0943], [19.2844, 101.1498, 46.183, 96.6977, 128.6606, 89.5732, 35.1586, 117.3371, 111.1791, 58.935, 72.2344, 76.9215, 92.2212, 104.3842, 42.9179, 80.5236, 116.5703, 52.5592, 94.5025, 71.5286, 78.1288, 68.5388, 70.6741, 79.964, 113.7172, 116.2182, 90.1691, 77.7924, 65.7205, 126.2679, 45.8286, 74.6012, 0.0, 97.1611, 87.431, 63.53, 119.0165, 56.3807, 56.5743, 93.3524], [80.2075, 52.3942, 88.2277, 33.0121, 46.8641, 13.6138, 90.2181, 57.0455, 37.3401, 40.9883, 62.5191, 37.5623, 27.3755, 56.9981, 73.2175, 16.7423, 26.3298, 60.6363, 34.737, 28.6749, 63.499, 47.897, 27.4898, 29.3553, 47.6849, 57.5823, 8.2623, 33.302, 47.1537, 40.134, 86.0626, 42.3035, 97.1611, 0.0, 28.1683, 34.9177, 61.0528, 83.9297, 54.8247, 93.385], [68.4594, 26.8036, 66.5567, 10.5308, 41.3069, 14.8783, 71.2103, 37.1057, 24.1911, 44.6512, 35.7954, 53.8651, 4.795, 31.6958, 53.6359, 26.7276, 31.5711, 40.1714, 58.5848, 38.1531, 35.8735, 23.8002, 33.8661, 46.6974, 29.8, 36.8858, 29.7174, 49.7395, 58.3865, 39.0381, 64.5205, 57.6865, 87.431, 28.1683, 0.0, 26.9818, 40.4739, 60.0308, 34.3372, 65.277], [45.6942, 49.993, 55.4474, 37.4601, 67.3973, 26.0435, 55.9482, 63.1605, 50.946, 19.7606, 39.638, 36.3157, 31.3673, 54.6469, 39.6947, 19.7475, 53.1993, 28.7194, 48.303, 20.072, 43.5234, 23.8642, 15.6643, 32.1609, 56.5997, 62.668, 29.4677, 33.3686, 35.9672, 63.8161, 53.2663, 38.5546, 63.53, 34.9177, 26.9818, 0.0, 66.1376, 53.4775, 23.8458, 73.6022], [99.824, 17.8703, 84.94, 30.518, 29.4018, 51.7624, 93.5841, 4.0783, 24.4838, 84.8905, 49.1284, 93.6315, 37.503, 15.0746, 78.0734, 66.2259, 43.3054, 66.5591, 95.459, 78.4821, 44.1738, 50.782, 74.3005, 86.0093, 13.6125, 3.6142, 66.2142, 89.372, 98.8402, 35.7345, 83.511, 97.7054, 119.0165, 61.0528, 40.4739, 66.1376, 0.0, 74.6248, 62.5051, 56.9695], [41.7554, 58.4872, 11.3561, 64.442, 94.2153, 71.055, 22.2916, 74.4543, 77.2688, 66.6943, 26.7103, 87.5482, 63.9188, 59.745, 18.4002, 72.1727, 91.0344, 24.7935, 101.5015, 72.8505, 30.6484, 36.5525, 68.8694, 85.0172, 74.7483, 72.8828, 80.9494, 85.4861, 82.6356, 95.2311, 10.8674, 88.4181, 56.3807, 83.9297, 60.0308, 53.4775, 74.6248, 0.0, 29.8333, 36.9839], [37.3345, 44.6367, 33.4504, 41.8324, 73.8958, 42.6179, 36.9248, 60.7632, 56.2003, 39.5715, 20.0474, 59.233, 38.9276, 48.0836, 19.3424, 42.3551, 65.8242, 5.9547, 72.1277, 43.6708, 25.5864, 12.0849, 39.4473, 55.8487, 57.4477, 59.6558, 51.2852, 56.7179, 56.293, 72.8657, 31.3007, 60.7606, 56.5743, 54.8247, 34.3372, 23.8458, 62.5051, 29.8333, 0.0, 52.5032], [77.9, 47.8358, 47.729, 63.6059, 84.1825, 79.8558, 58.9682, 58.8029, 71.1144, 91.669, 33.9643, 109.8954, 66.9804, 45.8573, 52.7093, 87.483, 89.6986, 51.0115, 120.1092, 93.3906, 30.7214, 49.9488, 88.7348, 105.0603, 63.7603, 57.0098, 93.6782, 106.7607, 108.4702, 88.2907, 47.7089, 112.0943, 93.3524, 93.385, 65.277, 73.6022, 56.9695, 36.9839, 52.5032, 0.0]]
[[0.0, 33.5514, 38.1742, 37.7437, 55.3785, 37.0236, 19.4522, 73.0121, 39.1127, 49.6011, 49.392, 67.7249, 56.5705, 43.8372, 36.3269, 13.2185, 23.5045, 46.1245, 47.0068, 50.984, 30.3239, 53.3634, 47.6569, 40.1182, 36.4993, 18.3427, 51.3029, 13.1759, 28.5756, 86.2812, 39.6823, 63.0888, 54.8528, 60.6707, 50.2908, 30.5571, 46.9794, 10.0194, 43.6313, 31.4253], [33.5514, 0.0, 52.2258, 48.3191, 33.7539, 66.7459, 33.4826, 88.8891, 64.7414, 76.6539, 78.0108, 76.1852, 88.85, 52.3512, 52.8796, 31.4883, 17.1254, 62.1692, 80.5582, 84.5169, 16.7348, 74.8206, 80.8915, 68.465, 51.5062, 44.6035, 56.5656, 35.5998, 26.7868, 101.0954, 63.0062, 95.3133, 66.4459, 59.0682, 38.8023, 61.3485, 20.6161, 37.776, 77.126, 29.8558], [38.1742, 52.2258, 0.0, 5.3906, 84.4184, 31.0801, 57.2517, 109.6048, 72.8423, 80.7121, 78.6125, 105.8273, 76.806, 8.6786, 74.1257, 26.5953, 35.2311, 83.6181, 58.903, 60.5892, 60.3326, 88.4617, 53.6469, 71.0419, 1.886, 22.2816, 89.3533, 25.0844, 26.0086, 122.8817, 74.8963, 82.6129, 92.8288, 97.9726, 84.1423, 59.8067, 72.3492, 47.6822, 54.0046, 66.9], [37.7437, 48.3191, 5.3906, 0.0, 81.0767, 35.6322, 56.2581, 110.186, 74.0734, 82.5322, 80.7335, 105.4174, 80.1106, 6.1436, 74.0382, 25.2542, 31.5979, 83.7339, 62.7802, 64.7095, 57.5301, 89.4679, 57.9417, 72.7912, 6.2392, 23.7683, 88.3787, 24.5922, 21.6828, 123.4803, 75.7924, 86.0627, 92.5957, 96.4212, 81.6345, 61.6405, 68.6894, 47.5748, 57.915, 64.9733], [55.3785, 33.7539, 84.4184, 81.0767, 0.0, 92.3672, 41.853, 77.15, 68.3893, 79.7471, 83.0617, 59.1852, 99.4381, 85.5871, 50.9177, 60.0409, 49.5114, 56.2964, 97.7224, 102.1713, 25.3006, 71.522, 100.708, 74.6979, 83.4299, 71.8664, 41.7823, 63.4696, 60.0891, 86.7606, 64.502, 105.2702, 54.7984, 36.5584, 15.2758, 72.3793, 13.5943, 53.254, 95.6132, 27.933], [37.0236, 66.7459, 31.0801, 35.6322, 92.3672, 0.0, 54.1246, 92.859, 54.8559, 58.9818, 55.4876, 94.6686, 48.4322, 39.663, 63.4254, 35.3516, 51.1423, 70.8923, 28.9734, 29.956, 67.1794, 70.5074, 22.74, 50.4004, 29.5947, 22.2132, 82.4281, 31.1818, 47.4457, 105.5806, 58.5683, 53.5869, 81.4072, 93.8777, 86.8097, 39.9504, 83.2713, 41.6161, 24.1135, 67.7349], [19.4522, 33.4826, 57.2517, 56.2581, 41.853, 54.1246, 0.0, 57.9676, 31.4631, 43.4673, 45.319, 49.6222, 58.89, 62.2045, 20.5118, 31.0066, 33.3708, 30.4686, 55.8757, 60.3346, 20.895, 41.6391, 59.1711, 35.9533, 55.6501, 37.6958, 32.1345, 32.1912, 42.4778, 70.9062, 29.5238, 65.068, 37.4272, 41.2329, 33.1648, 31.1459, 37.6276, 12.544, 53.8894, 14.3356], [73.0121, 88.8891, 109.6048, 110.186, 77.15, 92.859, 57.9676, 0.0, 38.0739, 36.0398, 40.9575, 20.2673, 59.5712, 116.3296, 37.5408, 86.2129, 91.3316, 27.5106, 74.2068, 77.7217, 72.652, 22.3725, 82.2772, 42.8157, 107.7702, 87.4152, 35.4573, 85.8027, 100.006, 13.2945, 34.9799, 61.2402, 22.9829, 42.9819, 61.8811, 52.9141, 82.8955, 62.9928, 76.3653, 59.4036], [39.1127, 64.7414, 72.8423, 74.0734, 68.3893, 54.8559, 31.4631, 38.0739, 0.0, 12.0232, 14.6754, 41.9386, 32.7363, 80.1638, 18.1605, 51.9736, 61.1601, 19.2841, 39.7892, 43.9944, 51.9302, 15.8937, 46.8388, 7.4328, 70.9705, 50.5749, 36.4873, 50.6005, 67.6505, 51.0156, 5.0806, 37.7954, 29.6313, 49.6823, 55.3702, 14.935, 67.5978, 29.776, 40.6932, 41.5493], [49.6011, 76.6539, 80.7121, 82.5322, 79.7471, 58.9818, 43.4673, 36.0398, 12.0232, 0.0, 5.2148, 45.5932, 25.3376, 88.5029, 28.8952, 61.978, 72.3263, 26.6511, 38.1685, 41.7143, 63.9463, 15.2249, 46.2984, 9.7693, 78.8261, 58.7677, 44.8903, 60.1194, 78.1374, 47.6687, 15.248, 29.0188, 35.3015, 57.8656, 66.2118, 20.913, 79.4871, 40.8402, 40.47, 53.354], [49.392, 78.0108, 78.6125, 80.7335, 83.0617, 55.4876, 45.319, 40.9575, 14.6754, 5.2148, 0.0, 50.7922, 20.1797, 86.6108, 32.5625, 61.278, 72.5532, 31.3311, 33.371, 36.7727, 66.0874, 20.4394, 41.6396, 9.5657, 76.7297, 56.9992, 49.4848, 59.1067, 77.7025, 52.2631, 18.8537, 24.1455, 40.3218, 62.5541, 69.9113, 19.3759, 82.0833, 41.251, 35.9405, 56.1428], [67.7249, 76.1852, 105.8273, 105.4174, 59.1852, 94.6686, 49.6222, 20.2673, 41.9386, 45.5932, 50.7922, 0.0, 70.9109, 111.4676, 31.9963, 80.3244, 81.9688, 23.7941, 81.5991, 85.6837, 59.459, 30.4662, 88.7774, 48.7422, 104.1059, 84.5347, 19.6402, 80.8994, 91.8192, 27.6413, 37.2243, 74.0665, 13.318, 23.3956, 44.1909, 56.1227, 66.7434, 58.1724, 82.6312, 46.4284], [56.5705, 88.85, 76.806, 80.1106, 99.4381, 48.4322, 58.89, 59.5712, 32.7363, 25.3376, 20.1797, 70.9109, 0.0, 85.3848, 50.7585, 65.8995, 79.886, 51.1185, 20.1931, 21.5907, 79.5952, 40.4664, 28.5033, 25.4832, 75.0161, 57.797, 69.0147, 62.7104, 82.5012, 69.5538, 37.6403, 6.5184, 60.4467, 82.1838, 87.4051, 27.8766, 96.5177, 51.1189, 24.6463, 71.6661], [43.8372, 52.3512, 8.6786, 6.1436, 85.5871, 39.663, 62.2045, 116.3296, 80.1638, 88.5029, 86.6108, 111.4676, 85.3848, 0.0, 80.1482, 31.2072, 36.1199, 89.8613, 67.5799, 69.2586, 62.5785, 95.5889, 62.2886, 78.7765, 10.3903, 29.7455, 94.297, 30.7052, 25.5768, 129.6239, 81.9207, 91.2322, 98.6803, 102.1208, 86.8265, 67.5966, 72.9042, 53.6953, 62.6824, 70.5411], [36.3269, 52.8796, 74.1257, 74.0382, 50.9177, 63.4254, 20.5118, 37.5408, 18.1605, 28.8952, 32.5625, 31.9963, 50.7585, 80.1482, 0.0, 49.3295, 53.8209, 10.0486, 55.0704, 59.5225, 37.8121, 22.2501, 60.9259, 25.2754, 72.3694, 52.5885, 19.9713, 49.4461, 62.5135, 50.6045, 13.7293, 55.9475, 18.774, 32.8427, 37.3653, 27.6779, 51.7217, 26.4816, 54.8707, 25.6164], [13.2185, 31.4883, 26.5953, 25.2542, 60.0409, 35.3516, 31.0066, 86.2129, 51.9736, 61.978, 61.278, 80.3244, 65.8995, 31.2072, 49.3295, 0.0, 16.0752, 59.217, 53.0929, 56.472, 35.0128, 66.5116, 51.6415, 52.3126, 25.1402, 13.1453, 63.1247, 4.1998, 16.684, 99.4743, 52.8021, 72.3532, 67.6569, 71.3968, 58.0504, 41.9929, 49.3211, 23.2302, 48.9426, 40.3651], [23.5045, 17.1254, 35.2311, 31.5979, 49.5114, 51.1423, 33.3708, 91.3316, 61.1601, 72.3263, 72.5532, 81.9688, 79.886, 36.1199, 53.8209, 16.0752, 0.0, 63.8238, 68.585, 72.1479, 26.9362, 73.9551, 67.5854, 63.1209, 34.4397, 28.9899, 63.088, 20.2531, 11.001, 104.2713, 60.7679, 86.3999, 70.4576, 68.6612, 51.3014, 54.0071, 37.1374, 31.489, 64.6209, 36.9405], [46.1245, 62.1692, 83.6181, 83.7339, 56.2964, 70.8923, 30.4686, 27.5106, 19.2841, 26.6511, 31.3311, 23.7941, 51.1185, 89.8613, 10.0486, 59.217, 63.8238, 0.0, 58.9383, 63.2059, 46.504, 15.2753, 65.6714, 26.6178, 81.8339, 61.8013, 18.254, 59.1646, 72.5615, 40.556, 14.2394, 55.4743, 10.6879, 31.2309, 41.6483, 32.5803, 59.0225, 36.1749, 59.5213, 33.6305], [47.0068, 80.5582, 58.903, 62.7802, 97.7224, 28.9734, 55.8757, 74.2068, 39.7892, 38.1685, 33.371, 81.5991, 20.1931, 67.5799, 55.0704, 53.0929, 68.585, 58.9383, 0.0, 4.5277, 74.8345, 52.6729, 8.5752, 32.865, 57.2155, 42.539, 74.9434, 49.293, 68.8846, 85.6208, 44.7335, 24.7497, 69.4117, 87.913, 88.0038, 27.4484, 92.1308, 45.0244, 4.9117, 70.0398], [50.984, 84.5169, 60.5892, 64.7095, 102.1713, 29.956, 60.3346, 77.7217, 43.9944, 41.7143, 36.7727, 85.6837, 21.5907, 69.2586, 59.5225, 56.472, 72.1479, 63.2059, 4.5277, 0.0, 79.1487, 56.4584, 7.5102, 36.9495, 58.9659, 45.4205, 79.3671, 52.5746, 71.9686, 88.8765, 48.9783, 25.1599, 73.6251, 92.3623, 92.5227, 31.9352, 96.4366, 49.3594, 7.5316, 74.5223], [30.3239, 16.7348, 60.3326, 57.5301, 25.3006, 67.1794, 20.895, 72.652, 51.9302, 63.9463, 66.0874, 59.459, 79.5952, 62.5785, 37.8121, 35.0128, 26.9362, 46.504, 74.8345, 79.1487, 0.0, 60.0532, 76.9049, 56.8006, 59.1802, 46.5775, 39.8334, 38.2798, 37.9371, 84.6324, 49.3668, 85.8428, 49.9824, 42.8431, 24.3693, 51.7376, 17.3004, 29.8162, 72.2052, 13.2808], [53.3634, 74.8206, 88.4617, 89.4679, 71.522, 70.5074, 41.6391, 22.3725, 15.8937, 15.2249, 20.4394, 30.4662, 40.4664, 95.5889, 22.2501, 66.5116, 73.9551, 15.2753, 52.6729, 56.4584, 60.0532, 0.0, 60.4736, 20.5203, 86.5996, 66.1807, 32.6735, 65.5486, 81.4816, 35.1508, 13.7331, 43.6653, 21.2668, 44.9413, 56.9237, 30.5845, 73.6691, 43.5162, 54.4559, 47.7606], [47.6569, 80.8915, 53.6469, 57.9417, 100.708, 22.74, 59.1711, 82.2772, 46.8388, 46.2984, 41.6396, 88.7774, 28.5033, 62.2886, 60.9259, 51.6415, 67.5854, 65.6714, 8.5752, 7.5102, 76.9049, 60.4736, 0.0, 40.2746, 52.0758, 39.8583, 80.8968, 47.5965, 66.5234, 93.8956, 51.6254, 32.5169, 76.2785, 93.6491, 91.9986, 33.3497, 94.079, 47.4699, 6.153, 73.4993], [40.1182, 68.465, 71.0419, 72.7912, 74.6979, 50.4004, 35.9533, 42.8157, 7.4328, 9.7693, 9.5657, 48.7422, 25.4832, 78.7765, 25.2754, 52.3126, 63.1209, 26.6178, 32.865, 36.9495, 56.8006, 20.5203, 40.2746, 0.0, 69.1563, 49.0337, 43.9156, 50.3806, 68.5766, 55.2639, 12.5012, 30.803, 36.7901, 57.11, 62.1317, 11.2548, 73.0437, 31.7394, 34.179, 47.3457], [36.4993, 51.5062, 1.886, 6.2392, 83.4299, 29.5947, 55.6501, 107.7702, 70.9705, 78.8261, 76.7297, 104.1059, 75.0161, 10.3903, 72.3694, 25.1402, 34.4397, 81.8339, 57.2155, 58.9659, 59.1802, 86.5996, 52.0758, 69.1563, 0.0, 20.419, 87.7286, 23.4613, 25.5906, 121.0445, 73.043, 80.8465, 91.0857, 96.4597, 82.8786, 57.9208, 71.496, 45.945, 52.3233, 65.4927], [18.3427, 44.6035, 22.2816, 23.7683, 71.8664, 22.2132, 37.6958, 87.4152, 50.5749, 58.7677, 56.9992, 84.5347, 57.797, 29.7455, 52.5885, 13.1453, 28.9899, 61.8013, 42.539, 45.4205, 46.5775, 66.1807, 39.8583, 49.0337, 20.419, 0.0, 69.1177, 9.0039, 26.6651, 100.6771, 52.6321, 64.0251, 71.3623, 78.9232, 68.2221, 37.8723, 61.8558, 26.5843, 38.0091, 49.5902], [51.3029, 56.5656, 89.3533, 88.3787, 41.7823, 82.4281, 32.1345, 35.4573, 36.4873, 44.8903, 49.4848, 19.6402, 69.0147, 94.297, 19.9713, 63.1247, 63.088, 18.254, 74.9434, 79.3671, 39.8334, 32.6735, 80.8968, 43.9156, 87.7286, 69.1177, 0.0, 64.2716, 73.2885, 45.9551, 31.4552, 73.5943, 13.142, 13.1951, 26.5102, 47.6199, 47.7588, 42.5922, 74.8368, 26.8978], [13.1759, 35.5998, 25.0844, 24.5922, 63.4696, 31.1818, 32.1912, 85.8027, 50.6005, 60.1194, 59.1067, 80.8994, 62.7104, 30.7052, 49.4461, 4.1998, 20.2531, 59.1646, 49.293, 52.5746, 38.2798, 65.5486, 47.5965, 50.3806, 23.4613, 9.0039, 64.2716, 0.0, 19.8434, 99.0929, 51.8163, 69.122, 68.0201, 73.1271, 60.7727, 39.7368, 53.0785, 22.9921, 45.0547, 42.6415], [28.5756, 26.7868, 26.0086, 21.6828, 60.0891, 47.4457, 42.4778, 100.006, 67.6505, 78.1374, 77.7025, 91.8192, 82.5012, 25.5768, 62.5135, 16.684, 11.001, 72.5615, 68.8846, 71.9686, 37.9371, 81.4816, 66.5234, 68.5766, 25.5906, 26.6651, 73.2885, 19.8434, 0.0, 113.1172, 67.9394, 88.9322, 79.8945, 79.405, 62.3023, 58.5201, 47.3278, 38.0358, 64.4972, 47.5996], [86.2812, 101.0954, 122.8817, 123.4803, 86.7606, 105.5806, 70.9062, 13.2945, 51.0156, 47.6687, 52.2631, 27.6413, 69.5538, 129.6239, 50.6045, 99.4743, 104.2713, 40.556, 85.6208, 88.8765, 84.6324, 35.1508, 93.8956, 55.2639, 121.0445, 100.6771, 45.9551, 99.0929, 113.1172, 0.0, 48.1551, 70.3102, 34.6571, 50.95, 71.6639, 65.7153, 93.7067, 76.263, 88.1271, 71.3525], [39.6823, 63.0062, 74.8963, 75.7924, 64.502, 58.5683, 29.5238, 34.9799, 5.0806, 15.248, 18.8537, 37.2243, 37.6403, 81.9207, 13.7293, 52.8021, 60.7679, 14.2394, 44.7335, 48.9783, 49.3668, 13.7331, 51.6254, 12.5012, 73.043, 52.6321, 31.4552, 51.8163, 67.9394, 48.1551, 0.0, 42.5194, 24.6905, 44.6492, 51.0946, 19.0279, 64.4602, 29.9118, 45.4729, 38.2663], [63.0888, 95.3133, 82.6129, 86.0627, 105.2702, 53.5869, 65.068, 61.2402, 37.7954, 29.0188, 24.1455, 74.0665, 6.5184, 91.2322, 55.9475, 72.3532, 86.3999, 55.4743, 24.7497, 25.1599, 85.8428, 43.6653, 32.5169, 30.803, 80.8465, 64.0251, 73.5943, 69.122, 88.9322, 70.3102, 42.5194, 0.0, 64.3093, 86.6895, 92.9315, 34.2017, 102.6822, 57.5615, 29.5066, 77.6083], [54.8528, 66.4459, 92.8288, 92.5957, 54.7984, 81.4072, 37.4272, 22.9829, 29.6313, 35.3015, 40.3218, 13.318, 60.4467, 98.6803, 18.774, 67.6569, 70.4576, 10.6879, 69.4117, 73.6251, 49.9824, 21.2668, 76.2785, 36.7901, 91.0857, 71.3623, 13.142, 68.0201, 79.8945, 34.6571, 24.6905, 64.3093, 0.0, 23.9696, 39.5552, 43.2608, 59.9421, 45.1474, 70.1259, 36.7016], [60.6707, 59.0682, 97.9726, 96.4212, 36.5584, 93.8777, 41.2329, 42.9819, 49.6823, 57.8656, 62.5541, 23.3956, 82.1838, 102.1208, 32.8427, 71.3968, 68.6612, 31.2309, 87.913, 92.3623, 42.8431, 44.9413, 93.6491, 57.11, 96.4597, 78.9232, 13.1951, 73.1271, 79.405, 50.95, 44.6492, 86.6895, 23.9696, 0.0, 22.3786, 60.507, 45.8555, 52.926, 87.6358, 31.8253], [50.2908, 38.8023, 84.1423, 81.6345, 15.2758, 86.8097, 33.1648, 61.8811, 55.3702, 66.2118, 69.9113, 44.1909, 87.4051, 86.8265, 37.3653, 58.0504, 51.3014, 41.6483, 88.0038, 92.5227, 24.3693, 56.9237, 91.9986, 62.1317, 82.8786, 68.2221, 26.5102, 60.7727, 62.3023, 71.6639, 51.0946, 92.9315, 39.5552, 22.3786, 0.0, 61.4175, 23.5189, 45.6063, 86.4922, 19.0837], [30.5571, 61.3485, 59.8067, 61.6405, 72.3793, 39.9504, 31.1459, 52.9141, 14.935, 20.913, 19.3759, 56.1227, 27.8766, 67.5966, 27.6779, 41.9929, 54.0071, 32.5803, 27.4484, 31.9352, 51.7376, 30.5845, 33.3497, 11.2548, 57.9208, 37.8723, 47.6199, 39.7368, 58.5201, 65.7153, 19.0279, 34.2017, 43.2608, 60.507, 61.4175, 0.0, 68.7392, 23.6026, 27.248, 44.4496], [46.9794, 20.6161, 72.3492, 68.6894, 13.5943, 83.2713, 37.6276, 82.8955, 67.5978, 79.4871, 82.0833, 66.7434, 96.5177, 72.9042, 51.7217, 49.3211, 37.1374, 59.0225, 92.1308, 96.4366, 17.3004, 73.6691, 94.079, 73.0437, 71.496, 61.8558, 47.7588, 53.0785, 47.3278, 93.7067, 64.4602, 102.6822, 59.9421, 45.8555, 23.5189, 68.7392, 0.0, 47.1162, 89.4604, 26.209], [10.0194, 37.776, 47.6822, 47.5748, 53.254, 41.6161, 12.544, 62.9928, 29.776, 40.8402, 41.251, 58.1724, 51.1189, 53.6953, 26.4816, 23.2302, 31.489, 36.1749, 45.0244, 49.3594, 29.8162, 43.5162, 47.4699, 31.7394, 45.945, 26.5843, 42.5922, 22.9921, 38.0358, 76.263, 29.9118, 57.5615, 45.1474, 52.926, 45.6063, 23.6026, 47.1162, 0.0, 42.5209, 26.5935], [43.6313, 77.126, 54.0046, 57.915, 95.6132, 24.1135, 53.8894, 76.3653, 40.6932, 40.47, 35.9405, 82.6312, 24.6463, 62.6824, 54.8707, 48.9426, 64.6209, 59.5213, 4.9117, 7.5316, 72.2052, 54.4559, 6.153, 34.179, 52.3233, 38.0091, 74.8368, 45.0547, 64.4972, 88.1271, 45.4729, 29.5066, 70.1259, 87.6358, 86.4922, 27.248, 89.4604, 42.5209, 0.0, 68.1775], [31.4253, 29.8558, 66.9, 64.9733, 27.933, 67.7349, 14.3356, 59.4036, 41.5493, 53.354, 56.1428, 46.4284, 71.6661, 70.5411, 25.6164, 40.3651, 36.9405, 33.6305, 70.0398, 74.5223, 13.2808, 47.7606, 73.4993, 47.3457, 65.4927, 49.5902, 26.8978, 42.6415, 47.5996, 71.3525, 38.2663, 77.6083, 36.7016, 31.8253, 19.0837, 44.4496, 26.209, 26.5935, 68.1775, 0.0]]
