[4, 50]
[[0.0, 67.5309, 32.7154, 65.8738, 55.1066, 67.1459, 54.7963, 6.7239, 17.584, 71.8422, 28.242, 4.8143, 70.5419, 61.3331, 14.2878, 20.6571, 97.5805, 72.5935, 65.3158, 103.2219, 43.8399, 14.107, 96.5414, 111.6946, 71.6342, 53.3438, 59.0488, 63.1241, 90.8638, 82.139, 54.7353, 52.4301, 60.9875, 63.1992, 53.0019, 73.1559, 75.0386, 33.2058, 82.0972, 18.4246, 84.9249, 112.9181, 21.9705, 83.594, 61.853, 90.9785, 73.0069, 59.0722, 53.5455, 22.8657], [67.5309, 0.0, 36.026, 9.3928, 15.2701, 46.9638, 12.9481, 61.7874, 56.5287, 87.5861, 46.0702, 62.8011, 33.0026, 26.8838, 59.532, 78.4402, 67.7302, 85.0612, 49.3803, 43.3008, 68.0472, 66.2442, 39.2663, 54.3084, 28.7647, 60.7119, 69.1467, 37.5464, 56.5418, 48.5846, 24.4021, 57.2218, 9.8976, 38.7497, 16.3181, 62.004, 90.7257, 81.8211, 36.9871, 56.6848, 77.8003, 55.6654, 45.8436, 35.147, 38.3719, 66.5075, 90.21, 8.5575, 47.0382, 55.8599], [32.7154, 36.026, 0.0, 33.2698, 26.6718, 53.679, 23.0803, 26.4255, 27.28, 78.4751, 22.863, 28.2972, 40.1874, 39.18, 23.5089, 47.87, 83.3654, 77.495, 53.6619, 75.9765, 51.4455, 35.644, 70.2095, 85.8303, 40.2803, 52.2941, 60.8, 45.9185, 74.0302, 64.7301, 22.87, 49.5489, 28.5057, 46.5891, 20.5134, 65.4238, 81.9414, 55.4756, 59.6664, 20.8498, 80.6825, 87.1475, 13.8851, 59.9621, 34.1515, 78.7446, 80.5566, 28.0364, 43.9995, 29.7842], [65.8738, 9.3928, 33.2698, 0.0, 20.1877, 54.9261, 12.6073, 59.6861, 57.0827, 93.8036, 47.7871, 61.3219, 23.6685, 34.7, 56.2383, 78.9569, 76.9495, 91.53, 57.0495, 51.5026, 72.3243, 66.5725, 48.0398, 62.7233, 19.5966, 66.5079, 75.1825, 45.388, 65.803, 57.6856, 16.5725, 63.0481, 5.0983, 46.5637, 12.9003, 69.8647, 97.0457, 83.8296, 46.3541, 52.9387, 85.8307, 64.0759, 45.0896, 44.5396, 29.2106, 75.4681, 96.3594, 12.0311, 53.3315, 57.3362], [55.1066, 15.2701, 26.6718, 20.1877, 0.0, 36.0815, 10.11, 49.9925, 42.3648, 73.616, 31.3489, 50.2956, 41.4065, 16.504, 49.3204, 64.0657, 61.7259, 71.3562, 37.7446, 49.4089, 52.8901, 52.1033, 43.5383, 59.1585, 38.345, 46.3469, 54.9993, 26.6045, 51.222, 42.2279, 26.5975, 42.8795, 16.2168, 27.6945, 14.6942, 50.6557, 76.8591, 66.7485, 34.2596, 47.2343, 66.7339, 60.476, 33.1394, 33.9695, 42.8467, 58.8194, 76.174, 8.1627, 33.1658, 41.1384], [67.1459, 46.9638, 53.679, 54.9261, 36.0815, 0.0, 46.1663, 65.225, 49.6308, 44.3081, 39.4784, 63.043, 77.4064, 20.2269, 69.0343, 64.5377, 30.7466, 40.9988, 3.7036, 49.9301, 37.173, 56.6899, 42.4762, 53.6249, 74.0875, 23.3424, 28.4447, 9.5546, 23.9483, 16.1193, 62.3244, 20.9568, 51.8614, 8.4101, 50.4889, 15.0486, 46.9261, 59.5898, 23.8949, 69.0497, 30.906, 54.4902, 50.2357, 27.3816, 78.6084, 25.1828, 47.047, 43.4653, 13.9671, 44.7751], [54.7963, 12.9481, 23.0803, 12.6073, 10.11, 46.1663, 0.0, 48.9373, 44.7998, 82.4477, 35.2115, 50.1083, 31.4932, 26.562, 46.5884, 66.7361, 71.4931, 80.3977, 47.7401, 54.4728, 59.9885, 54.3974, 49.4965, 65.0005, 28.7315, 54.9962, 63.7851, 36.7084, 60.8028, 51.9619, 16.6362, 51.5907, 7.6341, 37.791, 4.9563, 60.6474, 85.7596, 71.2605, 42.932, 43.7873, 76.731, 66.3493, 33.3545, 42.0952, 32.804, 68.8251, 84.9391, 5.4366, 42.4008, 44.8146], [6.7239, 61.7874, 26.4255, 59.6861, 49.9925, 65.225, 48.9373, 0.0, 17.1223, 74.1544, 25.7547, 4.35, 63.8238, 57.5643, 8.3617, 26.4219, 95.9133, 74.5582, 63.7234, 98.7319, 45.6681, 17.4548, 92.2398, 107.5694, 64.9535, 53.6176, 60.0834, 60.3692, 88.5869, 79.6483, 48.1308, 52.284, 54.8702, 60.5644, 46.8704, 72.5179, 77.4527, 38.1185, 78.5565, 12.1815, 85.1792, 108.8199, 17.122, 79.8103, 55.1506, 89.6588, 75.526, 53.4203, 52.0563, 22.7266], [17.584, 56.5287, 27.28, 57.0827, 42.3648, 49.6308, 44.7998, 17.1223, 0.0, 57.8148, 11.825, 13.9058, 67.4435, 45.4663, 23.7777, 21.9485, 80.0018, 57.9353, 47.7409, 88.1332, 29.1979, 9.7433, 81.1548, 95.9284, 67.3019, 36.5023, 43.0433, 46.0691, 73.4326, 64.8256, 49.8722, 35.2525, 51.9868, 46.0524, 44.4797, 55.741, 61.1864, 28.1974, 65.6941, 26.0187, 68.0834, 97.105, 13.4075, 67.495, 61.0901, 73.4031, 59.3751, 48.0037, 35.9685, 5.6044], [71.8422, 87.5861, 78.4751, 93.8036, 73.616, 44.3081, 82.4477, 74.1544, 57.8148, 0.0, 55.9554, 70.136, 113.226, 61.5349, 81.5189, 56.6953, 55.1788, 4.0367, 40.8078, 92.7701, 28.6172, 57.7377, 85.5827, 94.1112, 111.0446, 27.4752, 18.6626, 51.864, 57.7169, 55.4621, 95.817, 30.8574, 89.6152, 50.7019, 85.4175, 32.2577, 3.4672, 44.2435, 67.4015, 83.8095, 27.379, 94.6821, 67.6466, 71.0846, 110.9447, 47.2809, 2.7389, 81.7763, 40.5714, 52.5713], [28.242, 46.0702, 22.863, 47.7871, 31.3489, 39.4784, 35.2115, 25.7547, 11.825, 55.9554, 0.0, 23.8323, 61.2617, 33.6646, 29.9973, 32.8093, 70.1919, 55.2522, 38.0807, 76.3091, 28.5825, 21.2379, 69.333, 84.1455, 60.3575, 30.9347, 38.9144, 34.8934, 62.8772, 54.0164, 43.3077, 28.7449, 42.7239, 34.9984, 35.825, 47.6424, 59.4203, 36.0491, 54.0592, 30.7236, 61.4717, 85.3298, 12.256, 55.7618, 56.6509, 64.0817, 57.9376, 37.6984, 26.5521, 9.8007], [4.8143, 62.8011, 28.2972, 61.3219, 50.2956, 63.043, 50.1083, 4.35, 13.9058, 70.136, 23.8323, 0.0, 66.8091, 56.6543, 12.6846, 22.3414, 93.6059, 70.6383, 61.346, 98.4403, 41.7507, 13.1221, 91.7827, 106.9661, 67.6956, 50.2865, 56.4588, 58.7163, 86.6434, 77.8361, 50.6251, 49.1375, 56.401, 58.8307, 48.4315, 69.638, 73.4098, 33.7961, 77.4815, 16.3652, 81.895, 108.1946, 17.1635, 78.9239, 58.5172, 87.1513, 71.4552, 54.325, 49.6017, 19.4367], [70.5419, 33.0026, 40.1874, 23.6685, 41.4065, 77.4064, 31.4932, 63.8238, 67.4435, 113.226, 61.2617, 66.8091, 0.0, 57.3783, 57.6872, 87.7899, 100.5968, 111.402, 79.1511, 72.3326, 88.881, 75.7248, 70.0363, 83.7445, 4.9915, 85.7732, 94.6207, 67.8715, 89.4668, 81.2754, 17.96, 82.4575, 25.6539, 68.9974, 27.8909, 92.062, 116.5988, 95.6178, 69.9886, 53.5685, 108.1387, 85.0656, 54.0694, 68.0608, 11.5464, 98.9255, 115.6316, 34.0152, 73.7152, 69.5183], [61.3331, 26.8838, 39.18, 34.7, 16.504, 20.2269, 26.562, 57.5643, 45.4663, 61.5349, 33.6646, 56.6543, 57.3783, 0.0, 59.07, 65.1422, 45.4831, 58.7531, 22.4996, 42.8688, 45.9106, 54.5529, 35.7437, 50.4892, 53.9316, 35.7428, 43.5592, 10.7053, 35.3334, 26.1362, 43.1013, 32.3307, 31.7495, 11.8959, 31.1957, 35.2032, 64.5384, 64.3918, 21.0813, 57.9411, 51.1327, 51.6826, 40.6478, 22.272, 59.3461, 42.3236, 64.2189, 23.3652, 21.7411, 42.2763], [14.2878, 59.532, 23.5089, 56.2383, 49.3204, 69.0343, 46.5884, 8.3617, 23.7777, 81.5189, 29.9973, 12.6846, 57.6872, 59.07, 0.0, 34.6736, 99.7669, 81.7083, 67.9154, 98.6784, 52.9145, 25.6856, 92.5424, 108.0717, 59.2798, 59.6914, 66.6802, 63.2352, 91.7711, 82.6362, 43.1353, 58.024, 51.6992, 63.5798, 43.7883, 77.6011, 84.8659, 46.4768, 80.1424, 4.2499, 90.9963, 109.359, 18.9031, 81.0251, 48.3352, 93.9298, 83.0051, 51.5082, 56.5204, 29.241], [20.6571, 78.4402, 47.87, 78.9569, 64.0657, 64.5377, 66.7361, 26.4219, 21.9485, 56.6953, 32.8093, 22.3414, 87.7899, 65.1422, 34.6736, 0.0, 92.8552, 58.314, 61.7946, 107.9863, 31.9745, 12.4013, 100.7593, 114.9022, 88.1389, 45.089, 48.0504, 63.455, 88.2873, 80.5855, 70.74, 45.5424, 73.8671, 63.136, 66.2597, 66.2334, 59.5367, 13.584, 84.0608, 38.6034, 74.8795, 116.0013, 34.3027, 86.347, 80.2454, 85.385, 57.3064, 69.9301, 50.6742, 23.1914], [97.5805, 67.7302, 83.3654, 76.9495, 61.7259, 30.7466, 71.4931, 95.9133, 80.0018, 55.1788, 70.1919, 93.6059, 100.5968, 45.4831, 99.7669, 92.8552, 0.0, 51.1422, 32.2675, 47.2346, 62.2903, 86.382, 42.1048, 43.8555, 96.4886, 48.0814, 48.1415, 37.4497, 11.2903, 19.5324, 88.1252, 47.3161, 75.3486, 36.8214, 76.3248, 27.252, 56.105, 85.5849, 31.3453, 99.6944, 28.5759, 43.9727, 80.9356, 34.1938, 104.1604, 8.1185, 57.4766, 67.4051, 44.0351, 74.9141], [72.5935, 85.0612, 77.495, 91.53, 71.3562, 40.9988, 80.3977, 74.5582, 57.9353, 4.0367, 55.2522, 70.6383, 111.402, 58.7531, 81.7083, 58.314, 51.1422, 0.0, 37.5743, 89.0584, 28.893, 58.5316, 81.9134, 90.2317, 109.0777, 25.7095, 16.8822, 48.8602, 53.7567, 51.6854, 94.1594, 28.9543, 87.4528, 47.6811, 83.5335, 28.4903, 5.9304, 46.276, 63.8301, 83.8215, 23.4166, 90.788, 67.1583, 67.5319, 109.4971, 43.2461, 6.5016, 79.5001, 38.1996, 52.5611], [65.3158, 49.3803, 53.6619, 57.0495, 37.7446, 3.7036, 47.7401, 63.7234, 47.7409, 40.8078, 38.0807, 61.346, 79.1511, 22.4996, 67.9154, 61.7946, 32.2675, 37.5743, 0.0, 53.6316, 33.7585, 54.3937, 46.1794, 57.2256, 75.992, 19.765, 24.7447, 11.8648, 26.4929, 19.2687, 63.6177, 17.5327, 53.7567, 10.6536, 51.8846, 12.9113, 43.4919, 56.392, 27.5985, 68.1516, 28.9928, 58.0739, 49.2725, 31.0809, 79.8585, 26.0168, 43.5455, 45.3832, 11.7732, 42.7066], [103.2219, 43.3008, 75.9765, 51.5026, 49.4089, 49.9301, 54.4728, 98.7319, 88.1332, 92.7701, 76.3091, 98.4403, 72.3326, 42.8688, 98.6784, 107.9863, 47.2346, 89.0584, 53.6316, 0.0, 85.8546, 97.3715, 7.5155, 11.4137, 67.3953, 72.9376, 78.322, 46.1674, 38.1811, 37.4636, 67.6378, 70.1309, 53.1954, 46.8878, 58.8936, 60.5773, 94.8889, 106.4352, 26.0591, 96.6413, 71.3228, 12.7333, 81.6184, 22.7739, 80.3138, 51.4704, 95.4629, 49.0384, 60.5789, 85.1354], [43.8399, 68.0472, 51.4455, 72.3243, 52.8901, 37.173, 59.9885, 45.6681, 29.1979, 28.6172, 28.5825, 41.7507, 88.881, 45.9106, 52.9145, 31.9745, 62.2903, 28.893, 33.7585, 85.8546, 0.0, 29.8873, 78.3424, 90.6018, 87.4291, 14.4102, 16.0991, 39.7561, 59.3814, 52.9851, 70.9893, 16.228, 67.5785, 38.9803, 61.9346, 35.1195, 31.9915, 23.2978, 60.0482, 55.2003, 42.9221, 91.5188, 39.5755, 63.1081, 85.0607, 54.4878, 30.213, 60.7525, 25.3108, 24.0019], [14.107, 66.2442, 35.644, 66.5725, 52.1033, 56.6899, 54.3974, 17.4548, 9.7433, 57.7377, 21.2379, 13.1221, 75.7248, 54.5529, 25.6856, 12.4013, 86.382, 58.5316, 54.3937, 97.3715, 29.8873, 0.0, 90.2964, 104.8589, 75.9213, 40.3608, 45.4102, 54.1962, 80.6377, 72.3722, 58.4959, 39.8923, 61.4859, 54.0469, 53.8604, 60.878, 60.9317, 21.1974, 74.3292, 29.0639, 71.7035, 106.0082, 21.9518, 76.3272, 68.5876, 79.3657, 58.9026, 57.7096, 42.7469, 12.388], [96.5414, 39.2663, 70.2095, 48.0398, 43.5383, 42.4762, 49.4965, 92.2398, 81.1548, 85.5827, 69.333, 91.7827, 70.0363, 35.7437, 92.5424, 100.7593, 42.1048, 81.9134, 46.1794, 7.5155, 78.3424, 90.2964, 0.0, 15.6263, 65.2026, 65.4338, 70.8947, 38.671, 32.2621, 30.5284, 63.6388, 62.6178, 49.1004, 39.3811, 54.1291, 53.4738, 87.7709, 99.0014, 18.5849, 90.6834, 64.8041, 16.953, 75.1191, 15.2595, 77.2021, 45.5591, 88.2869, 44.0801, 53.0727, 78.0107], [111.6946, 54.3084, 85.8303, 62.7233, 59.1585, 53.6249, 65.0005, 107.5694, 95.9284, 94.1112, 84.1455, 106.9661, 83.7445, 50.4892, 108.0717, 114.9022, 43.8555, 90.2317, 57.2256, 11.4137, 90.6018, 104.8589, 15.6263, 0.0, 78.8087, 76.9671, 81.3143, 51.7526, 36.9396, 39.0152, 78.7033, 74.4881, 64.2008, 52.2607, 69.5644, 61.974, 95.8852, 112.1979, 30.9546, 106.2684, 70.4947, 1.3571, 90.4649, 28.5664, 91.645, 49.5707, 96.725, 59.5704, 65.7493, 92.4972], [71.6342, 28.7647, 40.2803, 19.5966, 38.345, 74.0875, 28.7315, 64.9535, 67.3019, 111.0446, 60.3575, 67.6956, 4.9915, 53.9316, 59.2798, 88.1389, 96.4886, 109.0777, 75.992, 67.3953, 87.4291, 75.9213, 65.2026, 78.8087, 0.0, 83.5698, 92.3932, 64.5335, 85.3065, 77.2719, 17.4393, 80.2002, 22.2385, 65.6828, 25.6887, 88.8841, 114.383, 95.3507, 65.6756, 55.263, 104.9302, 80.1269, 54.0516, 63.6329, 15.6458, 95.0619, 113.5002, 30.628, 71.1322, 68.9918], [53.3438, 60.7119, 52.2941, 66.5079, 46.3469, 23.3424, 54.9962, 53.6176, 36.5023, 27.4752, 30.9347, 50.2865, 85.7732, 35.7428, 59.6914, 45.089, 48.0814, 25.7095, 19.765, 72.9376, 14.4102, 40.3608, 65.4338, 76.9671, 83.5698, 0.0, 8.8513, 27.6296, 44.9814, 38.8061, 68.4573, 3.4904, 62.2224, 26.659, 57.9459, 21.1524, 30.8285, 37.6357, 46.9043, 61.1126, 31.6112, 77.8282, 43.1737, 50.1886, 83.8067, 40.4117, 29.9438, 54.506, 14.0073, 30.9023], [59.0488, 69.1467, 60.8, 75.1825, 54.9993, 28.4447, 63.7851, 60.0834, 43.0433, 18.6626, 38.9144, 56.4588, 94.6207, 43.5592, 66.6802, 48.0504, 48.1415, 16.8822, 24.7447, 78.322, 16.0991, 45.4102, 70.8947, 81.3143, 92.3932, 8.8513, 0.0, 34.556, 47.1125, 42.3942, 77.3047, 12.1959, 70.9619, 33.4689, 66.7846, 21.1018, 21.9908, 38.433, 52.3271, 68.4233, 26.8296, 82.0694, 51.0314, 55.8256, 92.615, 40.0943, 21.1803, 63.1619, 22.1261, 37.4808], [63.1241, 37.5464, 45.9185, 45.388, 26.6045, 9.5546, 36.7084, 60.3692, 46.0691, 51.864, 34.8934, 58.7163, 67.8715, 10.7053, 63.2352, 63.455, 37.4497, 48.8602, 11.8648, 46.1674, 39.7561, 54.1962, 38.671, 51.7526, 64.5335, 27.6296, 34.556, 0.0, 28.5785, 19.4011, 52.9958, 24.491, 42.3098, 1.2124, 41.1182, 24.4979, 54.7263, 60.5098, 20.8002, 62.7742, 40.4451, 52.7884, 44.3407, 23.5338, 69.2869, 33.1344, 54.583, 33.9135, 14.4453, 41.8583], [90.8638, 56.5418, 74.0302, 65.803, 51.222, 23.9483, 60.8028, 88.5869, 73.4326, 57.7169, 62.8772, 86.6434, 89.4668, 35.3334, 91.7711, 88.2873, 11.2903, 53.7567, 26.4929, 38.1811, 59.3814, 80.6377, 32.2621, 36.9396, 85.3065, 44.9814, 47.1125, 28.5785, 0.0, 9.3005, 77.3976, 43.4462, 64.3529, 28.1918, 65.6873, 26.3316, 59.2631, 82.4646, 20.0592, 91.3527, 33.6052, 37.3545, 72.8683, 22.9813, 93.3156, 13.3144, 60.2555, 56.5329, 37.9073, 68.6791], [82.139, 48.5846, 64.7301, 57.6856, 42.2279, 16.1193, 51.9619, 79.6483, 64.8256, 55.4621, 54.0164, 77.8361, 81.2754, 26.1362, 82.6362, 80.5855, 19.5324, 51.6854, 19.2687, 37.4636, 52.9851, 72.3722, 30.5284, 39.0152, 77.2719, 38.8061, 42.3942, 19.4011, 9.3005, 0.0, 68.5931, 36.7777, 55.9003, 19.1007, 56.8004, 23.2049, 57.4778, 75.6469, 14.1057, 82.1436, 34.6138, 39.7216, 63.7407, 17.7186, 84.6353, 18.1669, 58.1298, 47.8967, 29.9164, 60.2454], [54.7353, 24.4021, 22.87, 16.5725, 26.5975, 62.3244, 16.6362, 48.1308, 49.8722, 95.817, 43.3077, 50.6251, 17.96, 43.1013, 43.1353, 70.74, 88.1252, 94.1594, 63.6177, 67.6378, 70.9893, 58.4959, 63.6388, 78.7033, 17.4393, 68.4573, 77.3047, 52.9958, 77.3976, 68.5931, 0.0, 65.22, 14.5386, 54.0324, 11.9093, 76.4542, 99.2207, 77.956, 59.1693, 39.3546, 92.5012, 80.0602, 36.6127, 58.0275, 16.2911, 85.4132, 98.1671, 21.0342, 57.0141, 51.6859], [52.4301, 57.2218, 49.5489, 63.0481, 42.8795, 20.9568, 51.5907, 52.284, 35.2525, 30.8574, 28.7449, 49.1375, 82.4575, 32.3307, 58.024, 45.5424, 47.3161, 28.9543, 17.5327, 70.1309, 16.228, 39.8923, 62.6178, 74.4881, 80.2002, 3.4904, 12.1959, 24.491, 43.4462, 36.7777, 65.22, 0.0, 58.7865, 23.567, 54.6047, 21.0036, 34.183, 39.0292, 44.1584, 59.241, 32.9768, 75.3828, 40.9974, 47.3586, 80.6712, 39.8785, 33.3563, 51.0403, 10.5913, 29.7021], [60.9875, 9.8976, 28.5057, 5.0983, 16.2168, 51.8614, 7.6341, 54.8702, 51.9868, 89.6152, 42.7239, 56.401, 25.6539, 31.7495, 51.6992, 73.8671, 75.3486, 87.4528, 53.7567, 53.1954, 67.5785, 61.4859, 49.1004, 64.2008, 22.2385, 62.2224, 70.9619, 42.3098, 64.3529, 55.9003, 14.5386, 58.7865, 0.0, 43.4536, 8.0001, 66.6461, 92.8943, 78.7584, 45.429, 48.5281, 82.6921, 65.5579, 40.0536, 43.9929, 29.2227, 73.3668, 92.1392, 8.3963, 49.3073, 52.2512], [63.1992, 38.7497, 46.5891, 46.5637, 27.6945, 8.4101, 37.791, 60.5644, 46.0524, 50.7019, 34.9984, 58.8307, 68.9974, 11.8959, 63.5798, 63.136, 36.8214, 47.6811, 10.6536, 46.8878, 38.9803, 54.0469, 39.3811, 52.2607, 65.6828, 26.659, 33.4689, 1.2124, 28.1918, 19.1007, 54.0324, 23.567, 43.4536, 0.0, 42.1672, 23.3105, 53.5521, 59.949, 21.3374, 63.1957, 39.2762, 53.2777, 44.6773, 24.1888, 70.323, 32.3164, 53.4231, 35.058, 13.6917, 41.7411], [53.0019, 16.3181, 20.5134, 12.9003, 14.6942, 50.4889, 4.9563, 46.8704, 44.4797, 85.4175, 35.825, 48.4315, 27.8909, 31.1957, 43.7883, 66.2597, 76.3248, 83.5335, 51.8846, 58.8936, 61.9346, 53.8604, 54.1291, 69.5644, 25.6887, 57.9459, 66.7846, 41.1182, 65.6873, 56.8004, 11.9093, 54.6047, 8.0001, 42.1672, 0.0, 64.7606, 88.7733, 71.6925, 47.8883, 40.7072, 80.8328, 70.9169, 32.2351, 47.0346, 28.1849, 73.5137, 87.853, 10.1173, 45.8505, 45.1134], [73.1559, 62.004, 65.4238, 69.8647, 50.6557, 15.0486, 60.6474, 72.5179, 55.741, 32.2577, 47.6424, 69.638, 92.062, 35.2032, 77.6011, 66.2334, 27.252, 28.4903, 12.9113, 60.5773, 35.1195, 60.878, 53.4738, 61.974, 88.8841, 21.1524, 21.1018, 24.4979, 26.3316, 23.2049, 76.4542, 21.0036, 66.6461, 23.3105, 64.7606, 0.0, 34.3119, 58.3883, 35.6357, 78.3159, 16.0836, 62.5932, 59.5253, 39.3758, 92.667, 19.3704, 34.9256, 58.2644, 21.5826, 50.3029], [75.0386, 90.7257, 81.9414, 97.0457, 76.8591, 46.9261, 85.7596, 77.4527, 61.1864, 3.4672, 59.4203, 73.4098, 116.5988, 64.5384, 84.8659, 59.5367, 56.105, 5.9304, 43.4919, 94.8889, 31.9915, 60.9317, 87.7709, 95.8852, 114.383, 30.8285, 21.9908, 54.7263, 59.2631, 57.4778, 99.2207, 34.183, 92.8943, 53.5521, 88.7733, 34.3119, 0.0, 46.871, 69.7317, 87.1918, 27.8369, 96.4171, 71.0984, 73.4382, 114.3806, 48.3445, 2.3493, 85.0154, 43.7581, 55.9693], [33.2058, 81.8211, 55.4756, 83.8296, 66.7485, 59.5898, 71.2605, 38.1185, 28.1974, 44.2435, 36.0491, 33.7961, 95.6178, 64.3918, 46.4768, 13.584, 85.5849, 46.276, 56.392, 106.4352, 23.2978, 21.1974, 99.0014, 112.1979, 95.3507, 37.6357, 38.433, 60.5098, 82.4646, 75.6469, 77.956, 39.0292, 78.7584, 59.949, 71.6925, 58.3883, 46.871, 0.0, 81.2851, 50.0837, 64.8399, 113.1969, 41.6039, 84.0138, 89.187, 77.7583, 44.5816, 73.5937, 46.4966, 26.5817], [82.0972, 36.9871, 59.6664, 46.3541, 34.2596, 23.8949, 42.932, 78.5565, 65.6941, 67.4015, 54.0592, 77.4815, 69.9886, 21.0813, 80.1424, 84.0608, 31.3453, 63.8301, 27.5985, 26.0591, 60.0482, 74.3292, 18.5849, 30.9546, 65.6756, 46.9043, 52.3271, 20.8002, 20.0592, 14.1057, 59.1693, 44.1584, 45.429, 21.3374, 47.8883, 35.6357, 69.7317, 81.2851, 0.0, 78.9392, 48.4813, 32.0015, 61.7097, 3.7516, 74.639, 31.8543, 70.1241, 38.1389, 34.9327, 61.9413], [18.4246, 56.6848, 20.8498, 52.9387, 47.2343, 69.0497, 43.7873, 12.1815, 26.0187, 83.8095, 30.7236, 16.3652, 53.5685, 57.9411, 4.2499, 38.6034, 99.6944, 83.8215, 68.1516, 96.6413, 55.2003, 29.0639, 90.6834, 106.2684, 55.263, 61.1126, 68.4233, 62.7742, 91.3527, 82.1436, 39.3546, 59.241, 48.5281, 63.1957, 40.7072, 78.3159, 87.1918, 50.0837, 78.9392, 0.0, 92.1319, 107.5702, 18.8853, 79.6362, 44.1142, 94.1105, 85.3922, 48.8538, 56.9848, 31.2659], [84.9249, 77.8003, 80.6825, 85.8307, 66.7339, 30.906, 76.731, 85.1792, 68.0834, 27.379, 61.4717, 81.895, 108.1387, 51.1327, 90.9963, 74.8795, 28.5759, 23.4166, 28.9928, 71.3228, 42.9221, 71.7035, 64.8041, 70.4947, 104.9302, 31.6112, 26.8296, 40.4451, 33.6052, 34.6138, 92.5012, 32.9768, 82.6921, 39.2762, 80.8328, 16.0836, 27.8369, 64.8399, 48.4813, 92.1319, 0.0, 70.8523, 73.6476, 52.1931, 108.6911, 21.2476, 29.4262, 74.3034, 36.7051, 62.4916], [112.9181, 55.6654, 87.1475, 64.0759, 60.476, 54.4902, 66.3493, 108.8199, 97.105, 94.6821, 85.3298, 108.1946, 85.0656, 51.6826, 109.359, 116.0013, 43.9727, 90.788, 58.0739, 12.7333, 91.5188, 106.0082, 16.953, 1.3571, 80.1269, 77.8282, 82.0694, 52.7884, 37.3545, 39.7216, 80.0602, 75.3828, 65.5579, 53.2777, 70.9169, 62.5932, 96.4171, 113.1969, 32.0015, 107.5702, 70.8523, 0.0, 91.7197, 29.6918, 92.9896, 49.8513, 97.285, 60.9199, 66.7282, 93.641], [21.9705, 45.8436, 13.8851, 45.0896, 33.1394, 50.2357, 33.3545, 17.122, 13.4075, 67.6466, 12.256, 17.1635, 54.0694, 40.6478, 18.9031, 34.3027, 80.9356, 67.1583, 49.2725, 81.6184, 39.5755, 21.9518, 75.1191, 90.4649, 54.0516, 43.1737, 51.0314, 44.3407, 72.8683, 63.7407, 36.6127, 40.9974, 40.0536, 44.6773, 32.2351, 59.5253, 71.0984, 41.6039, 61.7097, 18.8853, 73.6476, 91.7197, 0.0, 62.8302, 47.7478, 75.2475, 69.5083, 37.3188, 38.12, 16.4395], [83.594, 35.147, 59.9621, 44.5396, 33.9695, 27.3816, 42.0952, 79.8103, 67.495, 71.0846, 55.7618, 78.9239, 68.0608, 22.272, 81.0251, 86.347, 34.1938, 67.5319, 31.0809, 22.7739, 63.1081, 76.3272, 15.2595, 28.5664, 63.6329, 50.1886, 55.8256, 23.5338, 22.9813, 17.7186, 58.0275, 47.3586, 43.9929, 24.1888, 47.0346, 39.3758, 73.4382, 84.0138, 3.7516, 79.6362, 52.1931, 29.6918, 62.8302, 0.0, 73.2017, 35.2094, 73.8101, 37.0891, 37.8718, 63.9546], [61.853, 38.3719, 34.1515, 29.2106, 42.8467, 78.6084, 32.804, 55.1506, 61.0901, 110.9447, 56.6509, 58.5172, 11.5464, 59.3461, 48.3352, 80.2454, 104.1604, 109.4971, 79.8585, 80.3138, 85.0607, 68.5876, 77.2021, 91.645, 15.6458, 83.8067, 92.615, 69.2869, 93.3156, 84.6353, 16.2911, 80.6712, 29.2227, 70.323, 28.1849, 92.667, 114.3806, 89.187, 74.639, 44.1142, 108.6911, 92.9896, 47.7478, 73.2017, 0.0, 101.629, 113.2077, 36.7827, 72.9098, 63.9252], [90.9785, 66.5075, 78.7446, 75.4681, 58.8194, 25.1828, 68.8251, 89.6588, 73.4031, 47.2809, 64.0817, 87.1513, 98.9255, 42.3236, 93.9298, 85.385, 8.1185, 43.2461, 26.0168, 51.4704, 54.4878, 79.3657, 45.5591, 49.5707, 95.0619, 40.4117, 40.0943, 33.1344, 13.3144, 18.1669, 85.4132, 39.8785, 73.3668, 32.3164, 73.5137, 19.3704, 48.3445, 77.7583, 31.8543, 94.1105, 21.2476, 49.8513, 75.2475, 35.2094, 101.629, 0.0, 49.6338, 65.1696, 37.6025, 68.1783], [73.0069, 90.21, 80.5566, 96.3594, 76.174, 47.047, 84.9391, 75.526, 59.3751, 2.7389, 57.9376, 71.4552, 115.6316, 64.2189, 83.0051, 57.3064, 57.4766, 6.5016, 43.5455, 95.4629, 30.213, 58.9026, 88.2869, 96.725, 113.5002, 29.9438, 21.1803, 54.583, 60.2555, 58.1298, 98.1671, 33.3563, 92.1392, 53.4231, 87.853, 34.9256, 2.3493, 44.5816, 70.1241, 85.3922, 29.4262, 97.285, 69.5083, 73.8101, 113.2077, 49.6338, 0.0, 84.3361, 43.1797, 54.2142], [59.0722, 8.5575, 28.0364, 12.0311, 8.1627, 43.4653, 5.4366, 53.4203, 48.0037, 81.7763, 37.6984, 54.325, 34.0152, 23.3652, 51.5082, 69.9301, 67.4051, 79.5001, 45.3832, 49.0384, 60.7525, 57.7096, 44.0801, 59.5704, 30.628, 54.506, 63.1619, 33.9135, 56.5329, 47.8967, 21.0342, 51.0403, 8.3963, 35.058, 10.1173, 58.2644, 85.0154, 73.5937, 38.1389, 48.8538, 74.3034, 60.9199, 37.3188, 37.0891, 36.7827, 65.1696, 84.3361, 0.0, 41.3026, 47.4643], [53.5455, 47.0382, 43.9995, 53.3315, 33.1658, 13.9671, 42.4008, 52.0563, 35.9685, 40.5714, 26.5521, 49.6017, 73.7152, 21.7411, 56.5204, 50.6742, 44.0351, 38.1996, 11.7732, 60.5789, 25.3108, 42.7469, 53.0727, 65.7493, 71.1322, 14.0073, 22.1261, 14.4453, 37.9073, 29.9164, 57.0141, 10.5913, 49.3073, 13.6917, 45.8505, 21.5826, 43.7581, 46.4966, 34.9327, 56.9848, 36.7051, 66.7282, 38.12, 37.8718, 72.9098, 37.6025, 43.1797, 41.3026, 0.0, 30.9496], [22.8657, 55.8599, 29.7842, 57.3362, 41.1384, 44.7751, 44.8146, 22.7266, 5.6044, 52.5713, 9.8007, 19.4367, 69.5183, 42.2763, 29.241, 23.1914, 74.9141, 52.5611, 42.7066, 85.1354, 24.0019, 12.388, 78.0107, 92.4972, 68.9918, 30.9023, 37.4808, 41.8583, 68.6791, 60.2454, 51.6859, 29.7021, 52.2512, 41.7411, 45.1134, 50.3029, 55.9693, 26.5817, 61.9413, 31.2659, 62.4916, 93.641, 16.4395, 63.9546, 63.9252, 68.1783, 54.2142, 47.4643, 30.9496, 0.0]]
