[4, 90]
[[0.0, 37.3094, 79.6197, 80.2866, 24.5997, 71.5312, 36.9151, 67.6078, 5.5719, 30.5907, 33.518, 21.4557, 25.8718, 22.814, 88.87, 95.0139, 66.3702, 57.3405, 62.0116, 53.526, 45.862, 57.1467, 68.7169, 49.9488, 86.3098, 71.921, 17.7344, 46.3424, 61.931, 8.0537, 46.4889, 40.4926, 59.4564, 51.083, 76.1334, 62.3863, 87.0279, 36.0426, 17.629, 96.0449, 97.4311, 87.5796, 59.4081, 95.744, 72.4409, 34.5909, 68.3179, 91.8744, 50.1542, 32.0249, 40.8552, 41.9346, 98.4798, 49.3577, 55.9083, 86.4386, 28.1842, 44.2026, 32.73, 92.6999, 60.0707, 66.1182, 66.0109, 19.3608, 44.7291, 20.3625, 5.6535, 9.5898, 13.9808, 5.9222, 56.9398, 65.1239, 34.7866, 61.0816, 53.1234, 66.4995, 23.4122, 83.8838, 8.6585, 65.7051, 56.2515, 72.4257, 36.8655, 4.1272, 62.1342, 58.4057, 75.6895, 75.412, 62.3949, 75.9587], [37.3094, 0.0, 82.3209, 83.4666, 61.367, 57.3553, 15.2024, 30.3819, 42.8639, 35.4193, 10.5026, 18.746, 40.8868, 43.4751, 81.752, 76.835, 75.7412, 61.609, 33.1397, 18.3858, 14.3264, 22.7989, 31.6579, 13.0145, 68.607, 34.6845, 51.7533, 9.8213, 27.7591, 32.3723, 21.7854, 10.0796, 42.1857, 45.8946, 38.8662, 33.6223, 53.2399, 60.9355, 19.7239, 63.4712, 66.0369, 54.0322, 63.4845, 74.05, 65.6571, 57.2534, 41.7763, 58.9193, 21.1675, 10.5237, 9.3909, 12.3366, 73.6437, 48.162, 57.4537, 90.5178, 53.1911, 19.3282, 9.5478, 68.2412, 34.7605, 41.9001, 31.3991, 55.6796, 16.6388, 16.9513, 42.2877, 30.3922, 43.9249, 42.5194, 19.6615, 52.2723, 18.7317, 29.9769, 54.8637, 60.4587, 15.1195, 78.2938, 38.2513, 33.6208, 24.1533, 43.6754, 59.1727, 38.2334, 34.8761, 25.7188, 38.3807, 38.5999, 27.1551, 65.3911], [79.6197, 82.3209, 0.0, 1.4019, 80.7289, 37.2075, 67.1652, 93.3056, 80.2379, 51.6114, 89.9061, 86.363, 53.7815, 57.1553, 22.3585, 48.0264, 17.1163, 22.5025, 66.3985, 78.9767, 73.0148, 77.5671, 100.7751, 83.6408, 44.3848, 95.8291, 71.3821, 89.336, 77.9348, 84.8034, 63.8562, 92.3492, 47.0018, 36.5086, 102.9344, 66.1788, 85.4663, 52.4307, 79.6309, 85.8034, 82.6879, 84.8846, 20.4074, 56.3514, 22.666, 50.3297, 61.6991, 84.9479, 103.3249, 88.8121, 74.6177, 72.0007, 65.1201, 34.3698, 25.3528, 8.311, 56.0041, 65.2857, 73.2995, 61.7659, 60.1151, 57.2437, 80.1467, 77.4603, 68.9324, 79.2317, 77.7695, 84.7158, 67.6463, 83.5292, 91.3237, 37.0653, 97.4645, 110.5737, 28.171, 24.7096, 74.5847, 18.0204, 71.0783, 73.4469, 104.8546, 66.7573, 48.7975, 75.732, 63.3318, 105.7691, 100.4106, 93.446, 103.7991, 29.0562], [80.2866, 83.4666, 1.4019, 0.0, 80.992, 38.6087, 68.3244, 94.648, 80.818, 52.5044, 90.9797, 87.3085, 54.4773, 57.7525, 23.3665, 49.2355, 16.9967, 23.3311, 67.7663, 80.2728, 74.2621, 78.8905, 102.0998, 84.8975, 45.6966, 97.1855, 71.7812, 90.5421, 79.2848, 85.5598, 65.1157, 93.485, 48.3627, 37.6972, 104.2901, 67.5485, 86.8677, 52.6166, 80.5516, 87.1889, 84.061, 86.2854, 21.239, 57.6174, 24.0674, 50.6217, 63.0937, 86.3428, 104.4922, 89.8745, 75.816, 73.2128, 66.412, 35.4503, 26.3656, 7.0714, 56.3769, 66.523, 74.4125, 63.0944, 61.4788, 58.6349, 81.512, 77.8086, 70.1738, 80.1888, 78.3517, 85.5001, 68.1911, 84.1276, 92.6071, 38.4538, 98.5023, 111.7966, 29.1627, 26.0824, 75.5829, 19.18, 71.723, 74.8216, 106.0697, 68.1566, 49.0433, 76.3773, 64.7032, 106.9976, 101.7713, 94.8218, 105.0697, 30.437], [24.5997, 61.367, 80.7289, 80.992, 0.0, 83.7644, 58.1082, 91.3129, 19.1512, 43.2164, 58.1173, 46.0142, 34.4775, 28.9786, 95.3103, 107.4172, 64.6176, 60.9661, 81.9496, 76.3164, 68.0645, 79.4877, 92.9825, 73.5847, 99.0493, 95.6199, 11.9932, 70.6879, 84.0052, 31.74, 66.6369, 65.0878, 74.7573, 61.9326, 100.2134, 82.2529, 108.1542, 28.571, 41.9813, 116.2668, 116.9498, 108.5579, 62.7299, 110.0469, 80.4516, 30.4164, 86.8019, 112.4152, 74.6335, 56.6243, 63.5937, 64.1153, 114.3637, 58.3736, 61.6481, 85.8582, 25.2587, 64.7714, 55.5067, 108.6561, 78.7505, 83.7616, 88.1367, 5.9, 66.1403, 44.5956, 19.1873, 33.6384, 20.2387, 20.9231, 81.0179, 77.4718, 58.935, 85.5668, 59.3838, 74.9089, 46.679, 89.8645, 23.8459, 86.7316, 80.8225, 91.6235, 31.9518, 23.1336, 81.4129, 82.9872, 99.59, 98.6291, 86.9681, 85.7221], [71.5312, 57.3553, 37.2075, 38.6087, 83.7644, 0.0, 43.2772, 59.2826, 74.6515, 41.5999, 67.144, 68.5101, 49.4359, 54.846, 25.9899, 23.751, 43.3436, 31.3044, 31.8243, 47.6621, 44.4491, 44.9729, 67.4022, 53.8869, 15.2853, 61.1047, 71.983, 61.4236, 43.9404, 73.3642, 35.6832, 67.0578, 15.1849, 21.8405, 68.1413, 31.4857, 48.2602, 61.5883, 63.3335, 49.08, 46.4684, 47.6783, 31.2197, 26.9357, 14.5424, 57.5017, 25.3415, 47.8925, 76.2609, 66.5489, 48.1283, 45.1576, 33.285, 25.8883, 27.0712, 44.7525, 59.935, 38.0394, 50.5585, 28.3424, 26.183, 21.3102, 45.2702, 78.6315, 41.0481, 61.7013, 72.4194, 72.3989, 64.8094, 77.0387, 60.0297, 6.4289, 75.4983, 81.1196, 27.7623, 14.4841, 56.1267, 24.325, 64.8014, 38.1945, 75.8866, 29.9165, 57.4106, 68.7803, 28.6608, 76.2432, 65.4161, 57.8001, 72.6426, 9.4423], [36.9151, 15.2024, 67.1652, 68.3244, 58.1082, 43.2772, 0.0, 35.7141, 41.8964, 22.9494, 24.0429, 26.1435, 30.4799, 34.465, 66.9301, 64.2587, 61.2303, 46.7852, 25.2149, 19.2267, 10.5001, 21.6573, 40.1315, 19.536, 55.7312, 39.7855, 46.9261, 22.7208, 25.9563, 35.0942, 9.9626, 25.2781, 28.367, 30.7031, 45.7046, 25.613, 50.301, 51.0067, 22.567, 59.1316, 60.5752, 50.7955, 48.6021, 62.728, 50.644, 46.8801, 32.2857, 54.9879, 36.1746, 23.3362, 8.3286, 6.9504, 63.787, 33.1499, 42.4607, 75.384, 44.1108, 7.431, 7.2945, 58.1092, 24.2059, 30.9876, 30.0849, 52.2083, 8.0327, 20.2133, 40.5036, 33.5165, 38.4352, 42.8008, 28.1967, 37.7919, 32.3209, 44.0813, 39.9445, 45.3432, 14.8494, 63.2984, 34.3223, 28.8822, 38.2478, 35.8311, 48.5012, 36.156, 25.6876, 39.4644, 44.3028, 41.5211, 39.1036, 50.8126], [67.6078, 30.3819, 93.3056, 94.648, 91.3129, 59.2826, 35.7141, 0.0, 73.1365, 58.3108, 37.3636, 48.573, 66.1916, 70.0896, 85.177, 70.5652, 92.0032, 76.9289, 27.482, 16.6992, 25.3333, 16.1909, 8.4741, 17.7288, 64.3021, 4.3143, 81.0667, 22.6147, 15.4584, 62.6997, 32.08, 31.0842, 46.4145, 59.0, 10.2296, 27.8045, 29.5218, 86.707, 50.0883, 40.5003, 44.6435, 30.6591, 78.323, 64.354, 72.1568, 82.5435, 34.7564, 35.8936, 30.6566, 38.3545, 28.3434, 28.7905, 60.2549, 63.2709, 71.9013, 101.5301, 79.7902, 32.0618, 36.0661, 56.2148, 33.472, 38.122, 14.256, 85.5236, 28.8768, 47.2956, 72.4222, 60.7017, 72.8372, 72.8938, 11.4913, 56.9586, 42.5506, 28.1705, 70.0468, 68.7166, 44.634, 83.5076, 67.7233, 21.3733, 25.5567, 32.2734, 84.103, 68.2549, 30.6503, 24.3822, 8.5894, 9.3321, 17.6743, 68.7057], [5.5719, 42.8639, 80.2379, 80.818, 19.1512, 74.6515, 41.8964, 73.1365, 0.0, 33.1817, 39.0012, 26.8663, 27.1003, 23.0932, 90.7719, 98.2927, 66.1989, 58.2884, 66.8298, 58.9024, 51.108, 62.4459, 74.2887, 55.4592, 89.6276, 77.4504, 13.7678, 51.9142, 67.188, 12.741, 51.2848, 46.0005, 63.2049, 53.6716, 81.6986, 67.1904, 92.1423, 33.8602, 23.1985, 100.9963, 102.2449, 92.6663, 60.3155, 99.4461, 74.5888, 33.0678, 72.8419, 96.8824, 55.4919, 37.5208, 46.1956, 47.1634, 102.5345, 51.4699, 57.335, 86.7245, 26.5397, 49.0826, 38.0515, 96.754, 64.6031, 70.446, 71.2843, 14.1573, 49.802, 25.9234, 2.4708, 14.5609, 12.7727, 3.5055, 62.5023, 68.2234, 39.9063, 66.4251, 54.6304, 68.687, 28.7998, 85.6494, 9.9196, 70.7626, 61.6735, 77.1185, 35.2835, 6.0321, 66.809, 63.8418, 81.2408, 80.879, 67.923, 78.5392], [30.5907, 35.4193, 51.6114, 52.5044, 43.2164, 41.5999, 22.9494, 58.3108, 33.1817, 0.0, 40.3545, 34.9384, 9.3107, 14.6922, 58.4497, 65.3258, 41.6418, 29.2141, 41.0944, 41.6212, 33.0055, 43.1387, 63.0727, 42.4719, 56.727, 62.2335, 31.2264, 44.5847, 46.5745, 34.084, 27.4465, 44.4948, 31.5409, 20.5286, 68.4323, 41.2975, 67.8068, 28.7872, 28.0839, 74.6925, 74.7786, 67.9994, 31.2926, 67.1389, 41.9016, 24.4574, 44.437, 71.239, 56.1323, 39.0307, 31.1535, 29.8428, 71.1622, 18.9491, 26.5487, 59.2192, 23.0001, 26.6287, 25.9216, 65.4453, 36.783, 40.9927, 50.4963, 37.7131, 29.4881, 27.9297, 30.891, 33.6732, 23.4491, 35.7756, 51.1303, 35.1764, 47.0438, 65.3961, 23.68, 35.9527, 23.8887, 53.6018, 23.276, 47.11, 59.5707, 49.6595, 25.8648, 27.4518, 39.8698, 61.0881, 66.8613, 63.2044, 61.6245, 45.4191], [33.518, 10.5026, 89.9061, 90.9797, 58.1173, 67.144, 24.0429, 37.3636, 39.0012, 40.3545, 0.0, 12.2403, 43.8423, 45.2113, 90.9514, 87.1575, 81.8335, 68.4037, 43.6196, 28.155, 24.8286, 32.6828, 36.4718, 21.7409, 78.8533, 41.4903, 49.9893, 14.7492, 37.5435, 26.9544, 31.921, 7.0686, 52.0568, 53.9505, 44.3519, 44.1036, 62.6699, 62.5983, 16.8143, 73.1561, 75.9653, 63.5331, 70.3782, 84.5254, 74.5741, 59.4016, 52.2786, 68.5446, 17.275, 1.5602, 19.7608, 22.6334, 84.1358, 55.5363, 64.6631, 97.964, 54.4674, 29.3577, 16.99, 78.7423, 45.2184, 52.3588, 40.9199, 52.7945, 26.9654, 14.8434, 39.02, 24.9339, 43.0953, 37.8457, 25.9016, 61.8008, 8.3814, 27.9856, 61.9355, 69.1483, 16.7114, 87.2287, 36.8016, 43.7818, 22.84, 54.1005, 61.5056, 35.5083, 45.3787, 24.9462, 44.4845, 46.2942, 29.0154, 74.8484], [21.4557, 18.746, 86.363, 87.3085, 46.0142, 68.5101, 26.1435, 48.573, 26.8663, 34.9384, 12.2403, 0.0, 36.0285, 36.1859, 90.4064, 90.2611, 76.3146, 64.1042, 49.8817, 36.9699, 31.2786, 41.2474, 48.4352, 31.6952, 81.6638, 52.8107, 38.4522, 26.2215, 46.2321, 14.7183, 35.8014, 19.3047, 54.0768, 52.0573, 56.1871, 50.3364, 71.8107, 52.9934, 7.0296, 81.8402, 84.1309, 72.5616, 66.1691, 88.8659, 73.68, 50.2629, 57.8393, 77.3504, 28.7228, 10.8371, 25.7242, 27.9562, 89.6644, 52.4938, 61.0628, 94.0984, 44.7444, 33.1352, 19.2114, 84.0455, 50.0263, 56.9817, 50.0046, 40.8085, 31.9474, 7.1868, 27.0423, 12.6952, 32.2088, 25.6101, 37.3106, 62.5928, 14.0764, 39.6402, 58.2162, 67.9171, 12.4836, 86.1554, 25.7404, 51.5727, 34.8083, 60.6545, 52.4747, 23.8023, 51.0046, 36.9758, 56.1163, 57.1404, 41.2557, 75.1704], [25.8718, 40.8868, 53.7815, 54.4773, 34.4775, 49.4359, 30.4799, 66.1916, 27.1003, 9.3107, 43.8423, 36.0285, 0.0, 5.5325, 63.7268, 73.1642, 41.2626, 31.4692, 50.3062, 49.6237, 40.8987, 51.5405, 70.3498, 49.6205, 64.702, 70.239, 22.5814, 50.5234, 55.2403, 31.2427, 36.2484, 48.9903, 40.5007, 27.7023, 76.1721, 50.522, 77.02, 20.5402, 29.0153, 83.9985, 84.0838, 77.2338, 33.5363, 75.5719, 47.7292, 16.5236, 53.7433, 80.5252, 60.5838, 42.3756, 38.2642, 37.4197, 79.9826, 24.7484, 30.2428, 60.7477, 13.9184, 35.1583, 31.8407, 74.3049, 46.0872, 50.2603, 59.236, 29.2085, 37.7019, 29.7617, 24.6539, 31.3884, 15.5974, 30.1657, 58.1925, 43.0883, 49.417, 70.5085, 27.5301, 41.8924, 27.2046, 58.5665, 17.464, 56.1714, 64.7887, 58.9691, 18.3295, 22.0839, 49.1504, 66.4987, 74.7791, 71.6232, 67.8493, 52.1728], [22.814, 43.4751, 57.1553, 57.7525, 28.9786, 54.846, 34.465, 70.0896, 23.0932, 14.6922, 45.2113, 36.1859, 5.5325, 0.0, 68.331, 78.5498, 43.5562, 35.2374, 55.3891, 53.6916, 44.9623, 55.8852, 73.8056, 53.1208, 70.1239, 74.2136, 17.1372, 53.2563, 59.7768, 29.1776, 40.9813, 50.8693, 46.0263, 33.0541, 79.9323, 55.6227, 82.0788, 17.5137, 29.3557, 89.2582, 89.4379, 82.3259, 37.2494, 81.07, 52.6009, 14.2026, 59.0975, 85.7186, 62.2986, 43.6905, 41.8705, 41.322, 85.5147, 29.8364, 34.5917, 63.7525, 9.7818, 39.701, 34.8889, 79.8374, 51.3544, 55.6849, 63.8223, 23.7918, 42.0073, 30.5918, 20.6228, 29.6666, 10.7734, 26.3757, 61.57, 48.5229, 50.0258, 72.5525, 31.9954, 46.8353, 28.9949, 63.0774, 14.1558, 61.0662, 66.9402, 64.2612, 16.3525, 18.7728, 54.3493, 68.758, 78.6742, 75.9116, 70.6184, 57.3084], [88.87, 81.752, 22.3585, 23.3665, 95.3103, 25.9899, 66.9301, 85.177, 90.7719, 58.4497, 90.9514, 90.4064, 63.7268, 68.331, 0.0, 26.9566, 37.4174, 34.4792, 57.7724, 73.5242, 69.7028, 70.9469, 93.3532, 79.5366, 25.7064, 86.8382, 84.5889, 86.7372, 69.8951, 92.4367, 60.6239, 91.7077, 40.4684, 38.5914, 93.8154, 57.4209, 71.0304, 68.5943, 84.4143, 69.1004, 65.2338, 70.2274, 32.8905, 36.0604, 16.7625, 65.5128, 50.7696, 69.1777, 101.4978, 90.165, 72.8401, 69.9173, 45.2102, 39.5305, 33.8282, 26.2958, 70.0603, 62.7464, 73.9938, 42.9144, 52.1692, 47.0713, 71.0658, 91.1217, 66.0377, 83.2858, 88.3458, 91.8709, 79.087, 93.7043, 85.9466, 29.7311, 99.1494, 106.8748, 36.3412, 22.6504, 77.9519, 5.5386, 80.9581, 63.9451, 101.5354, 54.6725, 64.52, 85.4386, 54.6166, 101.99, 91.0368, 83.1835, 98.5805, 16.7636], [95.0139, 76.835, 48.0264, 49.2355, 107.4172, 23.751, 64.2587, 70.5652, 98.2927, 65.3258, 87.1575, 90.2611, 73.1642, 78.5498, 26.9566, 0.0, 60.1085, 51.6014, 45.8044, 63.4235, 62.8124, 59.6565, 79.0385, 70.4753, 8.7239, 71.0349, 95.6849, 78.8588, 56.8813, 96.4045, 55.285, 85.8067, 36.3137, 45.4994, 77.4139, 45.3356, 49.552, 84.2668, 85.669, 45.0178, 40.4848, 48.5268, 50.8575, 9.5181, 30.3502, 80.3704, 36.9465, 46.1773, 93.4588, 86.8078, 67.4502, 64.5363, 18.686, 49.2, 48.432, 53.0879, 83.2701, 57.9041, 71.483, 17.8407, 42.344, 35.3511, 56.5457, 102.3414, 60.2102, 83.7819, 96.088, 95.3134, 88.56, 100.601, 74.6994, 30.157, 95.5133, 96.2594, 49.8217, 34.3011, 78.1783, 30.0987, 88.4764, 49.7613, 91.6875, 38.3175, 80.0515, 92.3829, 43.154, 91.5581, 74.4912, 66.0628, 86.6145, 23.2217], [66.3702, 75.7412, 17.1163, 16.9967, 64.6176, 43.3436, 61.2303, 92.0032, 66.1989, 41.6418, 81.8335, 76.3146, 41.2626, 43.5562, 37.4174, 60.1085, 0.0, 15.0753, 66.9445, 76.2518, 69.0083, 75.8219, 98.6492, 79.645, 54.6003, 95.1182, 56.0629, 83.951, 77.274, 72.4183, 60.4638, 85.4028, 48.0629, 33.024, 102.0873, 66.8436, 89.6689, 36.0716, 69.3311, 92.0234, 89.7192, 89.3019, 13.8094, 67.219, 30.4181, 34.5254, 64.4038, 90.3458, 96.8779, 80.5608, 69.3506, 67.128, 75.2262, 28.8454, 20.1575, 21.2409, 40.6383, 61.2458, 66.2638, 70.9722, 60.6666, 59.769, 80.1866, 61.8029, 64.8855, 69.4583, 63.7688, 72.6405, 53.4294, 69.6209, 87.9587, 40.5993, 88.6846, 105.3029, 21.9792, 28.8641, 65.5217, 32.1821, 57.7119, 74.1964, 99.4621, 69.9849, 32.752, 62.3175, 64.1903, 100.6928, 99.8495, 93.848, 99.8703, 37.8782], [57.3405, 61.609, 22.5025, 23.3311, 60.9661, 31.3044, 46.7852, 76.9289, 58.2884, 29.2141, 68.4037, 64.1042, 31.4692, 35.2374, 34.4792, 51.6014, 15.0753, 0.0, 52.0419, 61.2317, 54.1323, 60.7494, 83.6123, 64.8042, 44.7071, 80.047, 50.6031, 69.4515, 62.2178, 62.3311, 45.4682, 71.459, 33.4887, 17.9532, 87.0124, 51.96, 75.4798, 34.2181, 57.2924, 78.5966, 76.7077, 75.1877, 2.095, 57.29, 21.4644, 31.0351, 50.01, 76.5861, 82.7745, 67.2209, 54.7551, 52.4206, 64.4322, 13.8807, 5.1723, 30.0057, 35.714, 46.3419, 52.2651, 59.6338, 45.8075, 45.3913, 65.1743, 57.0099, 49.9993, 57.0253, 55.8186, 62.2198, 45.9341, 61.4902, 73.0371, 27.2968, 75.6711, 90.8326, 6.9642, 17.4941, 52.5907, 28.9785, 48.8895, 59.2872, 85.0128, 55.6774, 30.0947, 53.5301, 49.3576, 86.1571, 84.7802, 78.8422, 85.0682, 28.3807], [62.0116, 33.1397, 66.3985, 67.7663, 81.9496, 31.8243, 25.2149, 27.482, 66.8298, 41.0944, 43.6196, 49.8817, 50.3062, 55.3891, 57.7724, 45.8044, 66.9445, 52.0419, 0.0, 17.6403, 18.9082, 13.9159, 35.5822, 24.7858, 38.4571, 29.5557, 70.2689, 33.3432, 12.1228, 60.2461, 15.5452, 40.9501, 19.438, 34.3517, 36.6557, 0.49, 26.715, 69.3963, 47.4644, 34.3342, 35.4229, 26.9374, 53.1379, 41.5996, 44.7928, 64.9537, 8.9887, 30.4883, 47.7322, 43.6421, 24.3537, 21.9308, 40.5271, 39.273, 46.8753, 74.5285, 64.0937, 17.8264, 30.9518, 35.2052, 6.3386, 10.9776, 13.7595, 76.0894, 18.0183, 44.9108, 65.2762, 58.61, 61.7821, 67.9212, 29.1238, 29.6167, 51.6579, 50.6677, 45.5121, 41.6926, 39.8583, 56.0256, 58.6068, 7.252, 45.9271, 10.7789, 65.9835, 60.9549, 3.1684, 45.8955, 34.056, 27.1432, 41.4515, 41.2338], [53.526, 18.3858, 78.9767, 80.2728, 76.3164, 47.6621, 19.2267, 16.6992, 58.9024, 41.6212, 28.155, 36.9699, 49.6237, 53.6916, 73.5242, 63.4235, 76.2518, 61.2317, 17.6403, 0.0, 8.7342, 4.5488, 22.4179, 7.262, 55.9233, 20.6333, 65.5673, 15.9504, 9.405, 49.7617, 15.8105, 24.173, 33.2254, 43.4878, 26.8761, 18.117, 34.8649, 70.1015, 36.6751, 45.1079, 47.812, 35.6479, 62.753, 59.1214, 59.0262, 65.9053, 26.6018, 40.5411, 30.0999, 28.5651, 12.7433, 12.4508, 57.3675, 47.4076, 56.3316, 87.278, 63.3257, 15.4602, 20.8855, 52.312, 21.7653, 28.2527, 13.0361, 70.4481, 12.1819, 33.8653, 57.8871, 47.87, 57.1753, 59.1461, 12.4973, 44.0859, 35.5504, 33.5139, 54.2834, 54.8754, 30.115, 71.0927, 52.4958, 15.8568, 28.4905, 26.9914, 67.4369, 53.5943, 20.3053, 28.6598, 25.2402, 22.4351, 25.1501, 56.7635], [45.862, 14.3264, 73.0148, 74.2621, 68.0645, 44.4491, 10.5001, 25.3333, 51.108, 33.0055, 24.8286, 31.2786, 40.8987, 44.9623, 69.7028, 62.8124, 69.0083, 54.1323, 18.9082, 8.7342, 0.0, 11.4243, 30.3368, 10.6956, 54.74, 29.3418, 57.1197, 17.0352, 16.0801, 42.8244, 9.2502, 23.0184, 29.3467, 36.8038, 35.4273, 19.3843, 41.3229, 61.391, 29.7366, 50.8726, 52.925, 41.9496, 55.7751, 59.7617, 54.304, 57.2129, 27.4542, 46.4975, 31.835, 24.7726, 5.5544, 3.9591, 59.3483, 40.2523, 49.4103, 81.3216, 54.5915, 7.8074, 13.2161, 53.923, 20.5412, 27.6635, 20.1835, 62.1761, 4.1362, 27.0124, 49.9385, 41.0333, 48.6778, 51.6167, 18.9812, 39.9717, 33.0158, 37.6944, 47.1706, 49.6281, 22.5907, 66.7399, 44.2186, 20.4075, 32.104, 29.5771, 58.7708, 45.608, 20.5507, 32.8421, 33.9085, 31.049, 30.9746, 53.0351], [57.1467, 22.7989, 77.5671, 78.8905, 79.4877, 44.9729, 21.6573, 16.1909, 62.4459, 43.1387, 32.6828, 41.2474, 51.5405, 55.8852, 70.9469, 59.6565, 75.8219, 60.7494, 13.9159, 4.5488, 11.4243, 0.0, 23.21, 11.6678, 52.3729, 19.5723, 68.5022, 20.351, 4.9848, 53.7197, 16.1127, 28.6938, 31.0773, 42.8339, 26.353, 14.3679, 30.5735, 71.8578, 40.6043, 40.6749, 43.2979, 31.3143, 62.1612, 55.0315, 56.9841, 67.5775, 22.7167, 36.1371, 34.171, 33.0658, 16.3224, 15.3791, 53.0115, 47.08, 55.736, 85.836, 65.3825, 16.5151, 24.4172, 48.0341, 18.8029, 24.8129, 8.9019, 73.5983, 13.8779, 37.8161, 61.3226, 51.8619, 60.0399, 62.8475, 15.2427, 41.868, 40.0983, 36.7572, 53.8596, 53.16, 33.7696, 68.7875, 55.642, 11.3462, 32.0336, 22.6648, 68.9993, 56.9995, 16.8237, 31.9797, 24.3188, 20.0883, 27.7218, 54.2344], [68.7169, 31.6579, 100.7751, 102.0998, 92.9825, 67.4022, 40.1315, 8.4741, 74.2887, 63.0727, 36.4718, 48.4352, 70.3498, 73.8056, 93.3532, 79.0385, 98.6492, 83.6123, 35.5822, 22.4179, 30.3368, 23.21, 0.0, 20.7295, 72.7547, 9.144, 83.3715, 22.3889, 23.4619, 63.0276, 38.2283, 29.5825, 54.1261, 65.7985, 8.0852, 35.9324, 36.6996, 90.8685, 51.0968, 47.5149, 51.9559, 37.8884, 85.103, 72.7727, 79.9893, 86.8546, 43.1328, 43.0305, 26.0639, 37.7073, 32.0918, 33.2343, 68.4899, 69.8106, 78.6762, 109.0402, 83.5831, 37.7479, 39.0096, 64.5658, 41.3849, 46.3678, 22.6714, 87.3238, 34.2697, 48.4146, 73.8485, 60.9995, 75.4168, 73.6476, 12.2602, 64.8088, 40.1485, 21.1966, 76.6734, 76.3248, 46.6705, 91.5367, 69.8808, 29.7502, 19.8969, 40.7467, 88.5501, 69.8552, 38.7424, 18.2341, 9.1725, 15.5331, 10.9915, 76.7971], [49.9488, 13.0145, 83.6408, 84.8975, 73.5847, 53.8869, 19.536, 17.7288, 55.4592, 42.4719, 21.7409, 31.6952, 49.6205, 53.1208, 79.5366, 70.4753, 79.645, 64.8042, 24.7858, 7.262, 10.6956, 11.6678, 20.7295, 0.0, 62.8389, 22.0384, 63.4102, 8.6945, 16.1731, 45.3441, 19.7862, 17.1152, 39.0709, 47.495, 26.9854, 25.2686, 40.9358, 70.1397, 32.5248, 51.4895, 54.4768, 41.8115, 66.4598, 66.3401, 64.5282, 66.1278, 33.7708, 46.8572, 22.9835, 22.3624, 11.3724, 12.7919, 64.6245, 50.9273, 60.1014, 91.9506, 62.8909, 18.5027, 18.5139, 59.5736, 28.4578, 35.1849, 19.2617, 67.7993, 14.83, 29.7126, 54.7069, 43.3763, 55.2467, 55.3176, 8.6607, 49.8779, 28.6902, 27.3778, 57.8453, 60.039, 26.9057, 76.8267, 50.0267, 23.0086, 22.0077, 34.2501, 67.8341, 50.5292, 27.3217, 22.493, 26.0752, 25.6101, 20.2799, 62.7873], [86.3098, 68.607, 44.3848, 45.6966, 99.0493, 15.2853, 55.7312, 64.3021, 89.6276, 56.727, 78.8533, 81.6638, 64.702, 70.1239, 25.7064, 8.7239, 54.6003, 44.7071, 38.4571, 55.9233, 54.74, 52.3729, 72.7547, 62.8389, 0.0, 65.1664, 87.2599, 71.0752, 49.9947, 87.6823, 46.936, 77.7583, 27.6435, 37.1245, 71.807, 38.0074, 46.074, 76.5104, 76.9952, 43.4257, 39.5315, 45.1778, 44.1931, 12.6688, 24.2114, 72.5112, 29.8762, 43.7048, 85.79, 78.4561, 59.2163, 56.2781, 20.8297, 41.0569, 41.1114, 50.47, 75.1457, 49.5267, 62.9826, 17.4911, 34.4565, 27.6731, 50.0947, 93.9047, 51.9684, 75.1356, 87.4358, 86.5959, 80.0279, 91.911, 67.5616, 21.6184, 87.2254, 89.12, 42.2428, 27.2144, 69.5308, 27.3068, 79.8295, 43.0995, 84.3578, 32.1482, 72.3086, 83.7054, 35.6287, 84.3526, 68.9144, 60.6298, 79.7379, 16.7537], [71.921, 34.6845, 95.8291, 97.1855, 95.6199, 61.1047, 39.7855, 4.3143, 77.4504, 62.2335, 41.4903, 52.8107, 70.239, 74.2136, 86.8382, 71.0349, 95.1182, 80.047, 29.5557, 20.6333, 29.3418, 19.5723, 9.144, 22.0384, 65.1664, 0.0, 85.3452, 26.7571, 17.9599, 66.9839, 35.6532, 35.0867, 48.8333, 62.0945, 7.1075, 29.8266, 27.5559, 90.7307, 54.396, 38.3878, 42.8119, 28.7444, 81.3806, 64.3764, 74.3465, 86.5386, 36.1179, 33.8901, 33.84, 42.5169, 32.5549, 32.8923, 59.7161, 66.5018, 74.9752, 104.0058, 83.8915, 35.8146, 40.3352, 55.9932, 35.749, 39.8093, 15.8524, 89.827, 32.75, 51.6052, 76.7358, 64.9831, 77.0988, 77.2003, 15.5898, 59.1719, 46.4243, 30.1851, 73.2123, 71.1575, 48.9417, 85.4139, 72.0157, 22.9137, 28.2652, 33.0187, 88.0652, 72.5666, 32.6971, 26.8466, 4.752, 6.4163, 19.7695, 70.547], [17.7344, 51.7533, 71.3821, 71.7812, 11.9932, 71.983, 46.9261, 81.0667, 13.7678, 31.2264, 49.9893, 38.4522, 22.5814, 17.1372, 84.5889, 95.6849, 56.0629, 50.6031, 70.2689, 65.5673, 57.1197, 68.5022, 83.3715, 63.4102, 87.2599, 85.3452, 0.0, 61.3797, 72.8824, 25.7719, 55.0887, 56.7016, 62.7668, 50.1867, 90.3062, 70.5585, 96.637, 21.3134, 33.2504, 104.5413, 105.1184, 97.0033, 52.4791, 98.1393, 69.2934, 21.6323, 74.9117, 100.7562, 67.0689, 48.442, 52.9514, 53.2067, 102.3814, 46.8347, 50.7717, 77.1405, 15.4418, 53.3362, 45.015, 96.6699, 66.9025, 71.814, 77.0104, 6.6691, 54.9274, 35.5861, 12.2747, 27.3068, 8.5235, 16.9984, 71.2209, 65.655, 52.2244, 77.9249, 48.3593, 63.6326, 36.7037, 79.2169, 13.505, 75.2642, 72.8194, 79.7991, 23.6191, 14.6711, 69.6301, 74.8944, 89.4848, 87.9865, 78.2117, 74.2829], [46.3424, 9.8213, 89.336, 90.5421, 70.6879, 61.4236, 22.7208, 22.6147, 51.9142, 44.5847, 14.7492, 26.2215, 50.5234, 53.2563, 86.7372, 78.8588, 83.951, 69.4515, 33.3432, 15.9504, 17.0352, 20.351, 22.3889, 8.6945, 71.0752, 26.7571, 61.3797, 0.0, 24.7274, 40.6954, 26.1765, 8.8655, 46.3653, 52.8553, 29.9947, 33.8297, 48.8313, 70.689, 28.7381, 59.573, 62.7766, 49.7722, 71.2354, 74.938, 71.2478, 66.9549, 42.3306, 54.9081, 14.8444, 15.7618, 14.7489, 17.3462, 73.3174, 55.7182, 65.0192, 97.6135, 62.988, 24.2888, 18.762, 68.2517, 36.619, 43.5112, 27.529, 65.0808, 20.7933, 26.0923, 51.5228, 38.671, 53.6597, 51.2631, 11.1697, 57.0063, 20.6112, 21.3813, 62.5702, 66.4355, 24.8852, 83.732, 47.8771, 31.6781, 15.5731, 42.9417, 68.8415, 47.59, 35.7592, 16.7455, 29.9025, 31.5834, 17.3638, 70.0682], [61.931, 27.7591, 77.9348, 79.2848, 84.0052, 43.9404, 25.9563, 15.4584, 67.188, 46.5745, 37.5435, 46.2321, 55.2403, 59.7768, 69.8951, 56.8813, 77.274, 62.2178, 12.1228, 9.405, 16.0801, 4.9848, 23.4619, 16.1731, 49.9947, 17.9599, 72.8824, 24.7274, 0.0, 58.6425, 19.1501, 33.2882, 30.9832, 44.2713, 25.0406, 12.4815, 25.5919, 75.3611, 45.525, 35.7135, 38.4245, 26.3295, 63.5065, 51.682, 56.6985, 71.0238, 20.1198, 31.163, 37.9372, 37.9692, 21.1932, 20.0296, 49.0824, 48.8098, 57.1179, 86.1376, 69.1416, 20.0908, 29.2265, 44.3091, 18.0143, 22.9876, 4.1319, 78.1084, 17.9749, 42.7454, 66.0096, 56.7959, 64.3887, 67.6649, 17.9574, 41.5003, 44.8166, 39.4275, 55.4342, 53.3027, 38.5997, 68.1015, 60.1737, 7.3066, 35.1265, 19.0211, 72.3505, 61.6752, 15.2807, 34.802, 22.6383, 16.9707, 29.7626, 53.3393], [8.0537, 32.3723, 84.8034, 85.5598, 31.74, 73.3642, 35.0942, 62.6997, 12.741, 34.084, 26.9544, 14.7183, 31.2427, 29.1776, 92.4367, 96.4045, 72.4183, 62.3311, 60.2461, 49.7617, 42.8244, 53.7197, 63.0276, 45.3441, 87.6823, 66.9839, 25.7719, 40.6954, 58.6425, 0.0, 45.0202, 34.0214, 60.2685, 54.0295, 70.6875, 60.658, 84.1228, 43.6759, 13.1175, 93.6388, 95.4309, 84.7685, 64.4227, 96.3417, 75.7773, 41.9063, 67.2921, 89.307, 42.9692, 25.5536, 37.4715, 39.0465, 98.3408, 53.0187, 60.3585, 91.9396, 35.6428, 42.5252, 29.6595, 92.5921, 59.1138, 65.5968, 62.6175, 26.8981, 42.3933, 15.906, 13.564, 2.0297, 21.5978, 10.973, 51.6431, 67.0575, 27.2012, 53.8949, 57.5115, 69.8337, 20.4212, 87.6628, 15.5397, 63.1412, 49.3084, 70.9169, 44.1905, 11.7322, 60.7749, 51.5095, 70.4838, 70.9538, 55.9665, 78.6288], [46.4889, 21.7854, 63.8562, 65.1157, 66.6369, 35.6832, 9.9626, 32.08, 51.2848, 27.4465, 31.921, 35.8014, 36.2484, 40.9813, 60.6239, 55.285, 60.4638, 45.4682, 15.5452, 15.8105, 9.2502, 16.1127, 38.2283, 19.7862, 46.936, 35.6532, 55.0887, 26.1765, 19.1501, 45.0202, 0.0, 31.3755, 20.4998, 27.8536, 42.3062, 15.9074, 41.5485, 56.2316, 32.5237, 49.8041, 50.9635, 41.9268, 47.0273, 53.1812, 45.0826, 51.8825, 22.3232, 45.8254, 40.8791, 31.5276, 12.4623, 9.4882, 53.9115, 31.6192, 40.6193, 72.1664, 50.1668, 2.6732, 16.5995, 48.2632, 14.2781, 21.1803, 23.0498, 60.7555, 5.4142, 30.1324, 49.738, 43.4653, 46.5708, 52.4037, 27.6568, 30.9164, 40.2977, 46.9418, 38.5108, 40.378, 24.8108, 57.5557, 43.1391, 20.2105, 41.3524, 25.9805, 53.2005, 45.4133, 15.7611, 42.0854, 40.3874, 35.9456, 39.9773, 44.0282], [40.4926, 10.0796, 92.3492, 93.485, 65.0878, 67.0578, 25.2781, 31.0842, 46.0005, 44.4948, 7.0686, 19.3047, 48.9903, 50.8693, 91.7077, 85.8067, 85.4028, 71.459, 40.9501, 24.173, 23.0184, 28.6938, 29.5825, 17.1152, 77.7583, 35.0867, 56.7016, 8.8655, 33.2882, 34.0214, 31.3755, 0.0, 51.8732, 55.9556, 37.5393, 41.4401, 57.6842, 68.3645, 23.4514, 68.3985, 71.53, 58.6171, 73.3623, 82.4456, 75.691, 64.9691, 49.8635, 63.7391, 11.6546, 8.4907, 18.9395, 21.9044, 81.3239, 58.125, 67.3965, 100.529, 60.3436, 29.056, 19.1944, 76.1178, 43.4781, 50.5515, 36.2741, 59.7092, 26.0404, 21.2056, 45.9499, 31.9997, 49.5601, 44.9013, 19.6047, 62.1379, 11.7457, 21.7047, 64.772, 70.5245, 21.8925, 88.3171, 43.3803, 40.0292, 16.2364, 50.989, 67.0061, 42.3394, 43.0909, 18.2315, 37.8239, 40.2212, 21.9568, 75.2669], [59.4564, 42.1857, 47.0018, 48.3627, 74.7573, 15.1849, 28.367, 46.4145, 63.2049, 31.5409, 52.0568, 54.0768, 40.5007, 46.0263, 40.4684, 36.3137, 48.0629, 33.4887, 19.438, 33.2254, 29.3467, 31.0773, 54.1261, 39.0709, 27.6435, 48.8333, 62.7668, 46.3653, 30.9832, 60.2685, 20.4998, 51.8732, 0.0, 16.9555, 55.9401, 19.2464, 42.1216, 56.5298, 49.3561, 46.2902, 45.2635, 41.9001, 34.3484, 36.2878, 25.9069, 52.1285, 16.5759, 43.7472, 61.1814, 51.5087, 32.9437, 29.9727, 39.6527, 22.1835, 28.3437, 55.1732, 52.9843, 22.8616, 35.6606, 33.9174, 13.1229, 12.0091, 33.1578, 69.2301, 25.8737, 47.4962, 61.1551, 59.1064, 54.8647, 65.2108, 45.7141, 10.8608, 60.4268, 66.4254, 27.4615, 22.3266, 41.8912, 37.8685, 53.6666, 26.5894, 61.067, 22.2926, 52.6308, 57.1924, 16.4408, 61.5394, 53.4089, 46.5698, 58.3709, 23.7338], [51.083, 45.8946, 36.5086, 37.6972, 61.9326, 21.8405, 30.7031, 59.0, 53.6716, 20.5286, 53.9505, 52.0573, 27.7023, 33.0541, 38.5914, 45.4994, 33.024, 17.9532, 34.3517, 43.4878, 36.8038, 42.8339, 65.7985, 47.495, 37.1245, 62.0945, 50.1867, 52.8553, 44.2713, 54.0295, 27.8536, 55.9556, 16.9555, 0.0, 69.066, 34.3062, 58.8891, 40.6086, 45.8882, 63.2272, 62.0466, 58.7241, 19.3277, 48.4596, 21.8388, 36.3382, 33.3714, 60.6962, 66.8295, 52.9682, 38.1212, 35.5447, 53.7824, 5.2282, 12.9022, 44.7676, 38.2461, 29.0061, 37.0865, 48.3289, 28.2399, 28.8963, 47.279, 56.8456, 32.678, 44.8895, 51.3489, 53.3746, 43.2072, 56.3036, 55.5104, 15.6346, 61.8239, 74.1473, 11.1964, 15.9503, 39.7045, 34.132, 43.7533, 41.5619, 68.399, 39.1089, 36.5426, 47.979, 31.8187, 69.3716, 66.827, 60.9488, 67.7632, 24.8906], [76.1334, 38.8662, 102.9344, 104.2901, 100.2134, 68.1413, 45.7046, 10.2296, 81.6986, 68.4323, 44.3519, 56.1871, 76.1721, 79.9323, 93.8154, 77.4139, 102.0873, 87.0124, 36.6557, 26.8761, 35.4273, 26.353, 8.0852, 26.9854, 71.807, 7.1075, 90.3062, 29.9947, 25.0406, 70.6875, 42.3062, 37.5393, 55.9401, 69.066, 0.0, 36.922, 31.845, 96.7074, 58.5077, 42.2003, 46.9742, 33.0702, 88.3717, 70.4331, 81.4422, 92.5816, 43.0558, 37.9585, 34.0238, 45.5416, 38.0678, 38.7567, 65.283, 73.4085, 81.9585, 111.1129, 89.6702, 42.2801, 45.4993, 61.8759, 42.8562, 46.8344, 22.931, 94.4935, 39.0572, 55.7765, 81.1539, 68.6642, 82.2038, 81.1942, 19.2049, 66.2723, 48.2246, 28.1671, 80.1543, 78.2647, 53.6489, 92.4596, 76.8656, 29.9492, 27.6461, 39.7084, 94.1763, 77.0842, 39.7925, 25.8203, 2.9292, 11.4155, 18.5892, 77.583], [62.3863, 33.6223, 66.1788, 67.5485, 82.2529, 31.4857, 25.613, 27.8045, 67.1904, 41.2975, 44.1036, 50.3364, 50.522, 55.6227, 57.4209, 45.3356, 66.8436, 51.96, 0.49, 18.117, 19.3843, 14.3679, 35.9324, 25.2686, 38.0074, 29.8266, 70.5585, 33.8297, 12.4815, 60.658, 15.9074, 41.4401, 19.2464, 34.3062, 36.922, 0.0, 26.51, 69.5535, 47.8904, 34.0196, 35.0562, 26.7124, 53.0396, 41.112, 44.5205, 65.1085, 8.5039, 30.2061, 48.2113, 44.1231, 24.8233, 22.3888, 40.041, 39.2506, 46.7913, 74.298, 64.2943, 18.2143, 31.3902, 34.7163, 6.1912, 10.5671, 14.0063, 76.3962, 18.4585, 45.343, 65.627, 59.0272, 62.0766, 68.2976, 29.5649, 29.3545, 52.1451, 51.1141, 45.4548, 41.4702, 40.2767, 55.7073, 58.9367, 7.3736, 46.3868, 10.3336, 66.1237, 61.3083, 2.8706, 46.3463, 34.3067, 27.3235, 41.8733, 40.9025], [87.0279, 53.2399, 85.4663, 86.8677, 108.1542, 48.2602, 50.301, 29.5218, 92.1423, 67.8068, 62.6699, 71.8107, 77.02, 82.0788, 71.0304, 49.552, 89.6689, 75.4798, 26.715, 34.8649, 41.3229, 30.5735, 36.6996, 40.9358, 46.074, 27.5559, 96.637, 48.8313, 25.5919, 84.1228, 41.5485, 57.6842, 42.1216, 58.8891, 31.845, 26.51, 0.0, 95.98, 71.0134, 10.999, 15.261, 1.228, 76.1816, 41.2153, 62.8003, 91.5275, 25.5506, 6.3722, 59.7305, 63.2315, 46.6573, 45.1773, 34.5885, 64.0744, 70.3787, 92.9499, 90.8043, 43.3912, 54.536, 32.2856, 31.5275, 30.124, 21.8415, 102.2643, 42.3427, 68.2552, 90.8001, 82.3042, 88.1192, 92.8437, 39.2395, 49.2988, 69.419, 57.5884, 69.583, 61.7073, 63.9017, 71.2314, 84.522, 21.4423, 55.0397, 19.8299, 92.4751, 86.4519, 28.1411, 53.904, 29.0886, 21.1912, 47.0937, 56.9138], [36.0426, 60.9355, 52.4307, 52.6166, 28.571, 61.5883, 51.0067, 86.707, 33.8602, 28.7872, 62.5983, 52.9934, 20.5402, 17.5137, 68.5943, 84.2668, 36.0716, 34.2181, 69.3963, 70.1015, 61.391, 71.8578, 90.8685, 70.1397, 76.5104, 90.7307, 21.3134, 70.689, 75.3611, 43.6759, 56.2316, 68.3645, 56.5298, 40.6086, 96.7074, 69.5535, 95.98, 0.0, 46.3915, 102.0842, 101.5877, 96.0801, 35.7101, 88.524, 55.1619, 4.4579, 71.5773, 98.9537, 79.7521, 61.0644, 58.7937, 57.9515, 94.3263, 35.8723, 36.1361, 57.3102, 8.2531, 55.3753, 52.1703, 88.9222, 64.5314, 67.6118, 79.2804, 26.2205, 58.0914, 47.8582, 31.7365, 44.6597, 22.0974, 37.3449, 78.6879, 55.8687, 67.01, 90.0563, 34.4741, 50.2149, 46.5036, 63.0641, 28.251, 75.7029, 84.4526, 77.1039, 4.2181, 32.0252, 67.846, 86.2714, 95.2915, 91.9424, 88.0519, 61.393], [17.629, 19.7239, 79.6309, 80.5516, 41.9813, 63.3335, 22.567, 50.0883, 23.1985, 28.0839, 16.8143, 7.0296, 29.0153, 29.3557, 84.4143, 85.669, 69.3311, 57.2924, 47.4644, 36.6751, 29.7366, 40.6043, 51.0968, 32.5248, 76.9952, 54.396, 33.2504, 28.7381, 45.525, 13.1175, 32.5237, 23.4514, 49.3561, 45.8882, 58.5077, 47.8904, 71.0134, 46.3915, 0.0, 80.5892, 82.4766, 71.6664, 59.3665, 84.8757, 67.6549, 43.5046, 54.8439, 76.2328, 34.049, 15.2563, 24.3576, 26.0002, 86.3003, 46.0012, 54.3928, 87.2978, 38.1685, 29.9424, 16.634, 80.5979, 46.7698, 53.4833, 49.5034, 36.4451, 29.4957, 2.8225, 22.7987, 11.2969, 26.2941, 22.807, 39.3201, 57.2462, 20.6732, 44.7999, 51.5344, 61.822, 7.7271, 80.0189, 19.9886, 50.0952, 39.5928, 58.2006, 45.6921, 18.9746, 48.1847, 41.6513, 58.0955, 58.1044, 45.0978, 69.5445], [96.0449, 63.4712, 85.8034, 87.1889, 116.2668, 49.08, 59.1316, 40.5003, 100.9963, 74.6925, 73.1561, 81.8402, 83.9985, 89.2582, 69.1004, 45.0178, 92.0234, 78.5966, 34.3342, 45.1079, 50.8726, 40.6749, 47.5149, 51.4895, 43.4257, 38.3878, 104.5413, 59.573, 35.7135, 93.6388, 49.8041, 68.3985, 46.2902, 63.2272, 42.2003, 34.0196, 10.999, 102.0842, 80.5892, 0.0, 5.2568, 9.9173, 79.0221, 35.851, 63.3855, 97.631, 30.507, 4.6811, 70.7165, 73.6436, 56.3447, 54.5952, 27.778, 68.4529, 73.6671, 92.7852, 97.525, 51.9206, 63.98, 27.1782, 37.9119, 34.584, 32.2405, 110.4139, 51.3762, 77.8814, 99.5141, 91.8797, 96.0749, 101.9219, 50.1875, 51.4811, 80.1064, 68.5092, 73.2796, 63.3245, 73.2642, 70.1533, 92.9292, 30.4977, 66.0325, 25.0552, 98.3727, 95.1788, 34.9543, 64.8789, 39.5572, 31.9821, 58.0258, 56.7592], [97.4311, 66.0369, 82.6879, 84.061, 116.9498, 46.4684, 60.5752, 44.6435, 102.2449, 74.7786, 75.9653, 84.1309, 84.0838, 89.4379, 65.2338, 40.4848, 89.7192, 76.7077, 35.4229, 47.812, 52.925, 43.2979, 51.9559, 54.4768, 39.5315, 42.8119, 105.1184, 62.7766, 38.4245, 95.4309, 50.9635, 71.53, 45.2635, 62.0466, 46.9742, 35.0562, 15.261, 101.5877, 82.4766, 5.2568, 0.0, 14.0675, 77.0037, 31.1673, 60.5099, 97.1514, 30.342, 9.0157, 74.479, 76.3634, 58.4599, 56.5102, 22.8023, 67.2435, 71.8913, 89.4483, 97.3971, 53.2315, 65.844, 22.7237, 38.2177, 34.0086, 35.2571, 111.1371, 53.0389, 79.8225, 100.6643, 93.7276, 96.7147, 103.3377, 53.8417, 49.4299, 83.1665, 72.7793, 71.6996, 60.8837, 75.0104, 66.5831, 93.8846, 32.5583, 70.0587, 25.3265, 97.7764, 96.3526, 35.5779, 69.0023, 44.2685, 36.4522, 62.2778, 53.648], [87.5796, 54.0322, 84.8846, 86.2854, 108.5579, 47.6783, 50.7955, 30.6591, 92.6663, 67.9994, 63.5331, 72.5616, 77.2338, 82.3259, 70.2274, 48.5268, 89.3019, 75.1877, 26.9374, 35.6479, 41.9496, 31.3143, 37.8884, 41.8115, 45.1778, 28.7444, 97.0033, 49.7722, 26.3295, 84.7685, 41.9268, 58.6171, 41.9001, 58.7241, 33.0702, 26.7124, 1.228, 96.0801, 71.6664, 9.9173, 14.0675, 0.0, 75.8584, 40.1267, 62.2206, 91.6251, 25.3555, 5.2522, 60.7998, 64.0745, 47.3191, 45.7807, 33.4191, 63.9216, 70.1014, 92.3242, 90.9887, 43.8215, 55.153, 31.1921, 31.5725, 29.8916, 22.6509, 102.6721, 42.8658, 68.9174, 91.299, 82.9612, 88.4902, 93.4084, 40.2755, 48.8627, 70.3446, 58.7492, 69.3532, 61.2324, 64.5085, 70.5034, 84.9657, 21.9139, 56.1585, 19.6195, 92.545, 86.9515, 28.2368, 55.0401, 30.3106, 22.3896, 48.2517, 56.2533], [59.4081, 63.4845, 20.4074, 21.239, 62.7299, 31.2197, 48.6021, 78.323, 60.3155, 31.2926, 70.3782, 66.1691, 33.5363, 37.2494, 32.8905, 50.8575, 13.8094, 2.095, 53.1379, 62.753, 55.7751, 62.1612, 85.103, 66.4598, 44.1931, 81.3806, 52.4791, 71.2354, 63.5065, 64.4227, 47.0273, 73.3623, 34.3484, 19.3277, 88.3717, 53.0396, 76.1816, 35.7101, 59.3665, 79.0221, 77.0037, 75.8584, 0.0, 56.8252, 20.5617, 32.6606, 50.789, 77.123, 84.6445, 69.2056, 56.5192, 54.146, 64.1611, 15.5533, 6.4282, 27.9324, 37.4983, 47.974, 54.1724, 59.474, 46.866, 46.1584, 66.3865, 58.8522, 51.6393, 59.0827, 57.8452, 64.3141, 47.9258, 63.5291, 74.6404, 27.5813, 77.6822, 92.6158, 8.6653, 17.0744, 54.6202, 27.3667, 50.9443, 60.3894, 86.8037, 56.4198, 31.6297, 55.5876, 50.396, 87.9229, 86.1046, 80.0448, 86.7346, 27.6795], [95.744, 74.05, 56.3514, 57.6174, 110.0469, 26.9357, 62.728, 64.354, 99.4461, 67.1389, 84.5254, 88.8659, 75.5719, 81.07, 36.0604, 9.5181, 67.219, 57.29, 41.5996, 59.1214, 59.7617, 55.0315, 72.7727, 66.3401, 12.6688, 64.3764, 98.1393, 74.938, 51.682, 96.3417, 53.1812, 82.4456, 36.2878, 48.4596, 70.4331, 41.112, 41.2153, 88.524, 84.8757, 35.851, 31.1673, 40.1267, 56.8252, 0.0, 36.8642, 84.4281, 32.6213, 37.347, 89.1864, 84.3402, 64.7872, 61.9866, 9.2072, 52.7706, 53.5489, 61.8953, 86.701, 55.8528, 69.7405, 8.9381, 39.3159, 32.1809, 50.7577, 104.73, 57.6747, 82.7648, 97.3592, 95.0861, 90.5855, 101.4945, 69.6393, 32.8398, 92.7716, 91.0344, 54.5252, 39.8005, 77.2153, 38.7063, 89.8227, 44.3931, 86.8021, 32.6768, 84.3458, 93.446, 39.3559, 86.4678, 67.5047, 59.0183, 81.0596, 29.4144], [72.4409, 65.6571, 22.666, 24.0674, 80.4516, 14.5424, 50.644, 72.1568, 74.5888, 41.9016, 74.5741, 73.68, 47.7292, 52.6009, 16.7625, 30.3502, 30.4181, 21.4644, 44.7928, 59.0262, 54.304, 56.9841, 79.9893, 64.5282, 24.2114, 74.3465, 69.2934, 71.2478, 56.6985, 75.7773, 45.0826, 75.691, 25.9069, 21.8388, 81.4422, 44.5205, 62.8003, 55.1619, 67.6549, 63.3855, 60.5099, 62.2206, 20.5617, 36.8642, 0.0, 51.6005, 39.3371, 62.3646, 85.8554, 73.7319, 56.9877, 54.1244, 44.8149, 23.1255, 19.0683, 30.3046, 55.4194, 47.0081, 57.5858, 40.6834, 38.6855, 35.0083, 58.5176, 75.9183, 50.4545, 66.5476, 72.1917, 75.1728, 63.2631, 77.4217, 71.5231, 15.1982, 82.6973, 91.8892, 21.0963, 5.9504, 61.2408, 12.6564, 64.7103, 51.6075, 86.3833, 44.2251, 50.9626, 69.1174, 41.6499, 87.0098, 78.8103, 71.5072, 84.1695, 7.4635], [34.5909, 57.2534, 50.3297, 50.6217, 30.4164, 57.5017, 46.8801, 82.5435, 33.0678, 24.4574, 59.4016, 50.2629, 16.5236, 14.2026, 65.5128, 80.3704, 34.5254, 31.0351, 64.9537, 65.9053, 57.2129, 67.5775, 86.8546, 66.1278, 72.5112, 86.5386, 21.6323, 66.9549, 71.0238, 41.9063, 51.8825, 64.9691, 52.1285, 36.3382, 92.5816, 65.1085, 91.5275, 4.4579, 43.5046, 97.631, 97.1514, 91.6251, 32.6606, 84.4281, 51.6005, 0.0, 67.124, 94.496, 76.4483, 57.8846, 54.7633, 53.8303, 90.1019, 31.6927, 32.5324, 55.7009, 6.5292, 51.0775, 48.3306, 84.6669, 60.0744, 63.1685, 74.9254, 27.2829, 53.8509, 44.7922, 30.7931, 42.7194, 20.6574, 36.5729, 74.711, 51.6976, 64.1769, 86.6179, 30.7001, 46.4926, 43.0766, 60.0048, 26.3667, 71.2846, 80.962, 72.6473, 2.2842, 30.4863, 63.392, 82.7356, 91.1214, 87.6536, 84.3037, 57.6397], [68.3179, 41.7763, 61.6991, 63.0937, 86.8019, 25.3415, 32.2857, 34.7564, 72.8419, 44.437, 52.2786, 57.8393, 53.7433, 59.0975, 50.7696, 36.9465, 64.4038, 50.01, 8.9887, 26.6018, 27.4542, 22.7167, 43.1328, 33.7708, 29.8762, 36.1179, 74.9117, 42.3306, 20.1198, 67.2921, 22.3232, 49.8635, 16.5759, 33.3714, 43.0558, 8.5039, 25.5506, 71.5773, 54.8439, 30.507, 30.342, 25.3555, 50.789, 32.6213, 39.3371, 67.124, 0.0, 27.5216, 56.7015, 52.2177, 32.7308, 30.1046, 31.9415, 38.5749, 44.8844, 69.586, 67.1159, 24.9076, 38.6743, 26.4705, 8.2472, 4.6348, 20.5057, 81.0303, 25.9338, 52.4249, 71.1075, 65.7675, 66.5669, 74.2377, 37.776, 24.6985, 60.4118, 59.3449, 44.0361, 37.2206, 47.1339, 49.6209, 64.0791, 13.3857, 54.7422, 5.7375, 67.8769, 66.859, 6.913, 54.6222, 40.2678, 32.4875, 49.8646, 34.7303], [91.8744, 58.9193, 84.9479, 86.3428, 112.4152, 47.8925, 54.9879, 35.8936, 96.8824, 71.239, 68.5446, 77.3504, 80.5252, 85.7186, 69.1777, 46.1773, 90.3458, 76.5861, 30.4883, 40.5411, 46.4975, 36.1371, 43.0305, 46.8572, 43.7048, 33.8901, 100.7562, 54.9081, 31.163, 89.307, 45.8254, 63.7391, 43.7472, 60.6962, 37.9585, 30.2061, 6.3722, 98.9537, 76.2328, 4.6811, 9.0157, 5.2522, 77.123, 37.347, 62.3646, 94.496, 27.5216, 0.0, 66.0481, 69.0498, 51.9368, 50.2639, 29.931, 65.9219, 71.5766, 92.1546, 94.161, 47.8592, 59.6516, 28.4571, 34.503, 31.832, 27.6249, 106.5462, 47.1556, 73.5081, 95.4464, 87.5287, 92.2658, 97.7342, 45.5088, 49.7491, 75.4531, 63.9548, 71.0269, 61.8758, 68.9688, 69.8627, 88.9614, 26.2003, 61.4053, 21.8784, 95.3159, 91.1043, 31.3759, 60.2758, 35.2561, 27.5047, 53.462, 56.0231], [50.1542, 21.1675, 103.3249, 104.4922, 74.6335, 76.2609, 36.1746, 30.6566, 55.4919, 56.1323, 17.275, 28.7228, 60.5838, 62.2986, 101.4978, 93.4588, 96.8779, 82.7745, 47.7322, 30.0999, 31.835, 34.171, 26.0639, 22.9835, 85.79, 33.84, 67.0689, 14.8444, 37.9372, 42.9692, 40.8791, 11.6546, 61.1814, 66.8295, 34.0238, 48.2113, 59.7305, 79.7521, 34.049, 70.7165, 74.479, 60.7998, 84.6445, 89.1864, 85.8554, 76.4483, 56.7015, 66.0481, 0.0, 18.8335, 28.922, 31.7396, 87.0138, 69.2835, 78.5859, 111.5545, 71.6636, 38.8499, 30.615, 82.1573, 51.3559, 58.1571, 39.9566, 69.515, 35.4682, 32.1147, 55.76, 41.0234, 60.3431, 53.933, 20.6697, 71.7752, 16.2926, 10.9333, 76.0153, 80.9096, 33.4135, 98.3953, 54.0097, 45.1884, 6.9509, 56.7828, 78.5126, 52.4753, 50.305, 9.1952, 35.1911, 39.9124, 15.6838, 84.8605], [32.0249, 10.5237, 88.8121, 89.8745, 56.6243, 66.5489, 23.3362, 38.3545, 37.5208, 39.0307, 1.5602, 10.8371, 42.3756, 43.6905, 90.165, 86.8078, 80.5608, 67.2209, 43.6421, 28.5651, 24.7726, 33.0658, 37.7073, 22.3624, 78.4561, 42.5169, 48.442, 15.7618, 37.9692, 25.5536, 31.5276, 8.4907, 51.5087, 52.9682, 45.5416, 44.1231, 63.2315, 61.0644, 15.2563, 73.6436, 76.3634, 64.0745, 69.2056, 84.3402, 73.7319, 57.8846, 52.2177, 69.0498, 18.8335, 0.0, 19.5573, 22.3658, 84.1206, 54.4465, 63.5376, 96.8455, 52.9271, 28.9298, 16.1722, 78.6881, 45.0245, 52.1599, 41.4331, 51.2822, 26.6926, 13.2886, 37.5109, 23.5285, 41.5355, 36.4144, 26.9314, 61.1274, 8.9904, 29.5438, 60.7953, 68.2625, 15.2971, 86.3813, 35.2442, 44.0613, 24.381, 54.1983, 59.9941, 33.9753, 45.3077, 26.478, 45.606, 47.2016, 30.446, 74.142], [40.8552, 9.3909, 74.6177, 75.816, 63.5937, 48.1283, 8.3286, 28.3434, 46.1956, 31.1535, 19.7608, 25.7242, 38.2642, 41.8705, 72.8401, 67.4502, 69.3506, 54.7551, 24.3537, 12.7433, 5.5544, 16.3224, 32.091