[4, 40]
[[0.0, 1.8131, 11.134, 11.6688, 16.6624, 4.2372, 3.7607, 6.4161, 8.1601, 2.5889, 3.3069, 18.658, 8.1591, 6.5799, 32.6952, 41.6786, 34.5494, 29.893, 33.1446, 36.8146, 38.8699, 39.768, 28.0058, 43.0673, 27.3026, 36.674, 21.8017, 35.3614, 20.6887, 30.3383, 43.6444, 32.641, 26.8183, 30.7575, 32.4382, 35.643, 30.0087, 29.7062, 31.5767, 29.5253], [1.8131, 0.0, 12.7084, 13.4801, 16.6297, 5.309, 4.2217, 5.6698, 8.6176, 2.7191, 3.7906, 20.2671, 9.389, 5.7174, 30.9212, 40.3284, 33.1186, 28.7472, 31.718, 35.3387, 37.5385, 38.4649, 26.5921, 41.4389, 25.8387, 35.176, 20.5465, 35.9786, 20.6592, 30.9982, 43.7451, 33.0357, 27.2066, 30.9591, 32.9491, 35.3953, 30.4445, 30.3177, 31.6468, 30.1998], [11.134, 12.7084, 0.0, 5.7658, 24.9067, 12.2603, 9.578, 12.8468, 8.5174, 10.7172, 13.1579, 16.3875, 13.0709, 17.3985, 41.4779, 46.1774, 39.9264, 33.42, 38.5458, 42.4747, 43.3151, 43.9659, 33.5571, 49.9367, 33.2721, 42.5228, 26.7079, 39.4654, 28.6175, 34.4572, 50.1436, 38.0689, 32.5879, 37.1983, 37.2699, 43.7943, 35.3578, 34.1369, 38.5667, 33.6106], [11.6688, 13.4801, 5.7658, 0.0, 21.4678, 10.6671, 11.9789, 15.8187, 12.8587, 12.5187, 12.2446, 10.6298, 9.6149, 16.579, 44.093, 50.7438, 44.1543, 38.1694, 42.7536, 46.618, 47.8804, 48.6115, 37.6605, 53.6233, 37.2147, 46.5948, 30.9337, 34.1019, 24.8333, 29.1557, 45.3352, 33.0546, 27.78, 32.5309, 32.1022, 39.7611, 30.3629, 28.9138, 34.0865, 28.3138], [16.6624, 16.6297, 24.9067, 21.4678, 0.0, 13.2128, 20.4201, 22.1718, 24.8066, 19.1129, 13.3702, 19.17, 11.9685, 11.571, 38.5728, 53.3693, 45.7736, 43.35, 44.4685, 47.4997, 50.797, 51.8931, 39.7015, 51.5377, 38.5988, 47.1307, 34.9683, 20.994, 4.0328, 16.5469, 27.1366, 17.1249, 11.4949, 14.5227, 17.5412, 19.1064, 14.7898, 15.6105, 15.0338, 15.9093], [4.2372, 5.309, 12.2603, 10.6671, 13.2128, 0.0, 7.7524, 10.6433, 11.8707, 6.7975, 1.9335, 15.3515, 4.0899, 5.9568, 35.4865, 45.6323, 38.3978, 34.0247, 36.9996, 40.5904, 42.8454, 43.7738, 31.8813, 46.4972, 31.104, 40.4109, 25.8512, 31.1751, 17.1644, 26.1389, 39.84, 28.5881, 22.7846, 26.8807, 28.3079, 32.3192, 25.9311, 25.527, 27.8413, 25.3214], [3.7607, 4.2217, 9.578, 11.9789, 20.4201, 7.7524, 0.0, 3.8868, 4.4493, 1.5151, 7.0661, 20.6414, 11.3063, 9.9239, 32.2587, 39.3998, 32.5205, 27.2248, 31.1128, 34.9071, 36.5563, 37.3829, 25.9777, 41.6855, 25.4288, 34.8373, 19.4437, 38.913, 24.4478, 33.8673, 47.398, 36.3194, 30.5053, 34.4975, 36.0601, 39.3734, 33.6716, 33.2705, 35.3349, 33.0452], [6.4161, 5.6698, 12.8468, 15.8187, 22.1718, 10.6433, 3.8868, 0.0, 5.2995, 3.9894, 9.4013, 24.4527, 14.5538, 10.8032, 28.6558, 35.5936, 28.6567, 23.569, 27.2486, 31.0299, 32.7586, 33.609, 22.1094, 37.8142, 21.5454, 30.9547, 15.6393, 41.6292, 26.1848, 36.6351, 49.3084, 38.7024, 32.8737, 36.5807, 38.6168, 40.6884, 36.114, 35.9683, 37.2055, 35.8314], [8.1601, 8.6176, 8.5174, 12.8587, 24.8066, 11.8707, 4.4493, 5.2995, 0.0, 5.9049, 11.4366, 22.7967, 14.9816, 14.3349, 33.2708, 37.9231, 31.4917, 25.3108, 30.1027, 34.015, 35.0584, 35.769, 25.0778, 41.4193, 24.7639, 34.0446, 18.2533, 42.7901, 28.8258, 37.7228, 51.6888, 40.4229, 34.6357, 38.7459, 40.0603, 43.8026, 37.75, 37.1826, 39.6552, 36.8894], [2.5889, 2.7191, 10.7172, 12.5187, 19.1129, 6.7975, 1.5151, 3.9894, 5.9049, 0.0, 5.8437, 20.5629, 10.6021, 8.4337, 31.5769, 39.5302, 32.5185, 27.5581, 31.1106, 34.8486, 36.7028, 37.5678, 25.9663, 41.3934, 25.3408, 34.7449, 19.59, 37.9481, 23.1452, 32.9222, 46.16, 35.2207, 29.3961, 33.2997, 35.0266, 37.9987, 32.5923, 32.2936, 34.0787, 32.1079], [3.3069, 3.7906, 13.1579, 12.2446, 13.3702, 1.9335, 7.0661, 9.4013, 11.4366, 5.8437, 0.0, 17.2769, 5.8901, 4.3774, 33.5555, 43.949, 36.6635, 32.5007, 35.2696, 38.8231, 41.1775, 42.1259, 30.1666, 44.6286, 29.3561, 38.6289, 24.2582, 32.2292, 17.392, 27.2341, 40.3384, 29.3937, 23.5662, 27.4597, 29.2426, 32.3914, 26.7767, 26.5685, 28.2698, 26.4315], [18.658, 20.2671, 16.3875, 10.6298, 19.17, 15.3515, 20.6414, 24.4527, 22.7967, 20.5629, 17.2769, 0.0, 11.6044, 20.5179, 50.8257, 60.0381, 53.0812, 47.8, 51.6732, 55.4049, 57.1967, 58.0231, 46.5289, 61.7057, 45.893, 55.2888, 40.0805, 25.1011, 21.1378, 20.5243, 37.7053, 25.2028, 20.8607, 25.7342, 23.8049, 34.3054, 22.6948, 20.5655, 27.7334, 19.7354], [8.1591, 9.389, 13.0709, 9.6149, 11.9685, 4.0899, 11.3063, 14.5538, 14.9816, 10.6021, 5.8901, 11.6044, 0.0, 8.9397, 39.2812, 49.7172, 42.4877, 38.0467, 41.0896, 44.6767, 46.927, 47.8497, 35.9708, 50.5139, 35.1929, 44.4935, 29.9118, 27.8143, 15.5653, 22.7447, 37.372, 25.654, 19.9591, 24.3717, 25.1567, 30.7246, 22.9525, 22.223, 25.6032, 21.9098], [6.5799, 5.7174, 17.3985, 16.579, 11.571, 5.9568, 9.9239, 10.8032, 14.3349, 8.4337, 4.3774, 20.5179, 8.9397, 0.0, 30.6136, 42.8043, 35.3228, 32.1084, 33.9622, 37.2931, 40.12, 41.1502, 28.9885, 42.4159, 28.018, 37.0184, 23.7204, 31.9546, 15.5194, 27.1446, 38.641, 28.5272, 22.7545, 26.0906, 28.7002, 29.8876, 26.0534, 26.3483, 26.5517, 26.3969], [32.6952, 30.9212, 41.4779, 44.093, 38.5728, 35.4865, 32.2587, 28.6558, 33.2708, 31.5769, 33.5555, 50.8257, 39.2812, 30.6136, 0.0, 20.7947, 14.8738, 20.4688, 14.5546, 14.482, 19.5928, 20.8356, 14.3928, 13.8086, 13.272, 13.7339, 18.6154, 58.9909, 41.0968, 54.9708, 60.3716, 54.3652, 49.4717, 50.7923, 55.3673, 49.3253, 52.5588, 53.9729, 50.0149, 54.3927], [41.6786, 40.3284, 46.1774, 50.7438, 53.3693, 45.6323, 39.3998, 35.5936, 37.9231, 39.5302, 43.949, 60.0381, 49.7172, 42.8043, 20.7947, 0.0, 7.6207, 12.8731, 8.9009, 6.5166, 2.8649, 2.4271, 13.8261, 11.4946, 14.805, 7.1789, 19.9577, 74.3556, 56.7192, 69.7486, 78.2585, 70.3441, 64.8549, 67.2263, 70.9049, 67.6031, 68.1344, 68.8797, 66.9471, 69.0402], [34.5494, 33.1186, 39.9264, 44.1543, 45.7736, 38.3978, 32.5205, 28.6567, 31.4917, 32.5185, 36.6635, 53.0812, 42.4877, 35.3228, 14.8738, 7.6207, 0.0, 8.3955, 1.4082, 2.6732, 5.3256, 6.5701, 6.5523, 11.4624, 7.3215, 3.032, 13.2406, 66.7648, 49.1036, 62.1828, 70.674, 62.7296, 57.2536, 59.6057, 63.3038, 60.0637, 60.5296, 61.3053, 59.3311, 61.4812], [29.893, 28.7472, 33.42, 38.1694, 43.35, 34.0247, 27.2248, 23.569, 25.3108, 27.5581, 32.5007, 47.8, 38.0467, 32.1084, 20.4688, 12.8731, 8.3955, 0.0, 7.4939, 10.979, 10.0524, 10.5785, 6.268, 19.8541, 7.6273, 11.4244, 8.3924, 64.0607, 47.0254, 59.2423, 69.5618, 60.4733, 54.7753, 57.7081, 60.7705, 59.4804, 58.0815, 58.4558, 57.7689, 58.4849], [33.1446, 31.718, 38.5458, 42.7536, 44.4685, 36.9996, 31.1128, 27.2486, 30.1027, 31.1106, 35.2696, 51.6732, 41.0896, 33.9622, 14.5546, 8.9009, 1.4082, 7.4939, 0.0, 3.9615, 6.4387, 7.6383, 5.1445, 12.5119, 5.9464, 4.1694, 11.8495, 65.4555, 47.8256, 60.8567, 69.4919, 61.4488, 55.9541, 58.3497, 62.004, 58.9247, 59.2341, 59.9843, 58.102, 60.1514], [36.8146, 35.3387, 42.4747, 46.618, 47.4997, 40.5904, 34.9071, 31.0299, 34.015, 34.8486, 38.8231, 55.4049, 44.6767, 37.2931, 14.482, 6.5166, 2.6732, 10.979, 3.9615, 0.0, 5.146, 6.3666, 8.9577, 8.904, 9.5138, 0.7834, 15.7674, 68.4895, 50.7286, 63.9767, 71.9706, 64.3516, 58.9478, 61.1444, 64.9943, 61.244, 62.2063, 63.0793, 60.7826, 63.2904], [38.8699, 37.5385, 43.3151, 47.8804, 50.797, 42.8454, 36.5563, 32.7586, 35.0584, 36.7028, 41.1775, 57.1967, 46.927, 40.12, 19.5928, 2.8649, 5.3256, 10.0524, 6.4387, 5.146, 0.0, 1.2673, 11.1359, 12.3244, 12.1985, 5.9211, 17.1195, 71.7675, 54.2008, 67.1254, 75.9304, 67.817, 62.29, 64.7505, 68.338, 65.3571, 65.5771, 66.2678, 64.525, 66.4093], [39.768, 38.4649, 43.9659, 48.6115, 51.8931, 43.7738, 37.3829, 33.609, 35.769, 37.5678, 42.1259, 58.0231, 47.8497, 41.1502, 20.8356, 2.4271, 6.5701, 10.5785, 7.6383, 6.3666, 1.2673, 0.0, 12.198, 13.0747, 13.3099, 7.1337, 17.9788, 72.8519, 55.3217, 68.1904, 77.1146, 68.932, 63.3877, 65.8875, 69.4339, 66.5625, 66.6782, 67.3397, 65.6817, 67.4697], [28.0058, 26.5921, 33.5571, 37.6605, 39.7015, 31.8813, 25.9777, 22.1094, 25.0778, 25.9663, 30.1666, 46.5289, 35.9708, 28.9885, 14.3928, 13.8261, 6.5523, 6.268, 5.1445, 8.9577, 11.1359, 12.198, 0.0, 16.729, 1.4252, 8.967, 6.8717, 60.6544, 43.1597, 55.9952, 65.1681, 56.758, 51.1964, 53.7565, 57.241, 54.7803, 54.4891, 55.1423, 53.6118, 55.2768], [43.0673, 41.4389, 49.9367, 53.6233, 51.5377, 46.4972, 41.6855, 37.8142, 41.4193, 41.3934, 44.6286, 61.7057, 50.5139, 42.4159, 13.8086, 11.4946, 11.4624, 19.8541, 12.5119, 8.904, 12.3244, 13.0747, 16.729, 0.0, 16.7495, 8.4308, 23.5235, 72.2774, 54.3465, 68.0666, 74.151, 67.7918, 62.7131, 64.3119, 68.684, 63.1232, 65.8717, 67.1018, 63.6364, 67.4448], [27.3026, 25.8387, 33.2721, 37.2147, 38.5988, 31.104, 25.4288, 21.5454, 24.7639, 25.3408, 29.3561, 45.893, 35.1929, 28.018, 13.272, 14.805, 7.3215, 7.6273, 5.9464, 9.5138, 12.1985, 13.3099, 1.4252, 16.7495, 0.0, 9.4098, 6.8063, 59.5728, 42.0119, 54.9471, 63.9142, 55.6235, 50.0915, 52.5827, 56.1397, 53.4836, 53.3787, 54.0826, 52.4029, 54.2367], [36.674, 35.176, 42.5228, 46.5948, 47.1307, 40.4109, 34.8373, 30.9547, 34.0446, 34.7449, 38.6289, 55.2888, 44.4935, 37.0184, 13.7339, 7.1789, 3.032, 11.4244, 4.1694, 0.7834, 5.9211, 7.1337, 8.967, 8.4308, 9.4098, 0.0, 15.8225, 68.1138, 50.3255, 63.6256, 71.4693, 63.9436, 58.5643, 60.712, 64.6081, 60.7159, 61.8162, 62.7215, 60.3251, 62.9448], [21.8017, 20.5465, 26.7079, 30.9337, 34.9683, 25.8512, 19.4437, 15.6393, 18.2533, 19.59, 24.2582, 40.0805, 29.9118, 23.7204, 18.6154, 19.9577, 13.2406, 8.3924, 11.8495, 15.7674, 17.1195, 17.9788, 6.8717, 23.5235, 6.8063, 15.8225, 0.0, 55.6702, 38.6673, 50.86, 61.3121, 52.089, 46.3847, 49.3544, 52.3782, 51.3844, 49.6908, 50.0687, 49.4597, 50.1057], [35.3614, 35.9786, 39.4654, 34.1019, 20.994, 31.1751, 38.913, 41.6292, 42.7901, 37.9481, 32.2292, 25.1011, 27.8143, 31.9546, 58.9909, 74.3556, 66.7648, 64.0607, 65.4555, 68.4895, 71.7675, 72.8519, 60.6544, 72.2774, 59.5728, 68.1138, 55.6702, 0.0, 17.9311, 5.0724, 14.0053, 5.2097, 9.573, 9.1713, 3.6468, 17.0738, 6.4369, 5.661, 11.0923, 5.9135], [20.6887, 20.6592, 28.6175, 24.8333, 4.0328, 17.1644, 24.4478, 26.1848, 28.8258, 23.1452, 17.392, 21.1378, 15.5653, 15.5194, 41.0968, 56.7192, 49.1036, 47.0254, 47.8256, 50.7286, 54.2008, 55.3217, 43.1597, 54.3465, 42.0119, 50.3255, 38.6673, 17.9311, 0.0, 13.9516, 23.1322, 13.6271, 8.3775, 10.6886, 14.3449, 15.2095, 11.5347, 12.9217, 11.0345, 13.445], [30.3383, 30.9982, 34.4572, 29.1557, 16.5469, 26.1389, 33.8673, 36.6351, 37.7228, 32.9222, 27.2341, 20.5243, 22.7447, 27.1446, 54.9708, 69.7486, 62.1828, 59.2423, 60.8567, 63.9767, 67.1254, 68.1904, 55.9952, 68.0666, 54.9471, 63.6256, 50.86, 5.0724, 13.9516, 0.0, 17.4154, 5.3163, 5.8032, 8.0111, 3.4166, 17.3312, 3.9741, 1.0864, 10.39, 0.8472], [43.6444, 43.7451, 50.1436, 45.3352, 27.1366, 39.84, 47.398, 49.3084, 51.6888, 46.16, 40.3384, 37.7053, 37.372, 38.641, 60.3716, 78.2585, 70.674, 69.5618, 69.4919, 71.9706, 75.9304, 77.1146, 65.1681, 74.151, 63.9142, 71.4693, 61.3121, 14.0053, 23.1322, 17.4154, 0.0, 12.5054, 17.5709, 13.0032, 14.0132, 11.1484, 15.0874, 17.1952, 12.1028, 18.126], [32.641, 33.0357, 38.0689, 33.0546, 17.1249, 28.5881, 36.3194, 38.7024, 40.4229, 35.2207, 29.3937, 25.2028, 25.654, 28.5272, 54.3652, 70.3441, 62.7296, 60.4733, 61.4488, 64.3516, 67.817, 68.932, 56.758, 67.7918, 55.6235, 63.9436, 52.089, 5.2097, 13.6271, 5.3163, 12.5054, 0.0, 5.8295, 3.9666, 2.1724, 12.4054, 2.7136, 4.8229, 5.945, 5.869], [26.8183, 27.2066, 32.5879, 27.78, 11.4949, 22.7846, 30.5053, 32.8737, 34.6357, 29.3961, 23.5662, 20.8607, 19.9591, 22.7545, 49.4717, 64.8549, 57.2536, 54.7753, 55.9541, 58.9478, 62.29, 63.3877, 51.1964, 62.7131, 50.0915, 58.5643, 46.3847, 9.573, 8.3775, 5.8032, 17.5709, 5.8295, 0.0, 4.8865, 6.0502, 13.8087, 3.3062, 4.7228, 6.9212, 5.489], [30.7575, 30.9591, 37.1983, 32.5309, 14.5227, 26.8807, 34.4975, 36.5807, 38.7459, 33.2997, 27.4597, 25.7342, 24.3717, 26.0906, 50.7923, 67.2263, 59.6057, 57.7081, 58.3497, 61.1444, 64.7505, 65.8875, 53.7565, 64.3119, 52.5827, 60.712, 49.3544, 9.1713, 10.6886, 8.0111, 13.0032, 3.9666, 4.8865, 0.0, 5.8223, 9.4387, 4.0557, 7.1116, 2.3944, 8.223], [32.4382, 32.9491, 37.2699, 32.1022, 17.5412, 28.3079, 36.0601, 38.6168, 40.0603, 35.0266, 29.2426, 23.8049, 25.1567, 28.7002, 55.3673, 70.9049, 63.3038, 60.7705, 62.004, 64.9943, 68.338, 69.4339, 57.241, 68.684, 56.1397, 64.6081, 52.3782, 3.6468, 14.3449, 3.4166, 14.0132, 2.1724, 6.0502, 5.8223, 0.0, 14.5741, 2.8125, 3.2465, 7.9926, 4.1139], [35.643, 35.3953, 43.7943, 39.7611, 19.1064, 32.3192, 39.3734, 40.6884, 43.8026, 37.9987, 32.3914, 34.3054, 30.7246, 29.8876, 49.3253, 67.6031, 60.0637, 59.4804, 58.9247, 61.244, 65.3571, 66.5625, 54.7803, 63.1232, 53.4836, 60.7159, 51.3844, 17.0738, 15.2095, 17.3312, 11.1484, 12.4054, 13.8087, 9.4387, 14.5741, 0.0, 13.4552, 16.5026, 7.0618, 17.6229], [30.0087, 30.4445, 35.3578, 30.3629, 14.7898, 25.9311, 33.6716, 36.114, 37.75, 32.5923, 26.7767, 22.6948, 22.9525, 26.0534, 52.5588, 68.1344, 60.5296, 58.0815, 59.2341, 62.2063, 65.5771, 66.6782, 54.4891, 65.8717, 53.3787, 61.8162, 49.6908, 6.4369, 11.5347, 3.9741, 15.0874, 2.7136, 3.3062, 4.0557, 2.8125, 13.4552, 0.0, 3.0567, 6.4472, 4.1718], [29.7062, 30.3177, 34.1369, 28.9138, 15.6105, 25.527, 33.2705, 35.9683, 37.1826, 32.2936, 26.5685, 20.5655, 22.223, 26.3483, 53.9729, 68.8797, 61.3053, 58.4558, 59.9843, 63.0793, 66.2678, 67.3397, 55.1423, 67.1018, 54.0826, 62.7215, 50.0687, 5.661, 12.9217, 1.0864, 17.1952, 4.8229, 4.7228, 7.1116, 3.2465, 16.5026, 3.0567, 0.0, 9.5038, 1.1223], [31.5767, 31.6468, 38.5667, 34.0865, 15.0338, 27.8413, 35.3349, 37.2055, 39.6552, 34.0787, 28.2698, 27.7334, 25.6032, 26.5517, 50.0149, 66.9471, 59.3311, 57.7689, 58.102, 60.7826, 64.525, 65.6817, 53.6118, 63.6364, 52.4029, 60.3251, 49.4597, 11.0923, 11.0345, 10.39, 12.1028, 5.945, 6.9212, 2.3944, 7.9926, 7.0618, 6.4472, 9.5038, 0.0, 10.6167], [29.5253, 30.1998, 33.6106, 28.3138, 15.9093, 25.3214, 33.0452, 35.8314, 36.8894, 32.1079, 26.4315, 19.7354, 21.9098, 26.3969, 54.3927, 69.0402, 61.4812, 58.4849, 60.1514, 63.2904, 66.4093, 67.4697, 55.2768, 67.4448, 54.2367, 62.9448, 50.1057, 5.9135, 13.445, 0.8472, 18.126, 5.869, 5.489, 8.223, 4.1139, 17.6229, 4.1718, 1.1223, 10.6167, 0.0]]
[[0.0, 5.9881, 9.0886, 5.6149, 5.3565, 7.6067, 12.9687, 5.3911, 8.9986, 11.0193, 7.8998, 11.9696, 2.2195, 12.8192, 16.5159, 35.2451, 34.2647, 34.7598, 29.6687, 37.035, 30.5865, 30.3013, 34.3175, 35.6561, 35.8339, 27.0039, 32.3069, 28.3882, 17.6602, 32.8973, 24.9, 34.4093, 30.6314, 24.6842, 27.1684, 17.4921, 27.1792, 26.1338, 24.723, 20.5474], [5.9881, 0.0, 15.062, 11.4843, 10.9118, 13.5894, 18.9568, 11.2497, 5.987, 16.9304, 13.8574, 17.9391, 7.8998, 18.7822, 22.2174, 40.9678, 39.8277, 40.3547, 34.8714, 42.6625, 36.5159, 36.2184, 40.0159, 41.2197, 41.1822, 32.9815, 37.95, 27.014, 16.38, 31.5737, 25.4421, 34.1369, 29.7078, 24.1099, 25.2576, 16.4591, 24.7101, 25.921, 23.852, 20.9907], [9.0886, 15.062, 0.0, 3.7444, 4.9247, 1.5081, 3.9954, 3.983, 16.6207, 2.2171, 1.2444, 2.8816, 7.5475, 3.7371, 9.2396, 27.1685, 26.6511, 27.0503, 23.1432, 29.2021, 21.877, 21.6418, 26.3232, 28.0164, 28.7509, 17.9195, 24.5047, 31.8396, 22.0835, 36.0087, 25.9749, 35.9584, 33.3259, 27.366, 31.3977, 21.651, 32.1032, 28.1797, 27.7997, 22.3049], [5.6149, 11.4843, 3.7444, 0.0, 1.4916, 2.492, 7.7398, 0.2404, 12.9039, 5.4476, 2.5004, 6.5419, 4.5935, 7.3562, 12.509, 30.8089, 30.174, 30.6, 26.3148, 32.7881, 25.6177, 25.3782, 29.9431, 31.5498, 32.1271, 21.5604, 28.0724, 29.2079, 19.0506, 33.5179, 24.0888, 34.0051, 30.9527, 24.9364, 28.5253, 18.6836, 29.0384, 25.9757, 25.2467, 20.1092], [5.3565, 10.9118, 4.9247, 1.4916, 0.0, 3.8697, 8.8665, 1.3549, 11.7351, 6.2815, 3.724, 7.5484, 4.9466, 8.3077, 13.9236, 32.0899, 31.5253, 31.9384, 27.7624, 34.1069, 26.7471, 26.5259, 31.2395, 32.8965, 33.532, 22.4181, 29.4008, 27.7196, 17.5655, 32.0362, 22.6867, 32.5816, 29.4808, 23.4624, 27.0347, 17.1946, 27.5588, 24.5246, 23.7634, 18.6661], [7.6067, 13.5894, 1.5081, 2.492, 3.8697, 0.0, 5.3889, 2.7149, 15.3761, 3.6535, 0.6653, 4.3794, 6.0398, 5.2398, 10.0541, 28.3209, 27.6851, 28.109, 23.9051, 30.296, 23.2015, 22.9502, 27.4526, 29.0601, 29.6636, 19.3976, 25.5805, 31.3471, 21.3625, 35.5917, 25.8312, 35.7988, 32.9649, 26.97, 30.7765, 20.9662, 31.3729, 27.8936, 27.3428, 22.011], [12.9687, 18.9568, 3.9954, 7.7398, 8.8665, 5.3889, 0.0, 7.9784, 20.5949, 3.0521, 5.2397, 1.5385, 11.2416, 1.4035, 6.3834, 23.3295, 22.9826, 23.3422, 19.9993, 25.4372, 17.8892, 17.6614, 22.5157, 24.3285, 25.2794, 14.0847, 20.7786, 34.8535, 25.5142, 38.8681, 28.3732, 38.3133, 36.0938, 30.2354, 34.6296, 25.0327, 35.5021, 30.8387, 30.7741, 25.0348], [5.3911, 11.2497, 3.983, 0.2404, 1.3549, 2.7149, 7.9784, 0.0, 12.672, 5.6838, 2.7387, 6.7823, 4.4217, 7.5962, 12.7137, 31.035, 30.3906, 30.8187, 26.5069, 33.0095, 25.8548, 25.6145, 30.1675, 31.7671, 32.3326, 21.7998, 28.2926, 29.0712, 18.8855, 33.3908, 24.0108, 33.9176, 30.8353, 24.8171, 28.3698, 18.5242, 28.8671, 25.873, 25.1177, 20.0109], [8.9986, 5.987, 16.6207, 12.9039, 11.7351, 15.3761, 20.5949, 12.672, 0.0, 17.9599, 15.3867, 19.2787, 11.2093, 20.0191, 25.1414, 43.6811, 42.9217, 43.3792, 38.585, 45.605, 38.4812, 38.2563, 42.7982, 44.307, 44.6625, 33.9642, 40.8775, 21.0271, 10.4314, 25.5867, 19.8942, 28.2566, 23.7413, 18.2204, 19.2986, 10.5557, 18.8609, 20.1037, 17.9107, 15.4957], [11.0193, 16.9304, 2.2171, 5.4476, 6.2815, 3.6535, 3.0521, 5.6838, 17.9599, 0.0, 3.1789, 1.5154, 9.6429, 2.0844, 9.278, 26.2768, 26.0074, 26.355, 23.0248, 28.4258, 20.6006, 20.409, 25.4846, 27.3471, 28.3304, 16.1499, 23.7875, 31.8164, 22.475, 35.8551, 25.4603, 35.4239, 33.0968, 27.2164, 31.5778, 21.9881, 32.456, 27.8612, 27.7403, 22.0363], [7.8998, 13.8574, 1.2444, 2.5004, 3.724, 0.6653, 5.2397, 2.7387, 15.3867, 3.1789, 0.0, 4.0858, 6.4641, 4.9248, 10.2791, 28.3699, 27.8078, 28.2172, 24.1672, 30.3831, 23.1188, 22.8816, 27.5167, 29.1773, 29.8535, 19.13, 25.6779, 30.9548, 21.0627, 35.1723, 25.3208, 35.2956, 32.5252, 26.5409, 30.4359, 20.6498, 31.0806, 27.4275, 26.936, 21.5451], [11.9696, 17.9391, 2.8816, 6.5419, 7.5484, 4.3794, 1.5385, 6.7823, 19.2787, 1.5154, 4.0858, 0.0, 10.3999, 0.868, 7.8433, 24.7975, 24.4986, 24.8504, 21.5296, 26.9304, 19.2183, 19.0112, 23.9966, 25.8405, 26.8151, 15.0446, 22.2842, 33.3179, 23.9876, 37.341, 26.8861, 36.8374, 34.5728, 28.7059, 33.0915, 23.5024, 33.9707, 29.3252, 29.2395, 23.5127], [2.2195, 7.8998, 7.5475, 4.5935, 4.9466, 6.0398, 11.2416, 4.4217, 11.2093, 9.6429, 6.4641, 10.3999, 0.0, 11.2657, 14.3815, 33.1297, 32.0975, 32.6009, 27.4528, 34.8861, 28.6226, 28.3213, 32.192, 33.4895, 33.6308, 25.3262, 30.1613, 30.2289, 19.5708, 34.7062, 26.3018, 35.9642, 32.3636, 26.3766, 29.1167, 19.3593, 29.218, 27.7266, 26.4818, 22.0295], [12.8192, 18.7822, 3.7371, 7.3562, 8.3077, 5.2398, 1.4035, 7.5962, 20.0191, 2.0844, 4.9248, 0.868, 11.2657, 0.0, 7.7552, 24.2208, 24.0112, 24.3437, 21.2512, 26.3921, 18.5177, 18.3248, 23.4395, 25.3419, 26.4075, 14.2097, 21.7732, 33.6511, 24.4695, 37.6238, 27.054, 36.9798, 34.8319, 29.0023, 33.4935, 23.9685, 34.4277, 29.5604, 29.5663, 23.7793], [16.5159, 22.2174, 9.2396, 12.509, 13.9236, 10.0541, 6.3834, 12.7137, 25.1414, 9.278, 10.2791, 7.8433, 14.3815, 7.7552, 0.0, 18.7529, 17.7859, 18.2601, 13.9036, 20.5219, 14.8289, 14.4458, 17.8107, 19.1738, 19.619, 13.7965, 15.7923, 41.0007, 31.321, 45.0972, 34.728, 44.6807, 42.3585, 36.4523, 40.6259, 30.8906, 41.341, 37.1356, 36.9398, 31.3002], [35.2451, 40.9678, 27.1685, 30.8089, 32.0899, 28.3209, 23.3295, 31.035, 43.6811, 26.2768, 28.3699, 24.7975, 33.1297, 24.2208, 18.7529, 0.0, 3.1872, 2.5343, 9.6201, 2.6094, 7.2548, 7.057, 1.0675, 3.0684, 6.4113, 14.4866, 3.3543, 57.2081, 48.6169, 60.8367, 49.6671, 59.1056, 57.9239, 52.4137, 57.3732, 48.086, 58.4925, 52.5846, 53.1332, 47.1194], [34.2647, 39.8277, 26.6511, 30.174, 31.5253, 27.6851, 22.9826, 30.3906, 42.9217, 26.0074, 27.8078, 24.4986, 32.0975, 24.0112, 17.7859, 3.1872, 0.0, 0.7472, 6.762, 3.0341, 9.0724, 8.7172, 2.4725, 1.3924, 3.603, 16.0739, 2.3549, 57.447, 48.4778, 61.2187, 50.1924, 59.8021, 58.3401, 52.6997, 57.45, 47.9798, 58.437, 53.0045, 53.3588, 47.4124], [34.7598, 40.3547, 27.0503, 30.6, 31.9384, 28.109, 23.3422, 30.8187, 43.3792, 26.355, 28.2172, 24.8504, 32.6009, 24.3437, 18.2601, 2.5343, 0.7472, 0.0, 7.5054, 2.3702, 8.8713, 8.5516, 1.98, 1.0354, 3.9856, 15.9703, 2.5724, 57.7038, 48.813, 61.4447, 50.3829, 59.9559, 58.5577, 52.9448, 57.7421, 48.3079, 58.7576, 53.2198, 53.6174, 47.6541], [29.6687, 34.8714, 23.1432, 26.3148, 27.7624, 23.9051, 19.9993, 26.5069, 38.585, 23.0248, 24.1672, 21.5296, 27.4528, 21.2512, 13.9036, 9.6201, 6.762, 7.5054, 0.0, 9.6952, 12.3754, 11.85, 8.6156, 7.8702, 6.4996, 17.7837, 6.5813, 54.8388, 45.2226, 58.8664, 48.2494, 58.1156, 56.0827, 50.2347, 54.5206, 44.7942, 55.2424, 50.8094, 50.7647, 45.0276], [37.035, 42.6625, 29.2021, 32.7881, 34.1069, 30.296, 25.4372, 33.0095, 45.605, 28.4258, 30.3831, 26.9304, 34.8861, 26.3921, 20.5219, 2.6094, 3.0341, 2.3702, 9.6952, 0.0, 9.8618, 9.6524, 3.0265, 1.8332, 4.7883, 17.0924, 4.7308, 59.5812, 50.8441, 63.2567, 52.1248, 61.6096, 60.3533, 54.8007, 59.6892, 50.3265, 60.758, 55.0133, 55.5004, 49.5063], [30.5865, 36.5159, 21.877, 25.6177, 26.7471, 23.2015, 17.8892, 25.8548, 38.4812, 20.6006, 23.1188, 19.2183, 28.6226, 18.5177, 14.8289, 7.2548, 9.0724, 8.8713, 12.3754, 9.8618, 0.0, 0.5472, 7.0468, 9.8208, 12.6507, 7.2322, 7.0385, 50.5685, 42.442, 54.0555, 42.7943, 52.0905, 51.12, 45.7437, 50.9011, 41.8728, 52.1665, 45.7913, 46.5202, 40.4632], [30.3013, 36.2184, 21.6418, 25.3782, 26.5259, 22.9502, 17.6614, 25.6145, 38.2563, 20.409, 22.8816, 19.0112, 28.3213, 18.3248, 14.4458, 7.057, 8.7172, 8.5516, 11.85, 9.6524, 0.5472, 0.0, 6.7759, 9.5203, 12.2765, 7.4576, 6.6267, 50.5509, 42.3417, 54.0685, 42.8269, 52.1644, 51.1377, 45.731, 50.8522, 41.7781, 52.0933, 45.8054, 46.4963, 40.446], [34.3175, 40.0159, 26.3232, 29.9431, 31.2395, 27.4526, 22.5157, 30.1675, 42.7982, 25.4846, 27.5167, 23.9966, 32.192, 23.4395, 17.8107, 1.0675, 2.4725, 1.98, 8.6156, 3.0265, 7.0468, 6.7759, 0.0, 2.809, 5.9649, 14.2325, 2.2875, 56.5621, 47.8713, 60.2311, 49.0988, 58.5914, 57.3272, 51.779, 56.6846, 47.3482, 57.7707, 51.9871, 52.4824, 46.4844], [35.6561, 41.2197, 28.0164, 31.5498, 32.8965, 29.0601, 24.3285, 31.7671, 44.307, 27.3471, 29.1773, 25.8405, 33.4895, 25.3419, 19.1738, 3.0684, 1.3924, 1.0354, 7.8702, 1.8332, 9.8208, 9.5203, 2.809, 0.0, 3.3664, 16.9573, 3.5871, 58.7268, 49.8112, 62.4736, 51.4162, 60.9911, 59.5879, 53.9702, 58.7557, 49.3089, 59.7617, 54.2503, 54.6399, 48.6801], [35.8339, 41.1822, 28.7509, 32.1271, 33.532, 29.6636, 25.2794, 32.3326, 44.6625, 28.3304, 29.8535, 26.8151, 33.6308, 26.4075, 19.619, 6.4113, 3.603, 3.9856, 6.4996, 4.7883, 12.6507, 12.2765, 5.9649, 3.3664, 0.0, 19.5548, 5.7062, 60.0239, 50.7714, 63.897, 52.9962, 62.7045, 61.0488, 55.3234, 59.8984, 50.3029, 60.7737, 55.7269, 55.9347, 50.0555], [27.0039, 32.9815, 17.9195, 21.5604, 22.4181, 19.3976, 14.0847, 21.7998, 33.9642, 16.1499, 19.13, 15.0446, 25.3262, 14.2097, 13.7965, 14.4866, 16.0739, 15.9703, 17.7837, 17.0924, 7.2322, 7.4576, 14.2325, 16.9573, 19.5548, 0.0, 13.8486, 44.0906, 36.6128, 47.3897, 36.0489, 45.1398, 44.4344, 39.2493, 44.6311, 35.9999, 46.0709, 39.1376, 40.0949, 34.0178], [32.3069, 37.95, 24.5047, 28.0724, 29.4008, 25.5805, 20.7786, 28.2926, 40.8775, 23.7875, 25.6779, 22.2842, 30.1613, 21.7732, 15.7923, 3.3543, 2.3549, 2.5724, 6.5813, 4.7308, 7.0385, 6.6267, 2.2875, 3.5871, 5.7062, 13.8486, 0.0, 55.1402, 46.2422, 58.8931, 47.8509, 57.4509, 56.0102, 50.3851, 55.1709, 45.7362, 56.1853, 50.6734, 51.0531, 45.0955], [28.3882, 27.014, 31.8396, 29.2079, 27.7196, 31.3471, 34.8535, 29.0712, 21.0271, 31.8164, 30.9548, 33.3179, 30.2289, 33.6511, 41.0007, 57.2081, 57.447, 57.7038, 54.8388, 59.5812, 50.5685, 50.5509, 56.5621, 58.7268, 60.0239, 44.0906, 55.1402, 0.0, 10.7848, 4.5635, 8.845, 8.7382, 3.327, 4.8417, 2.9225, 10.8983, 5.4681, 5.5171, 4.0898, 10.1053], [17.6602, 16.38, 22.0835, 19.0506, 17.5655, 21.3625, 25.5142, 18.8855, 10.4314, 22.475, 21.0627, 23.9876, 19.5708, 24.4695, 31.321, 48.6169, 48.4778, 48.813, 45.2226, 50.8441, 42.442, 42.3417, 47.8713, 49.8112, 50.7714, 36.6128, 46.2422, 10.7848, 0.0, 15.3365, 10.3752, 17.861, 13.3328, 7.842, 9.5621, 0.7162, 10.0199, 9.8521, 7.4794, 6.6211], [32.8973, 31.5737, 36.0087, 33.5179, 32.0362, 35.5917, 38.8681, 33.3908, 25.5867, 35.8551, 35.1723, 37.341, 34.7062, 37.6238, 45.0972, 60.8367, 61.2187, 61.4447, 58.8664, 63.2567, 54.0555, 54.0685, 60.2311, 62.4736, 63.897, 47.3897, 58.8931, 4.5635, 15.3365, 0.0, 11.3821, 6.2334, 2.9672, 8.6463, 6.7371, 15.4252, 8.6007, 8.2644, 8.2768, 13.8502], [24.9, 25.4421, 25.9749, 24.0888, 22.6867, 25.8312, 28.3732, 24.0108, 19.8942, 25.4603, 25.3208, 26.8861, 26.3018, 27.054, 34.728, 49.6671, 50.1924, 50.3829, 48.2494, 52.1248, 42.7943, 42.8269, 49.0988, 51.4162, 52.9962, 36.0489, 47.8509, 8.845, 10.3752, 11.3821, 0.0, 9.9838, 8.4152, 4.6852, 10.645, 9.9091, 13.0527, 3.3408, 5.904, 4.456], [34.4093, 34.1369, 35.9584, 34.0051, 32.5816, 35.7988, 38.3133, 33.9176, 28.2566, 35.4239, 35.2956, 36.8374, 35.9642, 36.9798, 44.6807, 59.1056, 59.8021, 59.9559, 58.1156, 61.6096, 52.0905, 52.1644, 58.5914, 60.9911, 62.7045, 45.1398, 57.4509, 8.7382, 17.861, 6.2334, 9.9838, 0.0, 5.4163, 10.0362, 11.6268, 17.7009, 14.0172, 8.2927, 10.449, 13.9587], [30.6314, 29.7078, 33.3259, 30.9527, 29.4808, 32.9649, 36.0938, 30.8353, 23.7413, 33.0968, 32.5252, 34.5728, 32.3636, 34.8319, 42.3585, 57.9239, 58.3401, 58.5577, 56.0827, 60.3533, 51.12, 51.1377, 57.3272, 59.5879, 61.0488, 44.4344, 56.0102, 3.327, 13.3328, 2.9672, 8.4152, 5.4163, 0.0, 6.0224, 6.212, 13.3147, 8.6468, 5.34, 5.9225, 11.0606], [24.6842, 24.1099, 27.366, 24.9364, 23.4624, 26.97, 30.2354, 24.8171, 18.2204, 27.2164, 26.5409, 28.7059, 26.3766, 29.0023, 36.4523, 52.4137, 52.6997, 52.9448, 50.2347, 54.8007, 45.7437, 45.731, 51.779, 53.9702, 55.3234, 39.2493, 50.3851, 4.8417, 7.842, 8.6463, 4.6852, 10.0362, 6.0224, 0.0, 6.0523, 7.6647, 8.381, 2.2406, 1.2197, 5.2946], [27.1684, 25.2576, 31.3977, 28.5253, 27.0347, 30.7765, 34.6296, 28.3698, 19.2986, 31.5778, 30.4359, 33.0915, 29.1167, 33.4935, 40.6259, 57.3732, 57.45, 57.7421, 54.5206, 59.6892, 50.9011, 50.8522, 56.6846, 58.7557, 59.8984, 44.6311, 55.1709, 2.9225, 9.5621, 6.7371, 10.645, 11.6268, 6.212, 6.0523, 0.0, 9.8558, 2.6244, 7.5292, 4.9033, 10.7499], [17.4921, 16.4591, 21.651, 18.6836, 17.1946, 20.9662, 25.0327, 18.5242, 10.5557, 21.9881, 20.6498, 23.5024, 19.3593, 23.9685, 30.8906, 48.086, 47.9798, 48.3079, 44.7942, 50.3265, 41.8728, 41.7781, 47.3482, 49.3089, 50.3029, 35.9999, 45.7362, 10.8983, 0.7162, 15.4252, 9.9091, 17.7009, 13.3147, 7.6647, 9.8558, 0.0, 10.4707, 9.591, 7.4116, 6.0201], [27.1792, 24.7101, 32.1032, 29.0384, 27.5588, 31.3729, 35.5021, 28.8671, 18.8609, 32.456, 31.0806, 33.9707, 29.218, 34.4277, 41.341, 58.4925, 58.437, 58.7576, 55.2424, 60.758, 52.1665, 52.0933, 57.7707, 59.7617, 60.7737, 46.0709, 56.1853, 5.4681, 10.0199, 8.6007, 13.0527, 14.0172, 8.6468, 8.381, 2.6244, 10.4707, 0.0, 10.0537, 7.1745, 12.5937], [26.1338, 25.921, 28.1797, 25.9757, 24.5246, 27.8936, 30.8387, 25.873, 20.1037, 27.8612, 27.4275, 29.3252, 27.7266, 29.5604, 37.1356, 52.5846, 53.0045, 53.2198, 50.8094, 55.0133, 45.7913, 45.8054, 51.9871, 54.2503, 55.7269, 39.1376, 50.6734, 5.5171, 9.8521, 8.2644, 3.3408, 8.2927, 5.34, 2.2406, 7.5292, 9.591, 10.0537, 0.0, 3.2817, 5.8828], [24.723, 23.852, 27.7997, 25.2467, 23.7634, 27.3428, 30.7741, 25.1177, 17.9107, 27.7403, 26.936, 29.2395, 26.4818, 29.5663, 36.9398, 53.1332, 53.3588, 53.6174, 50.7647, 55.5004, 46.5202, 46.4963, 52.4824, 54.6399, 55.9347, 40.0949, 51.0531, 4.0898, 7.4794, 8.2768, 5.904, 10.449, 5.9225, 1.2197, 4.9033, 7.4116, 7.1745, 3.2817, 0.0, 6.0771], [20.5474, 20.9907, 22.3049, 20.1092, 18.6661, 22.011, 25.0348, 20.0109, 15.4957, 22.0363, 21.5451, 23.5127, 22.0295, 23.7793, 31.3002, 47.1194, 47.4124, 47.6541, 45.0276, 49.5063, 40.4632, 40.446, 46.4844, 48.6801, 50.0555, 34.0178, 45.0955, 10.1053, 6.6211, 13.8502, 4.456, 13.9587, 11.0606, 5.2946, 10.7499, 6.0201, 12.5937, 5.8828, 6.0771, 0.0]]
