[4, 50]
[[0.0, 4.2758, 12.2285, 11.0036, 20.6822, 8.1772, 6.7175, 12.3661, 12.7532, 6.13, 3.9208, 9.4142, 3.6732, 5.6137, 3.2493, 11.0058, 18.4565, 26.5126, 29.1607, 25.5826, 23.0437, 28.1501, 31.4568, 13.6395, 21.7479, 17.9813, 23.4253, 26.2379, 37.8618, 21.8132, 22.9416, 25.7031, 31.9331, 24.6759, 56.5335, 55.8457, 66.2704, 63.857, 61.4512, 67.7612, 63.6811, 65.175, 53.0145, 67.1169, 70.4403, 60.8112, 65.6555, 63.0606, 51.766, 60.8478], [4.2758, 0.0, 11.9604, 13.6198, 17.9632, 11.048, 10.7244, 12.533, 10.9418, 3.6337, 5.2692, 8.1109, 1.5846, 9.8707, 5.3501, 10.8474, 18.8468, 30.7393, 33.2319, 29.8583, 27.2133, 32.4258, 35.5582, 17.8683, 25.7877, 22.2291, 27.7003, 30.2459, 42.0373, 26.0743, 27.1178, 29.8353, 36.1712, 28.9498, 55.4075, 54.9234, 64.975, 62.9734, 60.6718, 66.8813, 62.8969, 64.1548, 52.7328, 66.0136, 69.571, 60.4129, 64.6747, 62.1589, 50.8936, 60.5069], [12.2285, 11.9604, 0.0, 8.6023, 11.898, 8.7392, 12.6293, 1.2998, 4.4619, 15.5848, 8.3191, 4.2427, 10.5587, 14.0272, 9.0964, 1.2247, 7.0166, 30.0246, 30.5541, 30.8797, 30.6899, 33.1878, 39.21, 21.6387, 23.578, 22.845, 29.0729, 27.3103, 39.9069, 26.5412, 26.0376, 33.5007, 35.2902, 30.3409, 44.3369, 43.6191, 54.1161, 51.6285, 49.2261, 55.5326, 51.4561, 52.955, 40.9259, 54.9091, 58.2119, 48.6764, 53.4313, 50.8323, 39.5379, 48.7371], [11.0036, 13.6198, 8.6023, 0.0, 20.4993, 2.8563, 6.6696, 7.5344, 12.5895, 16.7578, 8.3578, 10.3134, 12.0786, 8.8949, 8.3421, 8.0164, 10.6076, 21.4236, 22.1705, 22.3738, 22.7396, 24.6342, 31.1144, 14.3624, 15.0349, 14.4265, 20.6447, 18.9412, 31.4951, 18.0202, 17.4369, 25.5275, 26.7076, 21.8953, 49.6425, 48.5313, 59.5953, 56.3376, 53.7555, 60.1853, 55.965, 57.9191, 44.5106, 60.0109, 62.8132, 52.4054, 58.3114, 55.5885, 44.429, 52.3395], [20.6822, 17.9632, 11.898, 20.4993, 0.0, 20.3288, 23.6538, 13.0286, 8.4274, 20.665, 17.5739, 11.7362, 17.4053, 24.4809, 18.4735, 12.5743, 14.4533, 41.9225, 42.3254, 42.6847, 42.0525, 45.0314, 50.6264, 32.7105, 35.4544, 34.611, 40.8199, 39.0833, 51.6769, 38.3665, 37.9355, 44.8537, 47.1813, 42.0978, 39.211, 39.221, 48.2852, 47.1969, 45.1956, 51.0501, 47.3637, 48.0446, 38.9038, 49.698, 53.7259, 45.972, 48.645, 46.3541, 35.4317, 46.23], [8.1772, 11.048, 8.7392, 2.8563, 20.3288, 0.0, 4.3484, 7.988, 12.0276, 14.0356, 5.8795, 9.1968, 9.558, 6.3733, 5.7017, 7.8229, 12.4484, 22.0012, 23.391, 22.3897, 21.9507, 24.7831, 30.4743, 12.9958, 16.0225, 14.3004, 20.4949, 20.2231, 32.6001, 18.1058, 18.0635, 24.7615, 27.407, 21.7749, 51.5666, 50.5619, 61.4854, 58.4361, 55.8942, 62.3041, 58.1126, 59.9537, 46.8365, 62.0111, 64.9486, 54.7202, 60.369, 57.6738, 46.4547, 54.6797], [6.7175, 10.7244, 12.6293, 6.6696, 23.6538, 4.3484, 0.0, 12.0685, 15.2266, 12.8037, 6.7845, 12.001, 9.5937, 2.3016, 6.0672, 11.5646, 16.7964, 20.1708, 22.5085, 19.778, 18.4097, 22.2916, 26.9873, 9.0842, 15.0698, 11.8198, 17.7202, 19.5435, 31.3512, 15.7204, 16.4503, 21.2053, 25.6264, 19.0041, 55.9144, 54.908, 65.8311, 62.776, 60.2275, 66.6413, 62.4445, 64.3, 51.1114, 66.359, 69.2832, 59.001, 64.7135, 62.0153, 50.8009, 58.9491], [12.3661, 12.533, 1.2998, 7.5344, 13.0286, 7.988, 12.0685, 0.0, 5.7616, 16.1665, 8.4505, 5.2239, 11.0628, 13.6292, 9.1518, 1.7854, 6.3144, 28.9226, 29.3461, 29.8882, 29.8954, 32.1657, 38.3824, 20.9734, 22.4258, 21.8899, 28.1189, 26.102, 38.7004, 25.5395, 24.9359, 32.7037, 34.1572, 29.3798, 44.3929, 43.5955, 54.2209, 51.5787, 49.1392, 55.4772, 51.3686, 52.9558, 40.6546, 54.9391, 58.1499, 48.4454, 53.4164, 50.7903, 39.5018, 48.4845], [12.7532, 10.9418, 4.4619, 12.5895, 8.4274, 12.0276, 15.2266, 5.7616, 0.0, 14.2845, 9.3098, 3.4025, 9.9484, 16.0991, 10.2101, 4.6169, 10.3693, 33.8958, 34.7385, 34.4167, 33.6285, 36.8077, 42.2038, 24.2855, 27.6173, 26.3256, 32.5062, 31.5011, 44.0755, 30.131, 29.9222, 36.4283, 39.2406, 33.7889, 44.475, 44.0332, 54.0338, 52.0868, 49.8223, 55.9928, 52.043, 53.235, 42.1879, 55.0806, 58.6838, 49.7592, 53.7624, 51.2679, 40.024, 49.8914], [6.13, 3.6337, 15.5848, 16.7578, 20.665, 14.0356, 12.8037, 16.1665, 14.2845, 0.0, 8.5782, 11.6579, 5.1425, 11.3853, 8.4284, 14.4793, 22.4804, 32.128, 35.0814, 30.7709, 27.4263, 33.3453, 35.4834, 18.474, 27.722, 23.5609, 28.5759, 32.2286, 43.5909, 27.2789, 28.7154, 29.8986, 37.4803, 29.7781, 58.7346, 58.3175, 68.2284, 66.3712, 64.102, 70.2771, 66.3239, 67.5084, 56.2824, 69.3372, 72.9681, 63.9353, 68.0407, 65.552, 54.3072, 64.0408], [3.9208, 5.2692, 8.3191, 8.3578, 17.5739, 5.8795, 6.7845, 8.4505, 9.3098, 8.5782, 0.0, 5.9075, 3.7209, 7.0128, 0.9017, 7.0947, 14.5938, 26.8519, 28.8143, 26.5617, 24.8998, 29.0759, 33.4542, 15.4184, 21.3649, 18.5912, 24.4958, 25.7216, 37.8599, 22.4927, 23.046, 27.6579, 32.3092, 25.778, 52.6464, 51.9378, 62.4043, 59.9449, 57.5339, 63.8483, 59.7639, 61.2735, 49.1042, 63.2237, 66.5265, 56.8953, 61.7504, 59.1498, 47.8555, 56.935], [9.4142, 8.1109, 4.2427, 10.3134, 11.7362, 9.1968, 12.001, 5.2239, 3.4025, 11.6579, 5.9075, 0.0, 6.8992, 12.745, 6.808, 3.4601, 11.2435, 31.1978, 32.4057, 31.4653, 30.4057, 33.9019, 38.9833, 21.0066, 25.1291, 23.3776, 29.501, 29.1946, 41.6864, 27.2309, 27.2562, 33.196, 36.5994, 30.7872, 47.4234, 46.874, 57.0689, 54.918, 52.5931, 58.8265, 54.8199, 56.1385, 44.6297, 58.0267, 61.5145, 52.3023, 56.6464, 54.1077, 42.8297, 52.3982], [3.6732, 1.5846, 10.5587, 12.0786, 17.4053, 9.558, 9.5937, 11.0628, 9.9484, 5.1425, 3.7209, 6.8992, 0.0, 9.0149, 3.899, 9.4142, 17.375, 29.731, 32.0485, 29.0379, 26.6906, 31.5939, 35.1227, 17.2537, 24.593, 21.2788, 26.9035, 29.0221, 40.9444, 25.1542, 26.0424, 29.3629, 35.179, 28.1665, 54.3135, 53.7731, 63.9349, 61.8168, 59.4872, 65.7252, 61.7145, 63.0354, 51.4277, 64.9181, 68.4132, 59.137, 63.5448, 61.0067, 49.7277, 59.2184], [5.6137, 9.8707, 14.0272, 8.8949, 24.4809, 6.3733, 2.3016, 13.6292, 16.0991, 11.3853, 7.0128, 12.745, 9.0149, 0.0, 6.1501, 12.8858, 18.7428, 20.9044, 23.6961, 20.0264, 17.9186, 22.586, 26.4567, 8.426, 16.35, 12.3677, 17.8886, 20.8605, 32.284, 16.2039, 17.3735, 20.6619, 26.3204, 19.1518, 57.7961, 56.8493, 67.6866, 64.7506, 62.225, 68.6256, 64.446, 66.2384, 53.2091, 68.2772, 71.2758, 61.0917, 66.6646, 63.9829, 52.7425, 61.0527], [3.2493, 5.3501, 9.0964, 8.3421, 18.4735, 5.7017, 6.0672, 9.1518, 10.2101, 8.4284, 0.9017, 6.808, 3.899, 6.1501, 0.0, 7.8722, 15.2078, 26.2062, 28.2928, 25.8203, 24.0568, 28.3447, 32.6039, 14.569, 20.8364, 17.8869, 23.7396, 25.2284, 37.2843, 21.7872, 22.4328, 26.8082, 31.6641, 25.0195, 53.4334, 52.7012, 63.2063, 60.7004, 58.2771, 64.6021, 60.5069, 62.0451, 49.782, 64.0044, 67.2782, 57.5869, 62.5171, 59.9078, 48.6147, 57.6182], [11.0058, 10.8474, 1.2247, 8.0164, 12.5743, 7.8229, 11.5646, 1.7854, 4.6169, 14.4793, 7.0947, 3.4601, 9.4142, 12.8858, 7.8722, 0.0, 8.025, 29.4054, 30.1322, 30.115, 29.7427, 32.457, 38.2835, 20.6133, 23.0505, 22.0505, 28.2691, 26.8929, 39.4741, 25.7928, 25.4226, 32.5535, 34.7157, 29.5434, 45.5612, 44.8431, 55.338, 52.8516, 50.447, 56.7556, 52.677, 54.1797, 42.1203, 56.1338, 59.4345, 49.8791, 54.6557, 52.0558, 40.7614, 49.9357], [18.4565, 18.8468, 7.0166, 10.6076, 14.4533, 12.4484, 16.7964, 6.3144, 10.3693, 22.4804, 14.5938, 11.2435, 17.375, 18.7428, 15.2078, 8.025, 0.0, 30.1186, 29.3936, 31.9296, 33.1022, 33.941, 41.2922, 24.9695, 23.3474, 24.3965, 30.4517, 26.235, 38.5913, 27.618, 26.2477, 35.8514, 34.9531, 31.6377, 39.1265, 38.1165, 49.0573, 46.0078, 43.4868, 49.8834, 45.7094, 47.5079, 34.6545, 49.5627, 52.5352, 42.4998, 47.9273, 45.2407, 34.0093, 42.5014], [26.5126, 30.7393, 30.0246, 21.4236, 41.9225, 22.0012, 20.1708, 28.9226, 33.8958, 32.128, 26.8519, 31.1978, 29.731, 20.9044, 26.2062, 29.4054, 30.1186, 0.0, 5.3843, 4.4094, 10.5636, 4.6141, 14.2916, 14.3362, 6.7796, 8.5675, 5.517, 5.7897, 11.5367, 5.0175, 3.9872, 11.5212, 5.458, 5.3393, 65.6996, 63.9703, 75.5472, 71.0148, 68.2317, 74.5854, 70.2912, 72.9947, 57.9025, 75.2557, 77.0068, 65.4814, 73.2155, 70.3873, 60.0771, 65.1822], [29.1607, 33.2319, 30.5541, 22.1705, 42.3254, 23.391, 22.5085, 29.3461, 34.7385, 35.0814, 28.8143, 32.4057, 32.0485, 23.6961, 28.2928, 30.1322, 29.3936, 5.3843, 0.0, 9.7722, 15.9291, 9.3784, 19.1183, 18.4147, 7.4575, 12.1205, 10.8127, 3.2442, 9.3544, 9.5411, 6.7046, 16.8711, 6.4401, 10.7231, 62.8529, 60.9713, 72.5742, 67.7408, 64.9354, 71.2104, 66.9372, 69.8044, 54.4791, 72.0903, 73.5619, 61.8888, 69.9788, 67.1502, 57.1863, 61.5421], [25.5826, 29.8583, 30.8797, 22.3738, 42.6847, 22.3897, 19.778, 29.8882, 34.4167, 30.7709, 26.5617, 31.4653, 29.0379, 20.0264, 25.8203, 30.115, 31.9296, 4.4094, 9.7722, 0.0, 6.3607, 2.5757, 10.3818, 12.3458, 9.421, 8.0932, 2.202, 9.9449, 14.2224, 4.3574, 6.3211, 7.1119, 7.5613, 1.1892, 68.704, 67.0819, 78.613, 74.2915, 71.5291, 77.9216, 73.6218, 76.2118, 61.3079, 78.4517, 80.3847, 68.9759, 76.463, 73.641, 63.1285, 68.7073], [23.0437, 27.2133, 30.6899, 22.7396, 42.0525, 21.9507, 18.4097, 29.8954, 33.6285, 27.4263, 24.8998, 30.4057, 26.6906, 17.9186, 24.0568, 29.7427, 33.1022, 10.5636, 15.9291, 6.3607, 0.0, 8.1176, 8.5777, 9.4931, 13.4575, 9.0463, 5.1785, 15.4799, 20.2551, 7.5403, 10.8954, 2.811, 13.6556, 5.2615, 71.2771, 69.8503, 81.2463, 77.3197, 74.6068, 81.0443, 76.7514, 79.1243, 64.6346, 81.3172, 83.5758, 72.43, 79.4293, 76.6304, 65.8155, 72.2207], [28.1501, 32.4258, 33.1878, 24.6342, 45.0314, 24.7831, 22.2916, 32.1657, 36.8077, 33.3453, 29.0759, 33.9019, 31.5939, 22.586, 28.3447, 32.457, 33.941, 4.6141, 9.3784, 2.5757, 8.1176, 0.0, 9.7794, 14.9104, 10.9159, 10.5324, 4.7705, 10.3836, 12.1377, 6.6773, 7.8193, 8.0434, 5.562, 3.6175, 70.1594, 68.4667, 80.0308, 75.5617, 72.7835, 79.1477, 74.8516, 77.5255, 62.4778, 79.7807, 81.5789, 70.0745, 77.7548, 74.9279, 64.552, 69.7799], [31.4568, 35.5582, 39.21, 31.1144, 50.6264, 30.4743, 26.9873, 38.3824, 42.2038, 35.4834, 33.4542, 38.9833, 35.1227, 26.4567, 32.6039, 38.2835, 41.2922, 14.2916, 19.1183, 10.3818, 8.5777, 9.7794, 0.0, 18.0359, 19.745, 16.905, 11.131, 20.0765, 19.3044, 14.1042, 16.6815, 5.7964, 14.0461, 10.1572, 78.8555, 77.297, 88.7921, 84.5817, 81.8292, 88.2343, 83.9341, 86.474, 71.6504, 88.7022, 90.7118, 79.3386, 86.7392, 83.9215, 73.3143, 79.0761], [13.6395, 17.8683, 21.6387, 14.3624, 32.7105, 12.9958, 9.0842, 20.9734, 24.2855, 18.474, 15.4184, 21.0066, 17.2537, 8.426, 14.569, 20.6133, 24.9695, 14.3362, 18.4147, 12.3458, 9.4931, 14.9104, 18.0359, 0.0, 12.1859, 6.3535, 10.1439, 16.2915, 25.8407, 9.3188, 11.714, 12.2398, 19.4046, 11.3186, 63.9115, 62.7108, 73.8788, 70.4242, 67.7916, 74.2376, 69.9832, 72.0803, 58.2307, 74.2052, 76.8371, 66.1171, 72.446, 69.6936, 58.6206, 65.9907], [21.7479, 25.7877, 23.578, 15.0349, 35.4544, 16.0225, 15.0698, 22.4258, 27.6173, 27.722, 21.3649, 25.1291, 24.593, 16.35, 20.8364, 23.0505, 23.3474, 6.7796, 7.4575, 9.421, 13.4575, 10.9159, 19.745, 12.1859, 0.0, 6.0077, 8.7958, 4.5118, 16.5776, 5.9561, 3.1225, 15.5016, 11.755, 9.6053, 59.3123, 57.6696, 69.2097, 64.8712, 62.11, 68.5055, 64.2055, 66.7913, 51.9062, 69.0321, 70.974, 59.5971, 67.042, 64.2201, 53.7254, 59.3401], [17.9813, 22.2291, 22.845, 14.4265, 34.611, 14.3004, 11.8198, 21.8899, 26.3256, 23.5609, 18.5912, 23.3776, 21.2788, 12.3677, 17.8869, 22.0505, 24.3965, 8.5675, 12.1205, 8.0932, 9.0463, 10.5324, 16.905, 6.3535, 6.0077, 0.0, 6.2295, 9.943, 20.0558, 3.9015, 5.423, 11.638, 13.9558, 7.4961, 62.2485, 60.8072, 72.2145, 68.2748, 65.5642, 72.0031, 67.7113, 70.0782, 55.6193, 72.2718, 74.5388, 63.4306, 70.3832, 67.5846, 56.7759, 63.2327], [23.4253, 27.7003, 29.0729, 20.6447, 40.8199, 20.4949, 17.7202, 28.1189, 32.5062, 28.5759, 24.4958, 29.501, 26.9035, 17.8886, 23.7396, 28.2691, 30.4517, 5.517, 10.8127, 2.202, 5.1785, 4.7705, 11.131, 10.1439, 8.7958, 6.2295, 0.0, 10.3247, 16.2228, 2.974, 5.9302, 6.7611, 9.5871, 1.2868, 67.7245, 66.1703, 77.6613, 73.4805, 70.735, 77.1487, 72.8489, 75.3591, 60.6025, 77.583, 79.6394, 68.3277, 75.6303, 72.8151, 62.1843, 68.0831], [26.2379, 30.2459, 27.3103, 18.9412, 39.0833, 20.2231, 19.5435, 26.102, 31.5011, 32.2286, 25.7216, 29.1946, 29.0221, 20.8605, 25.2284, 26.8929, 26.235, 5.7897, 3.2442, 9.9449, 15.4799, 10.3836, 20.0765, 16.2915, 4.5118, 9.943, 10.3247, 0.0, 12.5984, 8.2646, 4.8978, 16.9271, 9.0075, 10.6251, 60.3938, 58.587, 70.1829, 65.5097, 62.7158, 69.0399, 64.7523, 67.527, 52.3294, 69.8002, 71.4346, 59.8508, 67.7274, 64.8978, 54.7448, 59.5355], [37.8618, 42.0373, 39.9069, 31.4951, 51.6769, 32.6001, 31.3512, 38.7004, 44.0755, 43.5909, 37.8599, 41.6864, 40.9444, 32.284, 37.2843, 39.4741, 38.5913, 11.5367, 9.3544, 14.2224, 20.2551, 12.1377, 19.3044, 25.8407, 16.5776, 20.0558, 16.2228, 12.5984, 0.0, 16.5342, 14.9215, 19.8708, 6.6614, 15.4111, 70.3377, 68.2828, 79.8461, 74.6334, 71.8153, 77.9311, 73.718, 76.8026, 61.2619, 79.1094, 80.1601, 68.3341, 76.9105, 74.0994, 64.6593, 67.9112], [21.8132, 26.0743, 26.5412, 18.0202, 38.3665, 18.1058, 15.7204, 25.5395, 30.131, 27.2789, 22.4927, 27.2309, 25.1542, 16.2039, 21.7872, 25.7928, 27.618, 5.0175, 9.5411, 4.3574, 7.5403, 6.6773, 14.1042, 9.3188, 5.9561, 3.9015, 2.974, 8.2646, 16.5342, 0.0, 3.4325, 9.5567, 10.2095, 4.0442, 64.752, 63.1963, 74.6879, 70.5109, 67.7669, 74.1824, 69.8828, 72.3867, 57.6465, 74.6099, 76.6763, 65.3811, 72.659, 69.8444, 59.2106, 65.1414], [22.9416, 27.1178, 26.0376, 17.4369, 37.9355, 18.0635, 16.4503, 24.9359, 29.9222, 28.7154, 23.046, 27.2562, 26.0424, 17.3735, 22.4328, 25.4226, 26.2477, 3.9872, 6.7046, 6.3211, 10.8954, 7.8193, 16.6815, 11.714, 3.1225, 5.423, 5.9302, 4.8978, 14.9215, 3.4325, 0.0, 12.6913, 9.3435, 6.5954, 62.4345, 60.788, 72.3305, 67.9752, 65.211, 71.6017, 67.302, 69.9021, 54.9872, 72.145, 74.0637, 62.6602, 70.1497, 67.3269, 56.8464, 62.3952], [25.7031, 29.8353, 33.5007, 25.5275, 44.8537, 24.7615, 21.2053, 32.7037, 36.4283, 29.8986, 27.6579, 33.196, 29.3629, 20.6619, 26.8082, 32.5535, 35.8514, 11.5212, 16.8711, 7.1119, 2.811, 8.0434, 5.7964, 12.2398, 15.5016, 11.638, 6.7611, 16.9271, 19.8708, 9.5567, 12.6913, 0.0, 13.5193, 6.3032, 73.879, 72.4153, 83.8418, 79.8352, 77.1102, 83.5407, 79.2442, 81.6651, 67.0739, 83.8684, 86.0576, 74.8419, 81.959, 79.154, 68.3937, 74.6169], [31.9331, 36.1712, 35.2902, 26.7076, 47.1813, 27.407, 25.6264, 34.1572, 39.2406, 37.4803, 32.3092, 36.5994, 35.179, 26.3204, 31.6641, 34.7157, 34.9531, 5.458, 6.4401, 7.5613, 13.6556, 5.562, 14.0461, 19.4046, 11.755, 13.9558, 9.5871, 9.0075, 6.6614, 10.2095, 9.3435, 13.5193, 0.0, 8.7498, 69.2605, 67.3963, 78.9988, 74.1809, 71.3756, 77.6492, 73.3767, 76.243, 60.9175, 78.5281, 79.9974, 68.3139, 76.4185, 73.5898, 63.5979, 67.9617], [24.6759, 28.9498, 30.3409, 21.8953, 42.0978, 21.7749, 19.0041, 29.3798, 33.7889, 29.7781, 25.778, 30.7872, 28.1665, 19.1518, 25.0195, 29.5434, 31.6377, 5.3393, 10.7231, 1.1892, 5.2615, 3.6175, 10.1572, 11.3186, 9.6053, 7.4961, 1.2868, 10.6251, 15.4111, 4.0442, 6.5954, 6.3032, 8.7498, 0.0, 68.7383, 67.1563, 78.6648, 74.4251, 71.672, 78.0772, 73.777, 76.3215, 61.4997, 78.5523, 80.5562, 69.2005, 76.5843, 73.766, 63.1832, 68.9451], [56.5335, 55.4075, 44.3369, 49.6425, 39.211, 51.5666, 55.9144, 44.3929, 44.475, 58.7346, 52.6464, 47.4234, 54.3135, 57.7961, 53.4334, 45.5612, 39.1265, 65.6996, 62.8529, 68.704, 71.2771, 70.1594, 78.8555, 63.9115, 59.3123, 62.2485, 67.7245, 60.3938, 70.3377, 64.752, 62.4345, 73.879, 69.2605, 68.7383, 0.0, 2.7956, 9.9768, 8.2197, 7.0425, 11.9249, 8.8009, 8.8345, 11.3247, 10.6062, 14.5653, 11.0942, 9.4403, 7.373, 5.6796, 11.8412], [55.8457, 54.9234, 43.6191, 48.5313, 39.221, 50.5619, 54.908, 43.5955, 44.0332, 58.3175, 51.9378, 46.874, 53.7731, 56.8493, 52.7012, 44.8431, 38.1165, 63.9703, 60.9713, 67.0819, 69.8503, 68.4667, 77.297, 62.7108, 57.6696, 60.8072, 66.1703, 58.587, 68.2828, 63.1963, 60.788, 72.4153, 67.3963, 67.1563, 2.7956, 0.0, 11.6028, 8.0542, 6.0168, 11.9597, 8.1463, 9.3921, 8.5654, 11.4959, 14.6506, 8.8878, 9.8228, 7.2356, 4.1072, 9.5695], [66.2704, 64.975, 54.1161, 59.5953, 48.2852, 61.4854, 65.8311, 54.2209, 54.0338, 68.2284, 62.4043, 57.0689, 63.9349, 67.6866, 63.2063, 55.338, 49.0573, 75.5472, 72.5742, 78.613, 81.2463, 80.0308, 88.7921, 73.8788, 69.2097, 72.2145, 77.6613, 70.1829, 79.8461, 74.6879, 72.3305, 83.8418, 78.9988, 78.6648, 9.9768, 11.6028, 0.0, 6.7936, 9.1028, 6.8922, 8.2798, 4.4597, 19.0978, 3.2348, 8.2457, 14.4027, 5.0122, 6.8116, 15.4846, 15.1847], [63.857, 62.9734, 51.6285, 56.3376, 47.1969, 58.4361, 62.776, 51.5787, 52.0868, 66.3712, 59.9449, 54.918, 61.8168, 64.7506, 60.7004, 52.8516, 46.0078, 71.0148, 67.7408, 74.2915, 77.3197, 75.5617, 84.5817, 70.4242, 64.8712, 68.2748, 73.4805, 65.5097, 74.6334, 70.5109, 67.9752, 79.8352, 74.1809, 74.4251, 8.2197, 8.0542, 6.7936, 0.0, 2.8181, 3.9085, 1.5074, 2.442, 13.3787, 4.6586, 6.5977, 7.6503, 2.3035, 0.8502, 12.0945, 8.4156], [61.4512, 60.6718, 49.2261, 53.7555, 45.1956, 55.8942, 60.2275, 49.1392, 49.8223, 64.102, 57.5339, 52.5931, 59.4872, 62.225, 58.2771, 50.447, 43.4868, 68.2317, 64.9354, 71.5291, 74.6068, 72.7835, 81.8292, 67.7916, 62.11, 65.5642, 70.735, 62.7158, 71.8153, 67.7669, 65.211, 77.1102, 71.3756, 71.672, 7.0425, 6.0168, 9.1028, 2.8181, 0.0, 6.4489, 2.23, 5.1098, 10.5617, 7.4054, 9.0578, 5.4915, 5.1074, 2.3777, 9.8175, 6.3084], [67.7612, 66.8813, 55.5326, 60.1853, 51.0501, 62.3041, 66.6413, 55.4772, 55.9928, 70.2771, 63.8483, 58.8265, 65.7252, 68.6256, 64.6021, 56.7556, 49.8834, 74.5854, 71.2104, 77.9216, 81.0443, 79.1477, 88.2343, 74.2376, 68.5055, 72.0031, 77.1487, 69.0399, 77.9311, 74.1824, 71.6017, 83.5407, 77.6492, 78.0772, 11.9249, 11.9597, 6.8922, 3.9085, 6.4489, 0.0, 4.3002, 3.4634, 16.7324, 3.6739, 2.6913, 9.8995, 2.6871, 4.726, 16.0019, 10.5103], [63.6811, 62.8969, 51.4561, 55.965, 47.3637, 58.1126, 62.4445, 51.3686, 52.043, 66.3239, 59.7639, 54.8199, 61.7145, 64.446, 60.5069, 52.677, 45.7094, 70.2912, 66.9372, 73.6218, 76.7514, 74.8516, 83.9341, 69.9832, 64.2055, 67.7113, 72.8489, 64.7523, 73.718, 69.8828, 67.302, 79.2442, 73.3767, 73.777, 8.8009, 8.1463, 8.2798, 1.5074, 2.23, 4.3002, 0.0, 3.8654, 12.4731, 5.9498, 6.854, 6.2473, 3.554, 1.8897, 12.0272, 6.9894], [65.175, 64.1548, 52.955, 57.9191, 48.0446, 59.9537, 64.3, 52.9558, 53.235, 67.5084, 61.2735, 56.1385, 63.0354, 66.2384, 62.0451, 54.1797, 47.5079, 72.9947, 69.8044, 76.2118, 79.1243, 77.5255, 86.474, 72.0803, 66.7913, 70.0782, 75.3591, 67.527, 76.8026, 72.3867, 69.9021, 81.6651, 76.243, 76.3215, 8.8345, 9.3921, 4.4597, 2.442, 5.1098, 3.4634, 3.8654, 0.0, 15.6091, 2.3121, 5.8722, 10.0849, 0.7927, 2.7398, 13.4991, 10.8426], [53.0145, 52.7328, 40.9259, 44.5106, 38.9038, 46.8365, 51.1114, 40.6546, 42.1879, 56.2824, 49.1042, 44.6297, 51.4277, 53.2091, 49.782, 42.1203, 34.6545, 57.9025, 54.4791, 61.3079, 64.6346, 62.4778, 71.6504, 58.2307, 51.9062, 55.6193, 60.6025, 52.3294, 61.2619, 57.6465, 54.9872, 67.0739, 60.9175, 61.4997, 11.3247, 8.5654, 19.0978, 13.3787, 10.5617, 16.7324, 12.4731, 15.6091, 0.0, 17.9209, 19.1062, 7.8973, 15.667, 12.8792, 7.4269, 7.8486], [67.1169, 66.0136, 54.9091, 60.0109, 49.698, 62.0111, 66.359, 54.9391, 55.0806, 69.3372, 63.2237, 58.0267, 64.9181, 68.2772, 64.0044, 56.1338, 49.5627, 75.2557, 72.0903, 78.4517, 81.3172, 79.7807, 88.7022, 74.2052, 69.0321, 72.2718, 77.583, 69.8002, 79.1094, 74.6099, 72.145, 83.8684, 78.5281, 78.5523, 10.6062, 11.4959, 3.2348, 4.6586, 7.4054, 3.6739, 5.9498, 2.3121, 17.9209, 0.0, 5.1564, 12.1922, 2.3964, 5.0465, 15.5862, 12.9198], [70.4403, 69.571, 58.2119, 62.8132, 53.7259, 64.9486, 69.2832, 58.1499, 58.6838, 72.9681, 66.5265, 61.5145, 68.4132, 71.2758, 67.2782, 59.4345, 52.5352, 77.0068, 73.5619, 80.3847, 83.5758, 81.5789, 90.7118, 76.8371, 70.974, 74.5388, 79.6394, 71.4346, 80.1601, 76.6763, 74.0637, 86.0576, 79.9974, 80.5562, 14.5653, 14.6506, 8.2457, 6.5977, 9.0578, 2.6913, 6.854, 5.8722, 19.1062, 5.1564, 0.0, 11.8726, 5.1684, 7.4173, 18.6873, 12.382], [60.8112, 60.4129, 48.6764, 52.4054, 45.972, 54.7202, 59.001, 48.4454, 49.7592, 63.9353, 56.8953, 52.3023, 59.137, 61.0917, 57.5869, 49.8791, 42.4998, 65.4814, 61.8888, 68.9759, 72.43, 70.0745, 79.3386, 66.1171, 59.5971, 63.4306, 68.3277, 59.8508, 68.3341, 65.3811, 62.6602, 74.8419, 68.3139, 69.2005, 11.0942, 8.8878, 14.4027, 7.6503, 5.4915, 9.8995, 6.2473, 10.0849, 7.8973, 12.1922, 11.8726, 0.0, 9.799, 7.6042, 11.1983, 0.8213], [65.6555, 64.6747, 53.4313, 58.3114, 48.645, 60.369, 64.7135, 53.4164, 53.7624, 68.0407, 61.7504, 56.6464, 63.5448, 66.6646, 62.5171, 54.6557, 47.9273, 73.2155, 69.9788, 76.463, 79.4293, 77.7548, 86.7392, 72.446, 67.042, 70.3832, 75.6303, 67.7274, 76.9105, 72.659, 70.1497, 81.959, 76.4185, 76.5843, 9.4403, 9.8228, 5.0122, 2.3035, 5.1074, 2.6871, 3.554, 0.7927, 15.667, 2.3964, 5.1684, 9.799, 0.0, 2.8297, 13.9255, 10.5321], [63.0606, 62.1589, 50.8323, 55.5885, 46.3541, 57.6738, 62.0153, 50.7903, 51.2679, 65.552, 59.1498, 54.1077, 61.0067, 63.9829, 59.9078, 52.0558, 45.2407, 70.3873, 67.1502, 73.641, 76.6304, 74.9279, 83.9215, 69.6936, 64.2201, 67.5846, 72.8151, 64.8978, 74.0994, 69.8444, 67.3269, 79.154, 73.5898, 73.766, 7.373, 7.2356, 6.8116, 0.8502, 2.3777, 4.726, 1.8897, 2.7398, 12.8792, 5.0465, 7.4173, 7.6042, 2.8297, 0.0, 11.2946, 8.3968], [51.766, 50.8936, 39.5379, 44.429, 35.4317, 46.4547, 50.8009, 39.5018, 40.024, 54.3072, 47.8555, 42.8297, 49.7277, 52.7425, 48.6147, 40.7614, 34.0093, 60.0771, 57.1863, 63.1285, 65.8155, 64.552, 73.3143, 58.6206, 53.7254, 56.7759, 62.1843, 54.7448, 64.6593, 59.2106, 56.8464, 68.3937, 63.5979, 63.1832, 5.6796, 4.1072, 15.4846, 12.0945, 9.8175, 16.0019, 12.0272, 13.4991, 7.4269, 15.5862, 18.6873, 11.1983, 13.9255, 11.2946, 0.0, 11.6893], [60.8478, 60.5069, 48.7371, 52.3395, 46.23, 54.6797, 58.9491, 48.4845, 49.8914, 64.0408, 56.935, 52.3982, 59.2184, 61.0527, 57.6182, 49.9357, 42.5014, 65.1822, 61.5421, 68.7073, 72.2207, 69.7799, 79.0761, 65.9907, 59.3401, 63.2327, 68.0831, 59.5355, 67.9112, 65.1414, 62.3952, 74.6169, 67.9617, 68.9451, 11.8412, 9.5695, 15.1847, 8.4156, 6.3084, 10.5103, 6.9894, 10.8426, 7.8486, 12.9198, 12.382, 0.8213, 10.5321, 8.3968, 11.6893, 0.0]]
