[4, 60]
[[0.0, 4.666, 6.5688, 3.4003, 10.2983, 1.0826, 9.6609, 4.1883, 10.6652, 1.4973, 0.8518, 6.1661, 2.2702, 9.0834, 4.6695, 2.3046, 17.4427, 5.0501, 10.933, 3.8718, 8.8981, 21.4052, 9.1952, 14.7373, 18.2898, 11.0922, 10.7545, 10.1258, 12.6739, 11.5162, 11.8996, 8.7523, 16.4406, 11.4382, 12.2497, 9.1812, 15.0482, 8.2139, 11.1422, 11.4861, 67.5631, 72.1599, 59.4294, 72.6797, 65.7419, 70.0331, 72.3204, 71.0178, 77.4998, 71.0439, 73.4725, 70.5651, 68.1728, 71.1273, 72.8883, 68.5853, 71.5612, 67.2312, 57.4358, 70.3397], [4.666, 0.0, 10.9066, 4.5691, 9.5572, 3.5889, 13.8915, 6.5067, 6.1868, 4.3307, 3.8144, 6.8941, 2.725, 4.4267, 5.6704, 3.5028, 15.2068, 4.7552, 10.7524, 7.5572, 9.1258, 16.8681, 10.602, 10.7807, 13.9338, 10.5569, 12.8977, 7.4593, 9.5283, 9.3665, 10.3839, 6.9787, 15.5329, 10.1131, 11.9093, 5.3618, 13.3609, 3.5495, 9.418, 9.7165, 69.5472, 74.4519, 61.1453, 74.7588, 67.6999, 72.0841, 74.2974, 72.8996, 79.4023, 73.2335, 75.2109, 72.6758, 70.2411, 73.1399, 74.969, 70.3491, 73.4803, 68.7911, 59.192, 71.9307], [6.5688, 10.9066, 0.0, 7.1251, 11.6351, 7.4975, 3.1056, 5.5706, 16.2318, 7.7796, 7.3381, 11.5656, 8.1849, 15.1087, 10.3481, 7.5151, 23.5156, 8.5181, 16.1307, 3.611, 14.078, 27.773, 13.3064, 21.3048, 24.7854, 16.5145, 13.668, 16.5543, 19.1623, 17.7352, 17.8214, 14.9831, 21.7421, 17.2921, 17.4287, 15.7458, 20.908, 14.3734, 17.2054, 17.5505, 68.4258, 72.4993, 60.7686, 73.3577, 66.6592, 70.7732, 73.1604, 72.0135, 78.4231, 71.5569, 74.6687, 71.2073, 68.8992, 71.9201, 73.5624, 69.7766, 72.4958, 68.7338, 58.7348, 71.7746], [3.4003, 4.5691, 7.1251, 0.0, 6.8985, 3.0422, 9.8347, 1.9624, 9.1257, 4.5801, 3.1821, 9.1518, 2.3635, 8.2068, 7.6344, 1.4783, 19.4267, 1.7589, 13.7813, 3.5161, 11.8349, 21.0136, 12.4588, 15.337, 18.3148, 13.8106, 14.1389, 11.7458, 14.0043, 13.4764, 14.2028, 10.8356, 19.0881, 13.8234, 15.0655, 9.9238, 17.3141, 7.6148, 13.324, 13.6521, 70.9634, 75.5493, 62.8233, 76.0786, 69.1422, 73.4326, 75.7206, 74.4176, 80.9, 74.4391, 76.8686, 73.9632, 71.5721, 74.5274, 76.2871, 71.982, 74.9614, 70.6169, 60.8313, 73.7279], [10.2983, 9.5572, 11.6351, 6.8985, 0.0, 9.8472, 13.1103, 6.8238, 9.7478, 11.416, 10.0231, 15.7668, 8.8293, 10.4883, 14.2881, 8.1925, 24.5174, 5.3754, 20.1413, 8.7827, 18.3328, 22.022, 19.2476, 18.6301, 20.3365, 20.0304, 21.0281, 16.8406, 18.511, 18.8396, 19.9361, 16.5354, 25.0875, 19.6701, 21.3591, 14.1755, 22.8694, 10.5822, 18.961, 19.2517, 77.8599, 82.4166, 69.7171, 82.9694, 76.0397, 80.3256, 82.6171, 81.3161, 87.7981, 81.3201, 83.7646, 80.8519, 78.4642, 81.4223, 83.1778, 78.8787, 81.8594, 77.5002, 67.7268, 80.6144], [1.0826, 3.5889, 7.4975, 3.0422, 9.8472, 0.0, 10.5625, 4.3141, 9.5922, 1.5701, 0.2537, 6.1249, 1.2842, 8.0021, 4.6045, 1.6551, 16.9186, 4.4888, 10.8073, 4.5002, 8.8281, 20.3726, 9.4281, 13.8301, 17.3007, 10.8865, 11.2023, 9.4431, 11.9234, 10.9601, 11.4853, 8.2237, 16.2081, 11.0594, 12.1064, 8.2678, 14.6294, 7.1383, 10.6716, 11.0107, 68.0859, 72.7537, 59.8879, 73.2256, 66.2581, 70.5718, 72.843, 71.5185, 78.007, 71.6143, 73.9413, 71.1175, 68.7149, 71.6577, 73.4346, 69.0583, 72.0705, 67.6573, 57.9026, 70.7739], [9.6609, 13.8915, 3.1056, 9.8347, 13.1103, 10.5625, 0.0, 8.0504, 18.9437, 10.8851, 10.4137, 14.5582, 11.1677, 17.9836, 13.3955, 10.434, 26.5547, 11.0019, 19.0217, 6.386, 16.993, 30.7274, 16.01, 24.3877, 27.8109, 19.4492, 16.0483, 19.6569, 22.2676, 20.8117, 20.8469, 18.0669, 24.6072, 20.3074, 20.3008, 18.826, 23.909, 17.2983, 20.2584, 20.6026, 69.3854, 73.2102, 61.9643, 74.2204, 67.6486, 71.671, 74.0966, 73.0225, 79.384, 72.3496, 75.7602, 72.0596, 69.7963, 72.8385, 74.4228, 70.8787, 73.4763, 69.9756, 59.9204, 72.9787], [4.1883, 6.5067, 5.5706, 1.9624, 6.8238, 4.3141, 8.0504, 0.0, 10.9117, 5.6334, 4.3553, 10.3309, 4.0789, 10.1293, 8.8189, 3.1509, 21.1378, 2.9695, 15.0739, 2.0976, 13.0598, 22.9418, 13.3519, 17.2853, 20.274, 15.1852, 14.7378, 13.5256, 15.8581, 15.1735, 15.7814, 12.4747, 20.5164, 15.3659, 16.3829, 11.8425, 18.9191, 9.5659, 14.9453, 15.2808, 71.2941, 75.7348, 63.2803, 76.361, 69.4866, 73.7306, 76.049, 74.7892, 81.256, 74.6733, 77.2994, 74.2338, 71.8646, 74.8413, 76.5686, 72.4071, 75.316, 71.1292, 61.2743, 74.2239], [10.6652, 6.1868, 16.2318, 9.1257, 9.7478, 9.5922, 18.9437, 10.9117, 0.0, 10.5143, 9.8389, 12.319, 8.4451, 2.3067, 11.4245, 8.8535, 16.4556, 8.0384, 14.9664, 12.635, 13.8916, 12.4762, 15.9234, 9.3298, 10.5892, 14.4914, 18.4605, 9.7238, 10.3059, 11.7703, 13.3464, 10.5353, 18.4689, 13.3423, 15.8283, 6.5842, 15.6169, 3.2705, 12.3442, 12.5199, 74.2917, 79.4523, 65.678, 79.5727, 72.427, 76.8805, 79.0211, 77.5406, 84.0439, 78.1487, 79.7116, 77.5234, 75.0583, 77.8988, 79.7837, 74.8895, 78.1537, 73.1446, 63.7709, 76.3022], [1.4973, 4.3307, 7.7796, 4.5801, 11.416, 1.5701, 10.8851, 5.6334, 10.5143, 0.0, 1.3994, 4.6975, 2.7394, 8.6966, 3.1881, 3.225, 15.9906, 6.0586, 9.4506, 5.3448, 7.4271, 20.6039, 7.879, 13.6442, 17.3588, 9.5977, 9.6343, 8.7853, 11.3828, 10.0873, 10.4185, 7.3191, 14.9451, 9.9504, 10.7647, 8.1377, 13.5657, 7.7501, 9.6783, 10.0231, 66.522, 71.2051, 58.3182, 71.6656, 64.6934, 69.0105, 71.2791, 69.9517, 76.4409, 70.0596, 72.372, 69.5588, 67.1542, 70.0949, 71.8746, 67.4893, 70.5047, 66.0873, 56.3333, 69.2039], [0.8518, 3.8144, 7.3381, 3.1821, 10.0231, 0.2537, 10.4137, 4.3553, 9.8389, 1.3994, 0.0, 6.0243, 1.5337, 8.2336, 4.5038, 1.842, 16.9461, 4.6777, 10.7326, 4.421, 8.7388, 20.5689, 9.2768, 13.9741, 17.477, 10.8304, 11.0135, 9.5119, 12.0145, 10.9936, 11.4812, 8.247, 16.1615, 11.0459, 12.0368, 8.4123, 14.6282, 7.362, 10.6817, 11.0223, 67.8894, 72.5455, 59.7023, 73.0253, 66.0627, 70.3726, 72.6466, 71.3258, 77.8132, 71.4099, 73.7541, 70.9161, 68.5151, 71.4599, 73.2342, 68.8704, 71.8763, 67.4776, 57.7155, 70.5928], [6.1661, 6.8941, 11.5656, 9.1518, 15.7668, 6.1249, 14.5582, 10.3309, 12.319, 4.6975, 6.0243, 0.0, 6.9554, 10.0738, 1.5209, 7.7001, 12.0295, 10.4129, 4.7781, 9.8636, 2.7321, 19.6911, 3.711, 11.8547, 16.0634, 5.0145, 6.1434, 6.1151, 8.733, 6.5601, 6.3108, 4.1136, 10.3484, 5.7571, 6.0996, 7.2713, 9.3509, 9.0668, 5.8277, 6.1611, 62.6586, 67.562, 54.2865, 67.866, 60.813, 65.1921, 67.4099, 66.0207, 72.5222, 66.3398, 68.3525, 65.7821, 63.3483, 66.2499, 68.0761, 63.4854, 66.5976, 61.9664, 52.3261, 65.1], [2.2702, 2.725, 8.1849, 2.3635, 8.8293, 1.2842, 11.1677, 4.0789, 8.4451, 2.7394, 1.5337, 6.9554, 0.0, 7.0023, 5.4628, 0.9304, 17.0919, 3.4603, 11.4875, 4.8557, 9.584, 19.5881, 10.4264, 13.3859, 16.6495, 11.4844, 12.3307, 9.4492, 11.7893, 11.1337, 11.8394, 8.4762, 16.7403, 11.461, 12.7578, 7.8643, 14.9525, 6.2089, 10.9632, 11.2924, 69.2249, 73.934, 60.9865, 74.3782, 67.3933, 71.7204, 73.9815, 72.6433, 79.1354, 72.7815, 75.0451, 72.2742, 69.8656, 72.801, 74.5874, 70.1654, 73.2007, 68.7327, 59.007, 71.8546], [9.0834, 4.4267, 15.1087, 8.2068, 10.4883, 8.0021, 17.9836, 10.1293, 2.3067, 8.6966, 8.2336, 10.0738, 7.0023, 0.0, 9.2569, 7.5946, 14.6199, 7.5244, 12.6695, 11.5985, 11.5868, 12.8125, 13.6454, 8.142, 10.3075, 12.208, 16.2057, 7.5531, 8.4473, 9.6271, 11.1488, 8.249, 16.3212, 11.113, 13.5519, 4.4258, 13.5574, 1.0169, 10.1383, 10.3322, 71.9963, 77.1469, 63.3961, 77.2741, 70.1325, 74.5825, 76.7273, 75.2521, 81.7559, 75.8457, 77.4341, 75.2231, 72.7592, 75.6029, 77.485, 72.6082, 75.863, 70.8798, 61.4851, 74.0361], [4.6695, 5.6704, 10.3481, 7.6344, 14.2881, 4.6045, 13.3955, 8.8189, 11.4245, 3.1881, 4.5038, 1.5209, 5.4628, 9.2569, 0.0, 6.1877, 13.1675, 8.9231, 6.264, 8.4242, 4.2413, 19.717, 5.0287, 12.1192, 16.1956, 6.4387, 7.2275, 6.6052, 9.2821, 7.452, 7.4813, 4.7708, 11.7881, 6.9662, 7.5802, 7.0825, 10.5941, 8.2401, 6.8629, 7.2071, 63.9793, 68.8195, 55.6537, 69.1691, 62.1382, 66.5002, 68.733, 67.3612, 73.8601, 67.6195, 69.7183, 67.0782, 64.6525, 67.5658, 69.3789, 64.8462, 67.9314, 63.3597, 53.686, 66.489], [2.3046, 3.5028, 7.5151, 1.4783, 8.1925, 1.6551, 10.434, 3.1509, 8.8535, 3.225, 1.842, 7.7001, 0.9304, 7.5946, 6.1877, 0.0, 18.0196, 2.8362, 12.3069, 4.0662, 10.3697, 20.2935, 11.0716, 14.2465, 17.4288, 12.3324, 12.8539, 10.3794, 12.7107, 12.0599, 12.7454, 9.3932, 17.6115, 12.3583, 13.589, 8.7477, 15.865, 6.8685, 11.8778, 12.2084, 69.7313, 74.381, 61.5414, 74.8663, 67.9047, 72.214, 74.4885, 73.1676, 79.6552, 73.2487, 75.5941, 72.7566, 70.3564, 73.3016, 75.0752, 70.7107, 73.7183, 69.3123, 59.5554, 72.4287], [17.4427, 15.2068, 23.5156, 19.4267, 24.5174, 16.9186, 26.5547, 21.1378, 16.4556, 15.9906, 16.9461, 12.0295, 17.0919, 14.6199, 13.1675, 18.0196, 0.0, 19.9531, 8.2322, 21.3137, 9.9184, 14.537, 11.9116, 8.1067, 11.1271, 7.5404, 13.8118, 7.7474, 6.1745, 5.9648, 5.7188, 8.6996, 4.8975, 6.2805, 7.3321, 10.3948, 2.9095, 14.1743, 6.3235, 5.9776, 60.456, 66.2212, 51.4795, 65.8448, 58.5738, 63.1399, 65.0818, 63.4289, 69.8712, 64.6984, 65.2833, 63.9039, 61.3921, 64.0552, 66.0555, 60.59, 64.1081, 58.4963, 49.7037, 61.6569], [5.0501, 4.7552, 8.5181, 1.7589, 5.3754, 4.4888, 11.0019, 2.9695, 8.0384, 6.0586, 4.6777, 10.4129, 3.4603, 7.5244, 8.9231, 2.8362, 19.9531, 0.0, 14.8845, 4.948, 13.0193, 20.2771, 13.8723, 15.1788, 17.8146, 14.833, 15.6901, 12.2073, 14.2561, 14.0752, 14.9775, 11.5658, 20.0136, 14.6507, 16.134, 10.0027, 18.0251, 7.1255, 14.0467, 14.3599, 72.5655, 77.1999, 64.3767, 77.6973, 70.7395, 75.0462, 77.3228, 76.0035, 82.4907, 76.0745, 78.4299, 75.5864, 73.188, 76.135, 77.9061, 73.5467, 76.5537, 72.1439, 62.3912, 75.2614], [10.933, 10.7524, 16.1307, 13.7813, 20.1413, 10.8073, 19.0217, 15.0739, 14.9664, 9.4506, 10.7326, 4.7781, 11.4875, 12.6695, 6.264, 12.3069, 8.2322, 14.8845, 0.0, 14.6366, 2.0729, 19.1988, 3.684, 11.1182, 15.4106, 0.8261, 5.8584, 5.8601, 7.5154, 4.6559, 3.2114, 4.4502, 5.6186, 2.6865, 1.3228, 8.6309, 5.3304, 11.7816, 3.6128, 3.7404, 59.3268, 64.5094, 50.7455, 64.6064, 57.4631, 61.9141, 64.0582, 62.5882, 69.0927, 63.1898, 64.7933, 62.5583, 60.0922, 62.9334, 64.8174, 59.9584, 63.1964, 58.2777, 48.8266, 61.4291], [3.8718, 7.5572, 3.611, 3.5161, 8.7827, 4.5002, 6.386, 2.0976, 12.635, 5.3448, 4.421, 9.8636, 4.8557, 11.5985, 8.4242, 4.0662, 21.3137, 4.948, 14.6366, 0.0, 12.5721, 24.3489, 12.4657, 18.2231, 21.4904, 14.8596, 13.529, 13.9329, 16.4233, 15.3808, 15.7633, 12.6199, 20.2061, 15.2934, 15.9593, 12.678, 18.9105, 10.9167, 15.0137, 15.3577, 69.711, 74.051, 61.7964, 74.7418, 67.9143, 72.1233, 74.4622, 73.2343, 79.6873, 73.0218, 75.7879, 72.6072, 70.2542, 73.2447, 74.9487, 70.8934, 73.7486, 69.6847, 59.7808, 72.7649], [8.8981, 9.1258, 14.078, 11.8349, 18.3328, 8.8281, 16.993, 13.0598, 13.8916, 7.4271, 8.7388, 2.7321, 9.584, 11.5868, 4.2413, 10.3697, 9.9184, 13.0193, 2.0729, 12.5721, 0.0, 19.5182, 2.5892, 11.4434, 15.7655, 2.4676, 5.2436, 5.7341, 7.9526, 5.2612, 4.3663, 3.8486, 7.6876, 3.7668, 3.3937, 7.9564, 7.084, 10.6348, 4.2821, 4.5452, 60.5573, 65.6049, 52.077, 65.8032, 58.7018, 63.119, 65.3003, 63.8699, 70.3749, 64.3323, 66.1391, 63.7367, 61.2856, 64.1576, 66.0138, 61.2865, 64.4627, 59.6871, 50.1362, 62.8304], [21.4052, 16.8681, 27.773, 21.0136, 22.022, 20.3726, 30.7274, 22.9418, 12.4762, 20.6039, 20.5689, 19.6911, 19.5881, 12.8125, 19.717, 20.2935, 14.537, 20.2771, 19.1988, 24.3489, 19.5182, 0.0, 22.106, 8.0973, 3.789, 18.3951, 24.7448, 13.8154, 11.6864, 14.5434, 16.0972, 15.8191, 19.0509, 16.5433, 19.2041, 12.6648, 15.9982, 13.4328, 15.5888, 15.4646, 74.8079, 80.6828, 65.7576, 80.2097, 72.9268, 77.5085, 79.392, 77.6904, 84.0917, 79.1257, 79.4179, 78.2986, 75.7825, 78.3951, 80.42, 74.7945, 78.3888, 72.5581, 64.03, 75.7054], [9.1952, 10.602, 13.3064, 12.4588, 19.2476, 9.4281, 16.01, 13.3519, 15.9234, 7.879, 9.2768, 3.711, 10.4264, 13.6454, 5.0287, 11.0716, 11.9116, 13.8723, 3.684, 12.4657, 2.5892, 22.106, 0.0, 14.0325, 18.3547, 4.43, 2.6942, 8.3099, 10.532, 7.7963, 6.6998, 6.3748, 8.7951, 6.1136, 4.6857, 10.3473, 9.0052, 12.6545, 6.7846, 7.0162, 58.9646, 63.8514, 50.6251, 64.1646, 57.1212, 61.4925, 63.7171, 62.3381, 68.8379, 62.632, 64.6899, 62.0784, 59.6473, 62.5536, 64.3746, 59.8182, 62.9107, 58.3342, 48.658, 61.4622], [14.7373, 10.7807, 21.3048, 15.337, 18.6301, 13.8301, 24.3877, 17.2853, 9.3298, 13.6442, 13.9741, 11.8547, 13.3859, 8.142, 12.1192, 14.2465, 8.1067, 15.1788, 11.1182, 18.2231, 11.4434, 8.0973, 14.0325, 0.0, 4.3244, 10.323, 16.6561, 5.8028, 3.6048, 6.4644, 8.0749, 7.8353, 11.7481, 8.4867, 11.2034, 5.5624, 8.5699, 8.1703, 7.5055, 7.3993, 68.2848, 73.9017, 59.3796, 73.6553, 66.4038, 70.9495, 72.9425, 71.3273, 77.7904, 72.4355, 73.2508, 71.684, 69.1799, 71.8916, 73.8664, 68.5261, 71.9923, 66.499, 57.5692, 69.662], [18.2898, 13.9338, 24.7854, 18.3148, 20.3365, 17.3007, 27.8109, 20.274, 10.5892, 17.3588, 17.477, 16.0634, 16.6495, 10.3075, 16.1956, 17.4288, 11.1271, 17.8146, 15.4106, 21.4904, 15.7655, 3.789, 18.3547, 4.3244, 0.0, 14.6063, 20.9805, 10.0936, 7.9005, 10.7558, 12.3103, 12.1148, 15.4401, 12.7544, 15.4211, 9.2577, 12.334, 10.7236, 11.8017, 11.6757, 71.5723, 77.3468, 62.5743, 76.9642, 69.6901, 74.2598, 76.1884, 74.5209, 80.9506, 75.8253, 76.3293, 75.028, 72.5155, 75.1692, 77.1748, 71.6618, 75.2061, 69.5094, 60.8123, 72.6653], [11.0922, 10.5569, 16.5145, 13.8106, 20.0304, 10.8865, 19.4492, 15.1852, 14.4914, 9.5977, 10.8304, 5.0145, 11.4844, 12.208, 6.4387, 12.3324, 7.5404, 14.833, 0.8261, 14.8596, 2.4676, 18.3951, 4.43, 10.323, 14.6063, 0.0, 6.6768, 5.1834, 6.7183, 3.8588, 2.3854, 3.9593, 5.3498, 1.8649, 1.3685, 8.063, 4.6625, 11.3504, 2.8235, 2.9308, 59.8101, 65.0431, 51.1883, 65.1021, 57.9436, 62.4071, 64.5359, 63.0497, 69.5528, 63.7066, 65.2264, 63.0615, 60.5901, 63.4185, 65.3132, 60.4003, 63.6642, 58.6826, 49.2796, 61.8372], [10.7545, 12.8977, 13.668, 14.1389, 21.0281, 11.2023, 16.0483, 14.7378, 18.4605, 9.6343, 11.0135, 6.1434, 12.3307, 16.2057, 7.2275, 12.8539, 13.8118, 15.6901, 5.8584, 13.529, 5.2436, 24.7448, 2.6942, 16.6561, 20.9805, 6.6768, 0.0, 10.9777, 13.116, 10.3205, 9.0511, 9.0637, 10.0081, 8.4949, 6.494, 13.0315, 10.9243, 15.2029, 9.2844, 9.4807, 56.8943, 61.6402, 48.69, 62.0503, 55.0633, 59.3908, 61.651, 60.318, 66.8081, 60.4663, 62.7407, 59.9488, 57.5369, 60.4704, 62.2597, 57.8569, 60.8725, 56.4783, 46.7022, 59.589], [10.1258, 7.4593, 16.5543, 11.7458, 16.8406, 9.4431, 19.6569, 13.5256, 9.7238, 8.7853, 9.5119, 6.1151, 9.4492, 7.5531, 6.6052, 10.3794, 7.7474, 12.2073, 5.8601, 13.9329, 5.7341, 13.8154, 8.3099, 5.8028, 10.0936, 5.1834, 10.9777, 0.0, 2.6776, 2.0871, 3.6304, 2.0351, 8.7683, 3.6955, 6.3895, 3.1405, 6.1078, 6.8693, 2.6473, 2.7985, 64.8009, 70.1228, 56.0969, 70.1153, 62.9292, 67.416, 69.5134, 67.9934, 74.491, 68.7586, 70.1041, 68.0894, 65.6088, 68.4116, 70.3265, 65.3014, 68.6214, 63.4943, 54.2123, 66.655], [12.6739, 9.5283, 19.1623, 14.0043, 18.511, 11.9234, 22.2676, 15.8581, 10.3059, 11.3828, 12.0145, 8.733, 11.7893, 8.4473, 9.2821, 12.7107, 6.1745, 14.2561, 7.5154, 16.4233, 7.9526, 11.6864, 10.532, 3.6048, 7.9005, 6.7183, 13.116, 2.6776, 0.0, 2.8601, 4.4913, 4.6194, 8.68, 4.8843, 7.6204, 4.3392, 5.5665, 8.037, 3.9033, 3.7955, 65.2516, 70.7511, 56.4255, 70.6016, 63.3733, 67.8971, 69.935, 68.3595, 74.8408, 69.3251, 70.3658, 68.6067, 66.111, 68.862, 70.8129, 65.6039, 69.009, 63.6731, 54.5818, 66.8372], [11.5162, 9.3665, 17.7352, 13.4764, 18.8396, 10.9601, 20.8117, 15.1735, 11.7703, 10.0873, 10.9936, 6.5601, 11.1337, 9.6271, 7.452, 12.0599, 5.9648, 14.0752, 4.6559, 15.3808, 5.2612, 14.5434, 7.7963, 6.4644, 10.7558, 3.8588, 10.3205, 2.0871, 2.8601, 0.0, 1.7423, 2.7683, 6.7, 2.0432, 4.8179, 5.2034, 4.0438, 8.9561, 1.0472, 0.9547, 62.9307, 68.3219, 54.1835, 68.259, 61.0563, 65.5573, 67.6338, 66.0946, 72.5878, 66.9326, 68.1726, 66.2443, 63.7576, 66.5419, 68.4703, 63.3816, 66.7299, 61.5377, 52.3117, 64.6999], [11.8996, 10.3839, 17.8214, 14.2028, 19.9361, 11.4853, 20.8469, 15.7814, 13.3464, 10.4185, 11.4812, 6.3108, 11.8394, 11.1488, 7.4813, 12.7454, 5.7188, 14.9775, 3.2114, 15.7633, 4.3663, 16.0972, 6.6998, 8.0749, 12.3103, 2.3854, 9.0511, 3.6304, 4.4913, 1.7423, 0.0, 3.4148, 5.2343, 0.5995, 3.1299, 6.7629, 3.1492, 10.4116, 1.0169, 0.8377, 61.2183, 66.591, 52.4893, 66.542, 59.3449, 63.8411, 65.925, 64.3938, 70.8891, 65.2071, 66.4885, 64.5239, 62.039, 64.8294, 66.7533, 61.6909, 65.0259, 59.8697, 50.6113, 63.0309], [8.7523, 6.9787, 14.9831, 10.8356, 16.5354, 8.2237, 18.0669, 12.4747, 10.5353, 7.3191, 8.247, 4.1136, 8.4762, 8.249, 4.7708, 9.3932, 8.6996, 11.5658, 4.4502, 12.6199, 3.8486, 15.8191, 6.3748, 7.8353, 12.1148, 3.9593, 9.0637, 2.0351, 4.6194, 2.7683, 3.4148, 0.0, 8.5665, 3.14, 5.3095, 4.2101, 6.4816, 7.395, 2.4906, 2.8165, 63.7588, 68.9591, 55.1471, 69.045, 61.8934, 66.3514, 68.4869, 67.0055, 73.509, 67.6363, 69.1857, 67.0001, 64.5317, 67.3665, 69.256, 64.3592, 67.6184, 62.6395, 53.237, 65.7946], [16.4406, 15.5329, 21.7421, 19.0881, 25.0875, 16.2081, 24.6072, 20.5164, 18.4689, 14.9451, 16.1615, 10.3484, 16.7403, 16.3212, 11.7881, 17.6115, 4.8975, 20.0136, 5.6186, 20.2061, 7.6876, 19.0509, 8.7951, 11.7481, 15.4401, 5.3498, 10.0081, 8.7683, 8.68, 6.7, 5.2343, 8.5665, 0.0, 5.4267, 4.3134, 11.9015, 3.1795, 15.6201, 6.2484, 6.014, 56.5947, 62.1597, 47.7488, 61.9532, 54.7154, 59.2479, 61.2704, 59.6857, 66.1646, 60.7058, 61.6859, 59.969, 57.469, 60.2042, 62.1645, 56.9246, 60.3383, 54.9988, 45.9107, 58.1627], [11.4382, 10.1131, 17.2921, 13.8234, 19.6701, 11.0594, 20.3074, 15.3659, 13.3423, 9.9504, 11.0459, 5.7571, 11.461, 11.113, 6.9662, 12.3583, 6.2805, 14.6507, 2.6865, 15.2934, 3.7668, 16.5433, 6.1136, 8.4867, 12.7544, 1.8649, 8.4949, 3.6955, 4.8843, 2.0432, 0.5995, 3.14, 5.4267, 0.0, 2.7847, 6.7785, 3.6292, 10.338, 1.0769, 1.0911, 61.1054, 66.4354, 52.4072, 66.42, 59.2338, 63.7206, 65.8183, 64.3004, 70.7986, 65.0662, 66.4195, 64.3948, 61.9137, 64.716, 66.6312, 61.6131, 64.9274, 59.8216, 50.5199, 62.9813], [12.2497, 11.9093, 17.4287, 15.0655, 21.3591, 12.1064, 20.3008, 16.3829, 15.8283, 10.7647, 12.0368, 6.0996, 12.7578, 13.5519, 7.5802, 13.589, 7.3321, 16.134, 1.3228, 15.9593, 3.3937, 19.2041, 4.6857, 11.2034, 15.4211, 1.3685, 6.494, 6.3895, 7.6204, 4.8179, 3.1299, 5.3095, 4.3134, 2.7847, 0.0, 9.3574, 4.4333, 12.7044, 3.8537, 3.8635, 58.4909, 63.756, 49.8502, 63.7897, 56.6229, 61.0933, 63.2134, 61.7192, 68.2214, 62.4076, 63.8838, 61.7537, 59.2792, 62.1002, 64.0008, 59.0614, 62.3368, 57.3307, 47.946, 60.4862], [9.1812, 5.3618, 15.7458, 9.9238, 14.1755, 8.2678, 18.826, 11.8425, 6.5842, 8.1377, 8.4123, 7.2713, 7.8643, 4.4258, 7.0825, 8.7477, 10.3948, 10.0027, 8.6309, 12.678, 7.9564, 12.6648, 10.3473, 5.5624, 9.2577, 8.063, 13.0315, 3.1405, 4.3392, 5.2034, 6.7629, 4.2101, 11.9015, 6.7785, 9.3574, 0.0, 9.1437, 3.8161, 5.7642, 5.9356, 67.8439, 73.1054, 59.1743, 73.1461, 65.9747, 70.4492, 72.5634, 71.0585, 77.5587, 71.7638, 73.1929, 71.1111, 68.6361, 71.4536, 73.3573, 68.3822, 71.6807, 66.6, 57.2805, 69.7595], [15.0482, 13.3609, 20.908, 17.3141, 22.8694, 14.6294, 23.909, 18.9191, 15.6169, 13.5657, 14.6282, 9.3509, 14.9525, 13.5574, 10.5941, 15.865, 2.9095, 18.0251, 5.3304, 18.9105, 7.084, 15.9982, 9.0052, 8.5699, 12.334, 4.6625, 10.9243, 6.1078, 5.5665, 4.0438, 3.1492, 6.4816, 3.1795, 3.6292, 4.4333, 9.1437, 0.0, 12.944, 3.9911, 3.6685, 59.7635, 65.3391, 50.9019, 65.125, 57.8837, 62.4195, 64.435, 62.8426, 69.3177, 63.8834, 64.8228, 63.1435, 60.6426, 63.3725, 65.3362, 60.0708, 63.4983, 58.1172, 49.071, 61.2814], [8.2139, 3.5495, 14.3734, 7.6148, 10.5822, 7.1383, 17.2983, 9.5659, 3.2705, 7.7501, 7.362, 9.0668, 6.2089, 1.0169, 8.2401, 6.8685, 14.1743, 7.1255, 11.7816, 10.9167, 10.6348, 13.4328, 12.6545, 8.1703, 10.7236, 11.3504, 15.2029, 6.8693, 8.037, 8.9561, 10.4116, 7.395, 15.6201, 10.338, 12.7044, 3.8161, 12.944, 0.0, 9.3957, 9.6096, 71.1005, 76.2214, 62.5251, 76.3706, 69.2386, 73.6808, 75.8347, 74.3695, 80.8741, 74.93, 76.5695, 74.3153, 71.8548, 74.7059, 76.5815, 71.7379, 74.9765, 70.0329, 60.608, 73.1875], [11.1422, 9.418, 17.2054, 13.324, 18.961, 10.6716, 20.2584, 14.9453, 12.3442, 9.6783, 10.6817, 5.8277, 10.9632, 10.1383, 6.8629, 11.8778, 6.3235, 14.0467, 3.6128, 15.0137, 4.2821, 15.5888, 6.7846, 7.5055, 11.8017, 2.8235, 9.2844, 2.6473, 3.9033, 1.0472, 1.0169, 2.4906, 6.2484, 1.0769, 3.8537, 5.7642, 3.9911, 9.3957, 0.0, 0.346, 62.1611, 67.5038, 53.4504, 67.4789, 60.2889, 64.779, 66.8718, 65.3486, 71.8457, 66.1309, 67.4568, 65.456, 62.9737, 65.772, 67.6902, 62.6545, 65.9777, 60.8482, 51.5671, 64.0086], [11.4861, 9.7165, 17.5505, 13.6521, 19.2517, 11.0107, 20.6026, 15.2808, 12.5199, 10.0231, 11.0223, 6.1611, 11.2924, 10.3322, 7.2071, 12.2084, 5.9776, 14.3599, 3.7404, 15.3577, 4.5452, 15.4646, 7.0162, 7.3993, 11.6757, 2.9308, 9.4807, 2.7985, 3.7955, 0.9547, 0.8377, 2.8165, 6.014, 1.0911, 3.8635, 5.9356, 3.6685, 9.6096, 0.346, 0.0, 62.0542, 67.4208, 53.3269, 67.377, 60.181, 64.6763, 66.7615, 65.231, 71.7265, 66.0395, 67.3262, 65.3581, 62.8736, 65.6653, 67.5883, 62.5286, 65.8629, 60.7066, 51.4486, 63.8678], [67.5631, 69.5472, 68.4258, 70.9634, 77.8599, 68.0859, 69.3854, 71.2941, 74.2917, 66.522, 67.8894, 62.6586, 69.2249, 71.9963, 63.9793, 69.7313, 60.456, 72.5655, 59.3268, 69.711, 60.5573, 74.8079, 58.9646, 68.2848, 71.5723, 59.8101, 56.8943, 64.8009, 65.2516, 62.9307, 61.2183, 63.7588, 56.5947, 61.1054, 58.4909, 67.8439, 59.7635, 71.1005, 62.1611, 62.0542, 0.0, 7.0924, 9.1997, 5.4108, 1.8821, 2.7395, 4.7573, 3.8026, 10.0, 4.9843, 7.0933, 3.7259, 1.5258, 3.6113, 5.6196, 3.6722, 4.112, 6.7333, 10.7874, 6.8727], [72.1599, 74.4519, 72.4993, 75.5493, 82.4166, 72.7537, 73.2102, 75.7348, 79.4523, 71.2051, 72.5455, 67.562, 73.934, 77.1469, 68.8195, 74.381, 66.2212, 77.1999, 64.5094, 74.051, 65.6049, 80.6828, 63.8514, 73.9017, 77.3468, 65.0431, 61.6402, 70.1228, 70.7511, 68.3219, 66.591, 68.9591, 62.1597, 66.4354, 63.756, 73.1054, 65.3391, 76.2214, 67.5038, 67.4208, 7.0924, 0.0, 15.8854, 3.8195, 8.6627, 4.7748, 5.5655, 7.2681, 8.7606, 2.1626, 9.7706, 3.6113, 5.6341, 5.0481, 3.8256, 9.7604, 6.5785, 13.2749, 17.1608, 12.1349], [59.4294, 61.1453, 60.7686, 62.8233, 69.7171, 59.8879, 61.9643, 63.2803, 65.678, 58.3182, 59.7023, 54.2865, 60.9865, 63.3961, 55.6537, 61.5414, 51.4795, 64.3767, 50.7455, 61.7964, 52.077, 65.7576, 50.6251, 59.3796, 62.5743, 51.1883, 48.69, 56.0969, 56.4255, 54.1835, 52.4893, 55.1471, 47.7488, 52.4072, 49.8502, 59.1743, 50.9019, 62.5251, 53.4504, 53.3269, 9.1997, 15.8854, 0.0, 14.5902, 7.3654, 11.9392, 13.6439, 11.9501, 18.4159, 13.963, 14.066, 12.8743, 10.3985, 12.7042, 14.7962, 9.2129, 12.6329, 8.0594, 2.0502, 11.0145], [72.6797, 74.7588, 73.3577, 76.0786, 82.9694, 73.2256, 74.2204, 76.361, 79.5727, 71.6656, 73.0253, 67.866, 74.3782, 77.2741, 69.1691, 74.8663, 65.8448, 77.6973, 64.6064, 74.7418, 65.8032, 80.2097, 64.1646, 73.6553, 76.9642, 65.1021, 62.0503, 70.1153, 70.6016, 68.259, 66.542, 69.045, 61.9532, 66.42, 63.7897, 73.1461, 65.125, 76.3706, 67.4789, 67.377, 5.4108, 3.8195, 14.5902, 0.0, 7.287, 2.7058, 1.8316, 3.8313, 5.7042, 2.504, 5.9567, 2.1707, 4.518, 1.9639, 0.2113, 6.8011, 3.0228, 10.2891, 16.1974, 8.637], [65.7419, 67.6999, 66.6592, 69.1422, 76.0397, 66.2581, 67.6486, 69.4866, 72.427, 64.6934, 66.0627, 60.813, 67.3933, 70.1325, 62.1382, 67.9047, 58.5738, 70.7395, 57.4631, 67.9143, 58.7018, 72.9268, 57.1212, 66.4038, 69.6901, 57.9436, 55.0633, 62.9292, 63.3733, 61.0563, 59.3449, 61.8934, 54.7154, 59.2338, 56.6229, 65.9747, 57.8837, 69.2386, 60.2889, 60.181, 1.8821, 8.6627, 7.3654, 7.287, 0.0, 4.5984, 6.5986, 5.3854, 11.7732, 6.6453, 8.4352, 5.5092, 3.059, 5.4889, 7.4965, 4.1339, 5.8374, 6.338, 8.911, 7.3367], [70.0331, 72.0841, 70.7732, 73.4326, 80.3256, 70.5718, 71.671, 73.7306, 76.8805, 69.0105, 70.3726, 65.1921, 71.7204, 74.5825, 66.5002, 72.214, 63.1399, 75.0462, 61.9141, 72.1233, 63.119, 77.5085, 61.4925, 70.9495, 74.2598, 62.4071, 59.3908, 67.416, 67.8971, 65.5573, 63.8411, 66.3514, 59.2479, 63.7206, 61.0933, 70.4492, 62.4195, 73.6808, 64.779, 64.6763, 2.7395, 4.7748, 11.9392, 2.7058, 4.5984, 0.0, 2.5837, 2.9987, 7.847, 2.6202, 6.2594, 1.1645, 1.8749, 1.2597, 2.917, 4.9986, 2.6772, 8.5023, 13.5075, 7.6146], [72.3204, 74.2974, 73.1604, 75.7206, 82.6171, 72.843, 74.0966, 76.049, 79.0211, 71.2791, 72.6466, 67.4099, 73.9815, 76.7273, 68.733, 74.4885, 65.0818, 77.3228, 64.0582, 74.4622, 65.3003, 79.392, 63.7171, 72.9425, 76.1884, 64.5359, 61.651, 69.5134, 69.935, 67.6338, 65.925, 68.4869, 61.2704, 65.8183, 63.2134, 72.5634, 64.435, 75.8347, 66.8718, 66.7615, 4.7573, 5.5655, 13.6439, 1.8316, 6.5986, 2.5837, 0.0, 2.1166, 5.314, 3.8823, 4.2438, 2.8606, 4.3848, 1.3252, 1.9184, 5.2387, 1.2709, 8.6397, 15.3784, 6.8228], [71.0178, 72.8996, 72.0135, 74.4176, 81.3161, 71.5185, 73.0225, 74.7892, 77.5406, 69.9517, 71.3258, 66.0207, 72.6433, 75.2521, 67.3612, 73.1676, 63.4289, 76.0035, 62.5882, 73.2343, 63.8699, 77.6904, 62.3381, 71.3273, 74.5209, 63.0497, 60.318, 67.9934, 68.3595, 66.0946, 64.3938, 67.0055, 59.6857, 64.3004, 61.7192, 71.0585, 62.8426, 74.3695, 65.3486, 65.231, 3.8026, 7.2681, 11.9501, 3.8313, 5.3854, 2.9987, 2.1166, 0.0, 6.5052, 5.2862, 3.4094, 3.9123, 4.1562, 2.2288, 3.9601, 3.1591, 0.8469, 6.5231, 13.7829, 4.8732], [77.4998, 79.4023, 78.4231, 80.9, 87.7981, 78.007, 79.384, 81.256, 84.0439, 76.4409, 77.8132, 72.5222, 79.1354, 81.7559, 73.8601, 79.6552, 69.8712, 82.4907, 69.0927, 79.6873, 70.3749, 84.0917, 68.8379, 77.7904, 80.9506, 69.5528, 66.8081, 74.491, 74.8408, 72.5878, 70.8891, 73.509, 66.1646, 70.7986, 68.2214, 77.5587, 69.3177, 80.8741, 71.8457, 71.7265, 10.0, 8.7606, 18.4159, 5.7042, 11.7732, 7.847, 5.314, 6.5052, 0.0, 8.1491, 5.0403, 7.7733, 9.6898, 6.6153, 5.5509, 9.2988, 5.94, 11.9351, 20.2788, 9.0824], [71.0439, 73.2335, 71.5569, 74.4391, 81.3201, 71.6143, 72.3496, 74.6733, 78.1487, 70.0596, 71.4099, 66.3398, 72.7815, 75.8457, 67.6195, 73.2487, 64.6984, 76.0745, 63.1898, 73.0218, 64.3323, 79.1257, 62.632, 72.4355, 75.8253, 63.7066, 60.4663, 68.7586, 69.3251, 66.9326, 65.2071, 67.6363, 60.7058, 65.0662, 62.4076, 71.7638, 63.8834, 74.93, 66.1309, 66.0395, 4.9843, 2.1626, 13.963, 2.504, 6.6453, 2.6202, 3.8823, 5.2862, 8.1491, 0.0, 8.113, 1.4638, 3.5867, 3.0657, 2.6229, 7.6165, 4.6856, 11.1222, 15.3474, 10.1056], [73.4725, 75.2109, 74.6687, 76.8686, 83.7646, 73.9413, 75.7602, 77.2994, 79.7116, 72.372, 73.7541, 68.3525, 75.0451, 77.4341, 69.7183, 75.5941, 65.2833, 78.4299, 64.7933, 75.7879, 66.1391, 79.4179, 64.6899, 73.2508, 76.3293, 65.2264, 62.7407, 70.1041, 70.3658, 68.1726, 66.4885, 69.1857, 61.6859, 66.4195, 63.8838, 73.1929, 64.8228, 76.5695, 67.4568, 67.3262, 7.0933, 9.7706, 14.066, 5.9567, 8.4352, 6.2594, 4.2438, 3.4094, 5.0403, 8.113, 0.0, 6.9474, 7.5654, 5.1916, 5.9749, 4.8949, 3.5874, 6.9693, 16.0387, 4.0421], [70.5651, 72.6758, 71.2073, 73.9632, 80.8519, 71.1175, 72.0596, 74.2338, 77.5234, 69.5588, 70.9161, 65.7821, 72.2742, 75.2231, 67.0782, 72.7566, 63.9039, 75.5864, 62.5583, 72.6072, 63.7367, 78.2986, 62.0784, 71.684, 75.028, 63.0615, 59.9488, 68.0894, 68.6067, 66.2443, 64.5239, 67.0001, 59.969, 64.3948, 61.7537, 71.1111, 63.1435, 74.3153, 65.456, 65.3581, 3.7259, 3.6113, 12.8743, 2.1707, 5.5092, 1.1645, 2.8606, 3.9123, 7.7733, 1.4638, 6.9474, 0.0, 2.5185, 1.7624, 2.3678, 6.154, 3.4026, 9.664, 14.3657, 8.6766], [68.1728, 70.2411, 68.8992, 71.5721, 78.4642, 68.7149, 69.7963, 71.8646, 75.0583, 67.1542, 68.5151, 63.3483, 69.8656, 72.7592, 64.6525, 70.3564, 61.3921, 73.188, 60.0922, 70.2542, 61.2856, 75.7825, 59.6473, 69.1799, 72.5155, 60.5901, 57.5369, 65.6088, 66.111, 63.7576, 62.039, 64.5317, 57.469, 61.9137, 59.2792, 68.6361, 60.6426, 71.8548, 62.9737, 62.8736, 1.5258, 5.6341, 10.3985, 4.518, 3.059, 1.8749, 4.3848, 4.1562, 9.6898, 3.5867, 7.5654, 2.5185, 0.0, 3.0746, 4.7285, 4.9686, 4.1551, 8.2028, 11.853, 8.0381], [71.1273, 73.1399, 71.9201, 74.5274, 81.4223, 71.6577, 72.8385, 74.8413, 77.8988, 70.0949, 71.4599, 66.2499, 72.801, 75.6029, 67.5658, 73.3016, 64.0552, 76.135, 62.9334, 73.2447, 64.1576, 78.3951, 62.5536, 71.8916, 75.1692, 63.4185, 60.4704, 68.4116, 68.862, 66.5419, 64.8294, 67.3665, 60.2042, 64.716, 62.1002, 71.4536, 63.3725, 74.7059, 65.772, 65.6653, 3.6113, 5.0481, 12.7042, 1.9639, 5.4889, 1.2597, 1.3252, 2.2288, 6.6153, 3.0657, 5.1916, 1.7624, 3.0746, 0.0, 2.1527, 4.9131, 1.6429, 8.4333, 14.3653, 7.087], [72.8883, 74.969, 73.5624, 76.2871, 83.1778, 73.4346, 74.4228, 76.5686, 79.7837, 71.8746, 73.2342, 68.0761, 74.5874, 77.485, 69.3789, 75.0752, 66.0555, 77.9061, 64.8174, 74.9487, 66.0138, 80.42, 64.3746, 73.8664, 77.1748, 65.3132, 62.2597, 70.3265, 70.8129, 68.4703, 66.7533, 69.256, 62.1645, 66.6312, 64.0008, 73.3573, 65.3362, 76.5815, 67.6902, 67.5883, 5.6196, 3.8256, 14.7962, 0.2113, 7.4965, 2.917, 1.9184, 3.9601, 5.5509, 2.6229, 5.9749, 2.3678, 4.7285, 2.1527, 0.0, 6.9606, 3.1401, 10.4389, 16.4065, 8.7391], [68.5853, 70.3491, 69.7766, 71.982, 78.8787, 69.0583, 70.8787, 72.4071, 74.8895, 67.4893, 68.8704, 63.4854, 70.1654, 72.6082, 64.8462, 70.7107, 60.59, 73.5467, 59.9584, 70.8934, 61.2865, 74.7945, 59.8182, 68.5261, 71.6618, 60.4003, 57.8569, 65.3014, 65.6039, 63.3816, 61.6909, 64.3592, 56.9246, 61.6131, 59.0614, 68.3822, 60.0708, 71.7379, 62.6545, 62.5286, 3.6722, 9.7604, 9.2129, 6.8011, 4.1339, 4.9986, 5.2387, 3.1591, 9.2988, 7.6165, 4.8949, 6.154, 4.9686, 4.9131, 6.9606, 0.0, 3.9925, 3.5296, 11.1603, 3.2511], [71.5612, 73.4803, 72.4958, 74.9614, 81.8594, 72.0705, 73.4763, 75.316, 78.1537, 70.5047, 71.8763, 66.5976, 73.2007, 75.863, 67.9314, 73.7183, 64.1081, 76.5537, 63.1964, 73.7486, 64.4627, 78.3888, 62.9107, 71.9923, 75.2061, 63.6642, 60.8725, 68.6214, 69.009, 66.7299, 65.0259, 67.6184, 60.3383, 64.9274, 62.3368, 71.6807, 63.4983, 74.9765, 65.9777, 65.8629, 4.112, 6.5785, 12.6329, 3.0228, 5.8374, 2.6772, 1.2709, 0.8469, 5.94, 4.6856, 3.5874, 3.4026, 4.1551, 1.6429, 3.1401, 3.9925, 0.0, 7.3695, 14.4276, 5.6245], [67.2312, 68.7911, 68.7338, 70.6169, 77.5002, 67.6573, 69.9756, 71.1292, 73.1446, 66.0873, 67.4776, 61.9664, 68.7327, 70.8798, 63.3597, 69.3123, 58.4963, 72.1439, 58.2777, 69.6847, 59.6871, 72.5581, 58.3342, 66.499, 69.5094, 58.6826, 56.4783, 63.4943, 63.6731, 61.5377, 59.8697, 62.6395, 54.9988, 59.8216, 57.3307, 66.6, 58.1172, 70.0329, 60.8482, 60.7066, 6.7333, 13.2749, 8.0594, 10.2891, 6.338, 8.5023, 8.6397, 6.5231, 11.9351, 11.1222, 6.9693, 9.664, 8.2028, 8.4333, 10.4389, 3.5296, 7.3695, 0.0, 10.1085, 3.1641], [57.4358, 59.192, 58.7348, 60.8313, 67.7268, 57.9026, 59.9204, 61.2743, 63.7709, 56.3333, 57.7155, 52.3261, 59.007, 61.4851, 53.686, 59.5554, 49.7037, 62.3912, 48.8266, 59.7808, 50.1362, 64.03, 48.658, 57.5692, 60.8123, 49.2796, 46.7022, 54.2123, 54.5818, 52.3117, 50.6113, 53.237, 45.9107, 50.5199, 47.946, 57.2805, 49.071, 60.608, 51.5671, 51.4486, 10.7874, 17.1608, 2.0502, 16.1974, 8.911, 13.5075, 15.3784, 13.7829, 20.2788, 15.3474, 16.0387, 14.3657, 11.853, 14.3653, 16.4065, 11.1603, 14.4276, 10.1085, 0.0, 13.059], [70.3397, 71.9307, 71.7746, 73.7279, 80.6144, 70.7739, 72.9787, 74.2239, 76.3022, 69.2039, 70.5928, 65.1, 71.8546, 74.0361, 66.489, 72.4287, 61.6569, 75.2614, 61.4291, 72.7649, 62.8304, 75.7054, 61.4622, 69.662, 72.6653, 61.8372, 59.589, 66.655, 66.8372, 64.6999, 63.0309, 65.7946, 58.1627, 62.9813, 60.4862, 69.7595, 61.2814, 73.1875, 64.0086, 63.8678, 6.8727, 12.1349, 11.0145, 8.637, 7.3367, 7.6146, 6.8228, 4.8732, 9.0824, 10.1056, 4.0421, 8.6766, 8.0381, 7.087, 8.7391, 3.2511, 5.6245, 3.1641, 13.059, 0.0]]
