[4, 70]
[[0.0, 6.7165, 12.597, 3.8785, 9.1059, 5.2756, 14.946, 7.2338, 4.9655, 7.0637, 9.1784, 3.8923, 9.6841, 8.8715, 7.0784, 6.7064, 6.2723, 9.7388, 3.6513, 5.883, 3.3505, 5.3793, 5.2931, 12.8465, 57.6094, 53.1579, 56.4412, 57.7506, 59.957, 55.4607, 58.3832, 60.4147, 52.0527, 49.3618, 56.4054, 53.5317, 61.9784, 56.5986, 63.8318, 57.3018, 50.0726, 44.0417, 61.1018, 58.5152, 59.729, 50.2548, 56.3955, 39.4569, 44.2323, 38.3416, 40.5158, 40.3758, 37.2707, 46.4138, 36.7779, 27.3235, 37.493, 41.3877, 38.3659, 36.8447, 37.2188, 44.6312, 39.8329, 49.9833, 39.8619, 42.4767, 35.2181, 35.2515, 39.6559, 44.0093], [6.7165, 0.0, 7.6299, 2.9742, 11.1163, 10.8511, 14.4514, 3.5691, 6.4732, 2.1454, 15.7173, 3.5387, 15.7499, 2.1594, 12.4339, 8.35, 2.9174, 3.3522, 3.0948, 1.5595, 3.4315, 2.0341, 1.6143, 11.509, 57.0439, 53.0886, 56.231, 57.3759, 59.039, 54.1181, 58.0435, 59.4469, 52.3358, 48.8085, 56.1006, 53.7652, 62.2427, 56.0955, 63.0161, 56.6983, 50.3871, 42.4723, 60.4875, 58.4158, 59.1226, 49.9166, 55.4772, 42.1703, 46.2524, 39.8129, 42.3324, 42.7059, 40.259, 49.6878, 37.3704, 31.4071, 39.1398, 43.8631, 40.8515, 39.1251, 38.5047, 47.9932, 41.7022, 51.691, 41.9783, 45.2721, 36.4294, 37.0658, 40.9662, 45.0689], [12.597, 7.6299, 0.0, 9.9793, 10.8417, 14.3636, 10.126, 10.9487, 8.9688, 5.9292, 19.941, 10.8255, 22.2767, 6.5637, 19.3805, 9.322, 10.5061, 8.2564, 9.4407, 7.2683, 10.2, 9.6067, 8.0154, 7.1445, 63.5018, 59.8382, 62.89, 63.9397, 65.2702, 60.1045, 64.6226, 65.6437, 59.257, 55.3318, 62.71, 60.6563, 69.1091, 62.595, 69.2879, 63.1362, 57.3329, 48.4254, 66.8963, 65.1206, 65.5439, 56.5486, 61.7327, 49.7792, 53.758, 47.2161, 49.8072, 50.2711, 47.8853, 57.3177, 44.5164, 38.9474, 46.5883, 51.4456, 48.4398, 46.6905, 45.8652, 55.6223, 49.1899, 59.1137, 49.5117, 52.8847, 43.781, 44.5583, 48.321, 52.3281], [3.8785, 2.9742, 9.9793, 0.0, 10.3771, 8.5942, 14.9575, 3.7982, 5.4708, 4.0517, 13.0345, 0.9518, 12.7989, 5.1187, 9.5641, 7.5656, 2.7455, 5.8604, 1.0048, 2.7114, 0.542, 1.5459, 1.9655, 12.3024, 56.5202, 52.3406, 55.5501, 56.7688, 58.6757, 53.9391, 57.4221, 59.1066, 51.4351, 48.2633, 55.4607, 52.8885, 61.3669, 55.5426, 62.6127, 56.1909, 49.469, 42.3716, 59.9909, 57.6904, 58.6204, 49.2791, 55.1081, 40.2749, 44.6303, 38.3886, 40.7794, 40.9557, 38.2578, 47.6044, 36.2965, 29.0026, 37.6435, 42.061, 39.0374, 37.3831, 37.1502, 45.8754, 40.1267, 50.2033, 40.3078, 43.354, 35.097, 35.4961, 39.6103, 43.8269], [9.1059, 11.1163, 10.8417, 10.3771, 0.0, 6.2105, 6.6049, 13.9851, 4.9082, 9.4499, 11.0968, 11.1625, 16.6717, 12.3626, 15.3806, 2.827, 12.9596, 14.2497, 9.3867, 9.5593, 10.0246, 11.5396, 9.7557, 5.945, 66.5895, 62.2167, 65.4836, 66.7676, 68.8557, 64.2222, 67.4068, 69.3003, 61.1452, 58.3335, 65.4329, 62.6214, 71.0738, 65.5903, 72.7613, 66.2735, 59.1661, 52.6954, 70.0753, 67.5745, 68.7028, 59.2697, 65.2894, 48.225, 53.1913, 47.4109, 49.5284, 49.2667, 45.9424, 54.8833, 45.8783, 35.5055, 46.5414, 50.2292, 47.219, 45.7655, 46.3076, 53.0638, 48.8375, 58.9954, 48.8122, 51.1957, 44.3142, 44.2799, 48.7395, 53.1068], [5.2756, 10.8511, 14.3636, 8.5942, 6.2105, 0.0, 12.8129, 12.2965, 5.4262, 10.2509, 5.5905, 8.9256, 10.51, 12.8219, 9.6767, 5.4327, 11.2737, 14.1709, 7.9283, 9.5285, 8.064, 10.1296, 9.2388, 11.7331, 62.1888, 57.5591, 60.8861, 62.2563, 64.656, 60.3093, 62.8726, 65.1294, 56.3069, 53.9701, 60.8885, 57.8004, 66.1957, 61.1582, 68.4839, 61.8965, 54.3238, 48.9911, 65.688, 62.9059, 64.3167, 54.7779, 61.1055, 42.4414, 47.6206, 42.116, 44.0678, 43.6094, 40.0879, 48.8915, 41.0085, 29.4459, 41.1801, 44.5119, 41.5227, 40.1582, 41.1062, 47.0579, 43.3617, 53.5108, 43.239, 45.3638, 39.1694, 38.8733, 43.5023, 47.9448], [14.946, 14.4514, 10.126, 14.9575, 6.6049, 12.8129, 0.0, 17.9137, 10.0424, 12.3399, 17.5294, 15.8834, 23.2307, 14.7905, 21.6918, 8.2725, 17.0311, 16.8155, 13.9796, 13.1102, 14.7837, 15.6503, 13.6206, 3.1052, 71.3943, 67.2873, 70.4827, 71.6784, 73.4558, 68.5678, 72.337, 73.8704, 66.392, 63.1443, 70.3813, 67.846, 76.3242, 70.4298, 77.4208, 71.0568, 64.4251, 56.9237, 74.8526, 72.6339, 73.4845, 64.1968, 69.8912, 54.3953, 59.1526, 53.1403, 55.3995, 55.3186, 52.1825, 61.2404, 51.2341, 41.9497, 52.3344, 56.3337, 53.3119, 51.7823, 51.9582, 59.4366, 54.7249, 64.8609, 54.7883, 57.4049, 49.9254, 50.1234, 54.4107, 58.6901], [7.2338, 3.5691, 10.9487, 3.7982, 13.9851, 12.2965, 17.9137, 0.0, 9.1002, 5.7065, 16.3237, 3.377, 14.5345, 4.5058, 10.908, 11.1583, 1.0543, 3.7417, 4.6921, 4.8039, 4.288, 2.4465, 4.3498, 15.0255, 53.5127, 49.5269, 52.6763, 53.8311, 55.5429, 50.6736, 54.4967, 55.9567, 48.7668, 45.2717, 52.551, 50.1967, 58.6745, 52.5589, 59.5112, 53.17, 46.818, 39.0494, 56.9621, 54.8567, 55.5958, 46.3662, 51.9788, 38.8706, 42.8132, 36.3132, 38.871, 39.3264, 37.0316, 46.5063, 33.8091, 28.5914, 35.6622, 40.5085, 37.5073, 35.7463, 34.9881, 44.8411, 38.2494, 48.2021, 38.5631, 41.9819, 32.9092, 33.6159, 37.4483, 41.5263], [4.9655, 6.4732, 8.9688, 5.4708, 4.9082, 5.4262, 10.0424, 9.1002, 0.0, 5.2223, 10.979, 6.2758, 14.1306, 8.0698, 11.9574, 2.0971, 8.0657, 9.7692, 4.4786, 4.9321, 5.134, 6.6541, 4.9805, 7.8863, 61.839, 57.5547, 60.7962, 62.0502, 64.053, 59.3687, 62.6961, 64.491, 56.5586, 53.5806, 60.7276, 58.0252, 66.4932, 60.8497, 67.9742, 61.5167, 54.5843, 47.8206, 65.3184, 62.9107, 63.9465, 54.5539, 60.4856, 44.4038, 49.1112, 43.1168, 45.3583, 45.2891, 42.2309, 51.3787, 41.337, 32.2545, 42.3002, 46.3169, 43.2931, 41.7477, 41.9525, 49.5948, 44.6829, 54.8209, 44.7484, 47.4305, 39.9296, 40.0834, 44.4008, 48.7072], [7.0637, 2.1454, 5.9292, 4.0517, 9.4499, 10.2509, 12.3399, 5.7065, 5.2223, 0.0, 15.5018, 4.9012, 16.603, 2.9196, 13.536, 6.8143, 4.9799, 4.8192, 3.5935, 1.3405, 4.2994, 3.8235, 2.0866, 9.3737, 59.1882, 55.2317, 58.3759, 59.5213, 61.1765, 56.2413, 60.1889, 61.5829, 54.4709, 50.9535, 58.246, 55.9021, 64.3802, 58.2404, 65.1557, 58.8422, 52.5206, 44.5897, 62.631, 60.5598, 61.2663, 52.0619, 57.6154, 44.0809, 48.2593, 41.8686, 44.3574, 44.671, 42.1229, 51.5149, 39.4858, 33.0296, 41.1782, 45.8103, 42.7931, 41.0915, 40.5749, 49.802, 43.7209, 53.7354, 43.9692, 47.1743, 38.5031, 39.084, 43.037, 47.162], [9.1784, 15.7173, 19.941, 13.0345, 11.0968, 5.5905, 17.5294, 16.3237, 10.979, 15.5018, 0.0, 13.052, 8.0299, 17.8181, 9.3361, 10.9548, 15.4116, 18.8813, 12.6329, 14.5926, 12.4966, 14.554, 14.1616, 16.9643, 62.119, 57.1732, 60.5591, 62.0378, 64.828, 60.8629, 62.6188, 65.3344, 55.6687, 54.0165, 60.6347, 57.1759, 65.4291, 61.0541, 68.5332, 61.86, 53.6964, 49.8946, 65.6122, 62.465, 64.2513, 54.6456, 61.3224, 40.1846, 45.7908, 40.8804, 42.4968, 41.6348, 37.6752, 46.0014, 40.4945, 26.5271, 39.8353, 42.3922, 39.4841, 38.3348, 40.0502, 44.1344, 41.7691, 51.8036, 41.45, 42.9563, 38.2402, 37.476, 42.3514, 46.8717], [3.8923, 3.5387, 10.8255, 0.9518, 11.1625, 8.9256, 15.8834, 3.377, 6.2758, 4.9012, 13.052, 0.0, 12.2464, 5.5958, 8.8952, 8.3721, 2.384, 6.0303, 1.904, 3.572, 1.1424, 1.6661, 2.8272, 13.2476, 55.6305, 51.4278, 54.6434, 55.8697, 57.8056, 53.0961, 56.5214, 58.2394, 50.5091, 47.3727, 54.5583, 51.9642, 60.4418, 54.6497, 61.7367, 55.3032, 48.5418, 41.5448, 59.1039, 56.779, 57.7329, 48.378, 54.238, 39.3343, 43.6792, 37.4378, 39.8276, 40.0078, 37.3251, 46.681, 35.3605, 28.1286, 36.6918, 41.1153, 38.092, 36.4346, 36.2011, 44.9559, 39.1751, 49.2516, 39.3575, 42.4152, 34.1486, 34.5443, 38.661, 42.8811], [9.6841, 15.7499, 22.2767, 12.7989, 16.6717, 10.51, 23.2307, 14.5345, 14.1306, 16.603, 8.0299, 12.2464, 0.0, 17.8419, 3.715, 15.2385, 14.0141, 18.057, 13.0213, 15.3242, 12.4088, 13.8916, 14.6367, 21.7634, 54.2676, 49.2404, 52.6362, 54.1418, 57.0574, 53.2714, 54.7122, 57.5755, 47.6857, 46.2233, 52.7309, 49.1938, 57.4211, 53.1936, 60.7111, 54.02, 45.7174, 42.5513, 57.7533, 54.5132, 56.3979, 46.7887, 53.5771, 32.3309, 37.8213, 32.8508, 34.4832, 33.694, 29.8804, 38.4844, 32.5642, 18.9944, 31.8059, 34.4946, 31.5574, 30.3548, 32.0295, 36.6378, 33.7574, 43.8161, 33.4675, 35.1689, 30.2348, 29.4474, 34.3238, 38.8461], [8.8715, 2.1594, 6.5637, 5.1187, 12.3626, 12.8219, 14.7905, 4.5058, 8.0698, 2.9196, 17.8181, 5.5958, 17.8419, 0.0, 14.4567, 9.7315, 4.3149, 2.0277, 5.2346, 3.2942, 5.5882, 3.9683, 3.6566, 11.7253, 57.1885, 53.4047, 56.4922, 57.5811, 59.0632, 54.0167, 58.258, 59.4537, 52.7658, 48.9851, 56.332, 54.1749, 62.6383, 56.263, 63.0637, 56.8316, 50.8337, 42.3422, 60.6068, 58.7061, 59.248, 50.1581, 55.5116, 43.3629, 47.2306, 40.6592, 43.2677, 43.7878, 41.5358, 51.0121, 37.9668, 33.0123, 40.0413, 44.9817, 41.9856, 40.2093, 39.3034, 49.3464, 42.6557, 52.5585, 43.0021, 46.476, 37.2188, 38.0278, 41.7586, 45.7665], [7.0784, 12.4339, 19.3805, 9.5641, 15.3806, 9.6767, 21.6918, 10.908, 11.9574, 13.536, 9.3361, 8.8952, 3.715, 14.4567, 0.0, 13.4429, 10.4592, 14.5067, 9.9538, 12.2127, 9.2448, 10.4888, 11.489, 19.8267, 53.0173, 48.2107, 51.5709, 52.9998, 55.6412, 51.5761, 53.5976, 56.1376, 46.8451, 44.8615, 51.6115, 48.3458, 56.6952, 51.9653, 59.3913, 52.7448, 44.8639, 40.5613, 56.5161, 53.537, 55.1498, 45.5613, 52.1186, 32.8554, 37.9506, 32.4684, 34.3917, 33.9593, 30.5618, 39.55, 31.5733, 20.3085, 31.5173, 34.887, 31.8869, 30.4931, 31.4913, 37.7448, 33.6851, 43.8342, 33.5685, 35.8167, 29.5825, 29.2037, 33.8711, 38.3354], [6.7064, 8.35, 9.322, 7.5656, 2.827, 5.4327, 8.2725, 11.1583, 2.0971, 6.8143, 10.9548, 8.3721, 15.2385, 9.7315, 13.4429, 0.0, 10.1327, 11.5537, 6.5702, 6.7905, 7.2306, 8.7126, 6.947, 6.5266, 63.9067, 59.5949, 62.8447, 64.108, 66.135, 61.4619, 64.752, 66.5747, 58.5737, 55.6486, 62.7817, 60.0437, 68.5071, 62.9144, 70.0522, 63.5861, 56.5976, 49.9168, 67.388, 64.9518, 66.0159, 56.6108, 62.5678, 46.1279, 50.9386, 45.0239, 47.219, 47.0752, 43.91, 52.98, 43.3341, 33.7361, 44.1869, 48.0779, 45.058, 43.5479, 43.882, 51.1809, 46.5374, 56.686, 46.5678, 49.1339, 41.8695, 41.9521, 46.3249, 50.6549], [6.2723, 2.9174, 10.5061, 2.7455, 12.9596, 11.2737, 17.0311, 1.0543, 8.0657, 4.9799, 15.4116, 2.384, 14.0141, 4.3149, 10.4592, 10.1327, 0.0, 4.0487, 3.6403, 3.9448, 3.2413, 1.4286, 3.4152, 14.1885, 54.3672, 50.3277, 53.4943, 54.6667, 56.4316, 51.5973, 55.3291, 56.8501, 49.5274, 46.1201, 53.3787, 50.9642, 59.4441, 53.4068, 60.392, 54.0281, 47.5732, 39.9864, 57.8229, 55.6641, 56.4553, 47.1933, 52.866, 39.2744, 43.335, 36.903, 39.4158, 39.7935, 37.384, 46.8299, 34.5127, 28.7048, 36.2251, 40.955, 37.9452, 36.2125, 35.6013, 45.1459, 38.7851, 48.7779, 39.0619, 42.379, 33.5279, 34.1486, 38.0631, 42.1822], [9.7388, 3.3522, 8.2564, 5.8604, 14.2497, 14.1709, 16.8155, 3.7417, 9.7692, 4.8192, 18.8813, 6.0303, 18.057, 2.0277, 14.5067, 11.5537, 4.0487, 0.0, 6.2893, 4.843, 6.3922, 4.3942, 4.9593, 13.7456, 55.3036, 51.5882, 54.6516, 55.7182, 57.1385, 52.0588, 56.3984, 57.5237, 51.0012, 47.1151, 54.4796, 52.4, 60.853, 54.3866, 61.145, 54.9428, 49.0784, 40.3807, 58.7121, 56.8765, 57.3558, 48.3125, 53.591, 42.1178, 45.805, 39.147, 41.8149, 42.4477, 40.3711, 49.8803, 36.3022, 32.2282, 38.5687, 43.6704, 40.6917, 38.8766, 37.7611, 48.2454, 41.2172, 51.0479, 41.6167, 45.2367, 35.6735, 36.6029, 40.2088, 44.1522], [3.6513, 3.0948, 9.4407, 1.0048, 9.3867, 7.9283, 13.9796, 4.6921, 4.4786, 3.5935, 12.6329, 1.904, 13.0213, 5.2346, 9.9538, 6.5702, 3.6403, 6.2893, 0.0, 2.3041, 0.8473, 2.2936, 1.6519, 11.361, 57.5196, 53.3294, 56.5424, 57.7648, 59.6792, 54.9438, 58.4174, 60.1104, 52.413, 49.2623, 56.4552, 53.8682, 62.3457, 56.5409, 63.6153, 57.1908, 50.4457, 43.3753, 60.991, 58.68, 59.6204, 50.2742, 56.1116, 41.0989, 45.5134, 39.3084, 41.6768, 41.8137, 39.0544, 48.3723, 37.2618, 29.6638, 38.552, 42.9068, 39.8818, 38.2446, 38.081, 46.6333, 41.0203, 51.109, 41.1829, 44.1707, 36.0318, 36.3928, 40.54, 44.7708], [5.883, 1.5595, 7.2683, 2.7114, 9.5593, 9.5285, 13.1102, 4.8039, 4.9321, 1.3405, 14.5926, 3.572, 15.3242, 3.2942, 12.2127, 6.7905, 3.9448, 4.843, 2.3041, 0.0, 2.9688, 2.645, 0.7475, 10.2444, 58.3025, 54.2724, 57.4386, 58.6082, 60.3458, 55.4734, 59.2713, 60.7602, 53.4644, 50.0576, 57.3218, 54.9032, 63.3834, 57.3446, 64.3123, 57.9618, 51.5085, 43.843, 61.7554, 59.609, 60.3884, 51.1365, 56.7814, 42.8234, 47.0597, 40.7154, 43.1735, 43.4429, 40.846, 50.2238, 38.4246, 31.6988, 40.0074, 44.5713, 41.5516, 39.865, 39.439, 48.5055, 42.5316, 52.5681, 42.7584, 45.9125, 37.3724, 37.8956, 41.9013, 46.0569], [3.3505, 3.4315, 10.2, 0.542, 10.0246, 8.064, 14.7837, 4.288, 5.134, 4.2994, 12.4966, 1.1424, 12.4088, 5.5882, 9.2448, 7.2306, 3.2413, 6.3922, 0.8473, 2.9688, 0.0, 2.0867, 2.246, 12.1929, 56.7642, 52.5476, 55.7677, 56.9988, 58.9452, 54.2385, 57.6495, 59.3796, 51.6151, 48.5061, 55.6854, 53.0724, 61.5487, 55.782, 62.875, 56.4376, 49.6464, 42.6867, 60.2385, 57.8998, 58.8674, 49.5061, 55.3776, 40.252, 44.6686, 38.4723, 40.8345, 40.9668, 38.2097, 47.5317, 36.4513, 28.848, 37.7124, 42.0595, 39.0344, 37.3978, 37.2491, 45.7943, 40.1773, 50.2686, 40.3373, 43.3242, 35.2017, 35.5506, 39.7075, 43.945], [5.3793, 2.0341, 9.6067, 1.5459, 11.5396, 10.1296, 15.6503, 2.4465, 6.6541, 3.8235, 14.554, 1.6661, 13.8916, 3.9683, 10.4888, 8.7126, 1.4286, 4.3942, 2.2936, 2.645, 2.0867, 0.0, 2.0356, 12.8448, 55.7441, 51.6698, 54.8478, 56.0318, 57.8277, 53.01, 56.692, 58.2486, 50.8404, 47.494, 54.7388, 52.2822, 60.7627, 54.7797, 61.7838, 55.4072, 48.8825, 41.4046, 59.2034, 57.0104, 57.8351, 48.5537, 54.2616, 40.2641, 44.4412, 38.0761, 40.5459, 40.8475, 38.3209, 47.7298, 35.7848, 29.3831, 37.3738, 41.9875, 38.9708, 37.268, 36.796, 46.0262, 39.9068, 49.9334, 40.1478, 43.3599, 34.7287, 35.2702, 39.2583, 43.4119], [5.2931, 1.6143, 8.0154, 1.9655, 9.7557, 9.2388, 13.6206, 4.3498, 4.9805, 2.0866, 14.1616, 2.8272, 14.6367, 3.6566, 11.489, 6.947, 3.4152, 4.9593, 1.6519, 0.7475, 2.246, 2.0356, 0.0, 10.8098, 57.7741, 53.7054, 56.883, 58.0653, 59.8464, 55.0085, 58.7259, 60.2652, 52.8728, 49.525, 56.7732, 54.3155, 62.796, 56.8111, 63.8058, 57.4363, 50.9141, 43.392, 61.2319, 59.046, 59.8639, 50.588, 56.2808, 42.1061, 46.3699, 40.0494, 42.4917, 42.7395, 40.1199, 49.4913, 37.8063, 30.9522, 39.3324, 43.8627, 40.842, 39.1626, 38.7819, 47.7708, 41.8473, 51.8939, 42.0634, 45.1931, 36.7182, 37.2121, 41.244, 45.4149], [12.8465, 11.509, 7.1445, 12.3024, 5.945, 11.7331, 3.1052, 15.0255, 7.8863, 9.3737, 16.9643, 13.2476, 21.7634, 11.7253, 19.8267, 6.5266, 14.1885, 13.7456, 11.361, 10.2444, 12.1929, 12.8448, 10.8098, 0.0, 68.5382, 64.5125, 67.6827, 68.8513, 70.548, 65.6103, 69.5151, 70.9556, 63.6791, 60.2966, 67.5661, 65.1235, 73.604, 67.5838, 74.5244, 68.1953, 61.7187, 53.9535, 71.9868, 69.8511, 70.6208, 61.3807, 66.9862, 52.2244, 56.8088, 50.6634, 53.0023, 53.0473, 50.0827, 59.2583, 48.5839, 40.1329, 49.8952, 54.1027, 51.0768, 49.4912, 49.4416, 57.4775, 52.3391, 62.4464, 52.4621, 55.2652, 47.3927, 47.719, 51.9003, 56.1287], [57.6094, 57.0439, 63.5018, 56.5202, 66.5895, 62.1888, 71.3943, 53.5127, 61.839, 59.1882, 62.119, 55.6305, 54.2676, 57.1885, 53.0173, 63.9067, 54.3672, 55.3036, 57.5196, 58.3025, 56.7642, 55.7441, 57.7741, 68.5382, 0.0, 5.8641, 3.1698, 1.6525, 3.7744, 7.0264, 2.1392, 4.3925, 8.6152, 8.2585, 2.4566, 7.5583, 8.7933, 1.1148, 6.5107, 0.4612, 9.9999, 15.9896, 3.5002, 4.1807, 2.1328, 7.4792, 3.3013, 29.1035, 23.1452, 23.2731, 23.5679, 26.4767, 31.4755, 32.0658, 21.806, 40.7566, 24.5576, 26.9963, 28.1814, 27.8137, 23.3711, 32.7829, 24.1988, 19.4568, 25.4881, 28.8182, 24.6765, 26.7017, 21.7191, 17.7174], [53.1579, 53.0886, 59.8382, 52.3406, 62.2167, 57.5591, 67.2873, 49.5269, 57.5547, 55.2317, 57.1732, 51.4278, 49.2404, 53.4047, 48.2107, 59.5949, 50.3277, 51.5882, 53.3294, 54.2724, 52.5476, 51.6698, 53.7054, 64.5125, 5.8641, 0.0, 3.4175, 5.1103, 9.5669, 10.4188, 5.5695, 10.1891, 2.9161, 5.472, 3.6753, 2.4644, 9.444, 4.7898, 12.1753, 5.8555, 4.1379, 14.6346, 8.965, 5.3578, 7.7526, 3.6789, 7.4618, 23.2395, 17.3233, 17.572, 17.7227, 20.6127, 25.6173, 26.4425, 16.6793, 35.0686, 18.8464, 21.1404, 22.3282, 22.0092, 17.7981, 27.0704, 18.3631, 14.042, 19.6331, 22.9998, 19.2541, 21.0508, 16.0044, 11.8847], [56.4412, 56.231, 62.89, 55.5501, 65.4836, 60.8861, 70.4827, 52.6763, 60.7962, 58.3759, 60.5591, 54.6434, 52.6362, 56.4922, 51.5709, 62.8447, 53.4943, 54.6516, 56.5424, 57.4386, 55.7677, 54.8478, 56.883, 67.6827, 3.1698, 3.4175, 0.0, 1.8599, 6.8934, 9.556, 2.1809, 7.4999, 5.7521, 7.7477, 0.7973, 4.5216, 7.1355, 2.4605, 8.9215, 3.3899, 7.3963, 16.5352, 5.6907, 2.3339, 4.612, 6.3444, 5.9524, 26.3464, 20.2477, 20.9426, 20.9543, 23.7384, 28.7906, 28.9904, 20.072, 38.4307, 22.2106, 24.175, 25.5271, 25.2998, 21.204, 29.7553, 21.614, 16.3361, 22.8303, 25.9026, 22.6715, 24.4359, 19.3712, 15.1605], [57.7506, 57.3759, 63.9397, 56.7688, 66.7676, 62.2563, 71.6784, 53.8311, 62.0502, 59.5213, 62.0378, 55.8697, 54.1418, 57.5811, 52.9998, 64.108, 54.6667, 55.7182, 57.7648, 58.6082, 56.9988, 56.0318, 58.0653, 68.8513, 1.6525, 5.1103, 1.8599, 0.0, 5.1359, 8.6196, 0.7178, 5.7265, 7.5998, 8.6123, 1.4404, 6.3806, 7.2872, 1.6357, 7.093, 2.0362, 9.1886, 16.9127, 3.8667, 2.5452, 2.7521, 7.4979, 4.8933, 28.1923, 22.1069, 22.6823, 22.7711, 25.5808, 30.625, 30.8279, 21.5937, 40.1789, 23.9567, 26.0288, 27.3547, 27.0949, 22.8906, 31.6061, 23.4245, 18.1537, 24.6576, 27.7625, 24.3023, 26.1585, 21.1147, 16.9586], [59.957, 59.039, 65.2702, 58.6757, 68.8557, 64.656, 73.4558, 55.5429, 64.053, 61.1765, 64.828, 57.8056, 57.0574, 59.0632, 55.6412, 66.135, 56.4316, 57.1385, 59.6792, 60.3458, 58.9452, 57.8277, 59.8464, 70.548, 3.7744, 9.5669, 6.8934, 5.1359, 0.0, 5.9704, 5.2501, 0.6224, 12.3726, 10.8426, 6.2211, 11.3321, 11.0285, 4.7853, 4.0436, 3.7141, 13.6769, 17.0279, 3.0303, 7.2832, 2.7775, 10.5513, 3.5676, 32.7774, 26.885, 26.7155, 27.1772, 30.1448, 35.1086, 35.84, 24.8397, 44.1432, 28.0046, 30.7026, 31.8027, 31.3543, 26.7051, 36.5541, 27.7905, 23.2207, 29.1166, 32.5607, 27.8875, 30.0856, 25.1806, 21.3185], [55.4607, 54.1181, 60.1045, 53.9391, 64.2222, 60.3093, 68.5678, 50.6736, 59.3687, 56.2413, 60.8629, 53.0961, 53.2714, 54.0167, 51.5761, 61.4619, 51.5973, 52.0588, 54.9438, 55.4734, 54.2385, 53.01, 55.0085, 65.6103, 7.0264, 10.4188, 9.556, 8.6196, 5.9704, 0.0, 9.1653, 6.0873, 13.2419, 8.4002, 8.7667, 12.8172, 15.8054, 7.182, 9.8358, 6.5973, 13.7611, 11.6806, 8.7289, 11.1616, 7.8433, 9.195, 3.7286, 31.9542, 26.7308, 24.9786, 26.1202, 29.3397, 34.0001, 36.3209, 22.0152, 41.8949, 26.2455, 30.1515, 30.6934, 29.8749, 24.612, 36.7411, 26.6297, 24.3016, 28.1065, 32.3101, 25.4067, 28.0568, 23.5629, 20.4406], [58.3832, 58.0435, 64.6226, 57.4221, 67.4068, 62.8726, 72.337, 54.4967, 62.6961, 60.1889, 62.6188, 56.5214, 54.7122, 58.258, 53.5976, 64.752, 55.3291, 56.3984, 58.4174, 59.2713, 57.6495, 56.692, 58.7259, 69.5151, 2.1392, 5.5695, 2.1809, 0.7178, 5.2501, 9.1653, 0.0, 5.8103, 7.9051, 9.3034, 1.9862, 6.6079, 6.6688, 2.3335, 6.7756, 2.5732, 9.577, 17.6301, 3.5537, 2.1035, 2.6378, 8.1434, 5.4389, 28.4898, 22.3464, 23.1203, 23.1263, 25.8879, 30.949, 30.9407, 22.1537, 40.6102, 24.3895, 26.3006, 27.692, 27.4786, 23.3674, 31.7573, 23.7886, 18.2354, 24.9957, 27.9866, 24.8124, 26.6103, 21.5495, 17.3394], [60.4147, 59.4469, 65.6437, 59.1066, 69.3003, 65.1294, 73.8704, 55.9567, 64.491, 61.5829, 65.3344, 58.2394, 57.5755, 59.4537, 56.1376, 66.5747, 56.8501, 57.5237, 60.1104, 60.7602, 59.3796, 58.2486, 60.2652, 70.9556, 4.3925, 10.1891, 7.4999, 5.7265, 0.6224, 6.0873, 5.8103, 0.0, 12.9944, 11.3765, 6.8352, 11.9488, 11.4178, 5.4077, 3.7714, 4.3365, 14.298, 17.3421, 3.3142, 7.8166, 3.2722, 11.1316, 4.0241, 33.3973, 27.5074, 27.3165, 27.7928, 30.7644, 35.7256, 36.4568, 25.3978, 44.736, 28.6057, 31.3242, 32.419, 31.9639, 27.2952, 37.1742, 28.4047, 23.8316, 29.7335, 33.1831, 28.4641, 30.6801, 25.7837, 21.9341], [52.0527, 52.3358, 59.257, 51.4351, 61.1452, 56.3069, 66.392, 48.7668, 56.5586, 54.4709, 55.6687, 50.5091, 47.6857, 52.7658, 46.8451, 58.5737, 49.5274, 51.0012, 52.413, 53.4644, 51.6151, 50.8404, 52.8728, 63.6791, 8.6152, 2.9161, 5.7521, 7.5998, 12.3726, 13.2419, 7.9051, 12.9944, 0.0, 7.0323, 6.2475, 1.5087, 9.9349, 7.5912, 14.6718, 8.6635, 1.9831, 15.9256, 11.4416, 7.0266, 10.3404, 5.1805, 10.3771, 20.5943, 14.5371, 15.4249, 15.2363, 17.9866, 23.0439, 23.5412, 15.2994, 32.8478, 16.6684, 18.4315, 19.789, 19.6226, 15.8504, 24.1968, 15.9079, 11.1315, 17.0935, 20.2067, 17.4856, 18.9519, 13.8517, 9.5008], [49.3618, 48.8085, 55.3318, 48.2633, 58.3335, 53.9701, 63.1443, 45.2717, 53.5806, 50.9535, 54.0165, 47.3727, 46.2233, 48.9851, 44.8615, 55.6486, 46.1201, 47.1151, 49.2623, 50.0576, 48.5061, 47.494, 49.525, 60.2966, 8.2585, 5.472, 7.7477, 8.6123, 10.8426, 8.4002, 9.3034, 11.3765, 7.0323, 0.0, 7.442, 7.5545, 14.6791, 7.2872, 14.5306, 7.9407, 6.5177, 9.1641, 11.7421, 10.0733, 10.3694, 1.8807, 7.439, 23.5797, 18.5715, 16.6086, 17.7337, 20.9757, 25.6008, 28.3323, 14.0752, 33.7193, 17.8833, 21.8339, 22.2958, 21.4847, 16.3245, 28.6169, 18.2339, 16.9705, 19.7197, 24.0611, 17.2814, 19.7651, 15.1735, 12.1251], [56.4054, 56.1006, 62.71, 55.4607, 65.4329, 60.8885, 70.3813, 52.551, 60.7276, 58.246, 60.6347, 54.5583, 52.7309, 56.332, 51.6115, 62.7817, 53.3787, 54.4796, 56.4552, 57.3218, 55.6854, 54.7388, 56.7732, 67.5661, 2.4566, 3.6753, 0.7973, 1.4404, 6.2211, 8.7667, 1.9862, 6.8352, 6.2475, 7.442, 0.0, 5.1182, 7.7137, 1.6685, 8.5069, 2.6329, 7.7743, 16.0512, 5.2906, 2.8266, 4.1079, 6.1854, 5.1551, 26.819, 20.7816, 21.2458, 21.3646, 24.2018, 29.234, 29.6238, 20.1756, 38.7429, 22.521, 24.6749, 25.9567, 25.6743, 21.4502, 30.3595, 22.0134, 17.0018, 23.2598, 26.4472, 22.8652, 24.7195, 19.6789, 15.5417], [53.5317, 53.7652, 60.6563, 52.8885, 62.6214, 57.8004, 67.846, 50.1967, 58.0252, 55.9021, 57.1759, 51.9642, 49.1938, 54.1749, 48.3458, 60.0437, 50.9642, 52.4, 53.8682, 54.9032, 53.0724, 52.2822, 54.3155, 65.1235, 7.5583, 2.4644, 4.5216, 6.3806, 11.3321, 12.8172, 6.6079, 11.9488, 1.5087, 7.5545, 5.1182, 0.0, 8.4805, 6.6099, 13.3812, 7.6684, 3.4825, 16.6553, 10.1614, 5.5673, 9.1322, 5.6763, 9.6821, 21.8998, 15.7402, 16.9058, 16.6316, 19.3087, 24.3869, 24.508, 16.7919, 34.303, 18.1429, 19.6959, 21.1532, 21.0448, 17.3522, 25.2441, 17.3134, 11.9221, 18.4623, 21.3873, 18.994, 20.4362, 15.3339, 10.9476], [61.9784, 62.2427, 69.1091, 61.3669, 71.0738, 66.1957, 76.3242, 58.6745, 66.4932, 64.3802, 65.4291, 60.4418, 57.4211, 62.6383, 56.6952, 68.5071, 59.4441, 60.853, 62.3457, 63.3834, 61.5487, 60.7627, 62.796, 73.604, 8.7933, 9.444, 7.1355, 7.2872, 11.0285, 15.8054, 6.6688, 11.4178, 9.9349, 14.6791, 7.7137, 8.4805, 0.0, 8.8898, 10.1851, 9.2377, 11.9095, 23.645, 8.1477, 4.8965, 8.3246, 13.0443, 12.0914, 28.4688, 21.9879, 24.7521, 23.8873, 26.0499, 31.13, 29.0671, 25.2074, 41.7574, 25.9172, 26.0939, 28.1007, 28.3781, 25.4151, 30.2219, 24.614, 16.631, 25.5061, 27.2538, 27.1889, 28.2725, 23.2143, 18.6862], [56.5986, 56.0955, 62.595, 55.5426, 65.5903, 61.1582, 70.4298, 52.5589, 60.8497, 58.2404, 61.0541, 54.6497, 53.1936, 56.263, 51.9653, 62.9144, 53.4068, 54.3866, 56.5409, 57.3446, 55.782, 54.7797, 56.8111, 67.5838, 1.1148, 4.7898, 2.4605, 1.6357, 4.7853, 7.182, 2.3335, 5.4077, 7.5912, 7.2872, 1.6685, 6.6099, 8.8898, 0.0, 7.6191, 1.0724, 8.9172, 15.3311, 4.5597, 4.0535, 3.2106, 6.4085, 3.5139, 28.0241, 22.1003, 22.1592, 22.4708, 25.3951, 30.3845, 31.0944, 20.7131, 39.642, 23.4439, 25.9302, 27.0874, 26.7069, 22.2569, 31.783, 23.0986, 18.5313, 24.3954, 27.7757, 23.5674, 25.5869, 20.6058, 16.6176], [63.8318, 63.0161, 69.2879, 62.6127, 72.7613, 68.4839, 77.4208, 59.5112, 67.9742, 65.1557, 68.5332, 61.7367, 60.7111, 63.0637, 59.3913, 70.0522, 60.392, 61.145, 63.6153, 64.3123, 62.875, 61.7838, 63.8058, 74.5244, 6.5107, 12.1753, 8.9215, 7.093, 4.0436, 9.8358, 6.7756, 3.7714, 14.6718, 14.5306, 8.5069, 13.3812, 10.1851, 7.6191, 0.0, 6.7112, 16.2791, 21.0713, 3.2308, 8.1868, 4.4418, 13.9537, 7.5553, 35.2633, 29.1139, 29.7225, 29.8641, 32.6583, 37.7119, 37.5543, 28.3018, 47.218, 31.0024, 33.0759, 34.4457, 34.1812, 29.8633, 38.4348, 30.5169, 24.8216, 31.7487, 34.7442, 31.1864, 33.1743, 28.1604, 24.0481], [57.3018, 56.6983, 63.1362, 56.1909, 66.2735, 61.8965, 71.0568, 53.17, 61.5167, 58.8422, 61.86, 55.3032, 54.02, 56.8316, 52.7448, 63.5861, 54.0281, 54.9428, 57.1908, 57.9618, 56.4376, 55.4072, 57.4363, 68.1953, 0.4612, 5.8555, 3.3899, 2.0362, 3.7141, 6.5973, 2.5732, 4.3365, 8.6635, 7.9407, 2.6329, 7.6684, 9.2377, 1.0724, 6.7112, 0.0, 9.976, 15.5586, 3.8019, 4.5803, 2.4299, 7.2438, 2.8688, 29.0824, 23.1709, 23.1576, 23.5137, 26.452, 31.4336, 32.1617, 21.5907, 40.6292, 24.444, 26.9951, 28.1335, 27.7328, 23.2247, 32.8544, 24.1371, 19.5864, 25.4431, 28.8466, 24.5004, 26.5702, 21.6089, 17.6577], [50.0726, 50.3871, 57.3329, 49.469, 59.1661, 54.3238, 64.4251, 46.818, 54.5843, 52.5206, 53.6964, 48.5418, 45.7174, 50.8337, 44.8639, 56.5976, 47.5732, 49.0784, 50.4457, 51.5085, 49.6464, 48.8825, 50.9141, 61.7187, 9.9999, 4.1379, 7.3963, 9.1886, 13.6769, 13.7611, 9.577, 14.298, 1.9831, 6.5177, 7.7743, 3.4825, 11.9095, 8.9172, 16.2791, 9.976, 0.0, 14.8767, 13.0553, 8.9016, 11.8753, 4.8761, 11.2932, 19.107, 13.2729, 13.578, 13.592, 16.4781, 21.4796, 22.6143, 13.3164, 31.0478, 14.8368, 17.0287, 18.1923, 17.9076, 13.9364, 23.1387, 14.239, 10.6211, 15.4966, 18.9442, 15.5347, 17.091, 12.004, 7.77], [44.0417, 42.4723, 48.4254, 42.3716, 52.6954, 48.9911, 56.9237, 39.0494, 47.8206, 44.5897, 49.8946, 41.5448, 42.5513, 42.3422, 40.5613, 49.9168, 39.9864, 40.3807, 43.3753, 43.843, 42.6867, 41.4046, 43.392, 53.9535, 15.9896, 14.6346, 16.5352, 16.9127, 17.0279, 11.6806, 17.6301, 17.3421, 15.9256, 9.1641, 16.0512, 16.6553, 23.645, 15.3311, 21.0713, 15.5586, 14.8767, 0.0, 19.065, 18.8508, 17.799, 11.0075, 13.6026, 27.0118, 23.7399, 19.0797, 21.4232, 24.7136, 28.3232, 33.5303, 14.3363, 33.6773, 20.1149, 25.9313, 25.3193, 23.8623, 18.0393, 33.3456, 21.6495, 24.1097, 23.2266, 28.4493, 17.9288, 21.1618, 18.1491, 17.2413], [61.1018, 60.4875, 66.8963, 59.9909, 70.0753, 65.688, 74.8526, 56.9621, 65.3184, 62.631, 65.6122, 59.1039, 57.7533, 60.6068, 56.5161, 67.388, 57.8229, 58.7121, 60.991, 61.7554, 60.2385, 59.2034, 61.2319, 71.9868, 3.5002, 8.965, 5.6907, 3.8667, 3.0303, 8.7289, 3.5537, 3.3142, 11.4416, 11.7421, 5.2906, 10.1614, 8.1477, 4.5597, 3.2308, 3.8019, 13.0553, 19.065, 0.0, 5.1369, 1.3728, 10.967, 5.5444, 32.0342, 25.9, 26.5301, 26.636, 29.4282, 34.4811, 34.4352, 25.2631, 44.0276, 27.8072, 29.8519, 31.2155, 30.9612, 26.7049, 35.2803, 27.2907, 21.7117, 28.5185, 31.5386, 28.0704, 29.9951, 24.9648, 20.8253], [58.5152, 58.4158, 65.1206, 57.6904, 67.5745, 62.9059, 72.6339, 54.8567, 62.9107, 60.5598, 62.465, 56.779, 54.5132, 58.7061, 53.537, 64.9518, 55.6641, 56.8765, 58.68, 59.609, 57.8998, 57.0104, 59.046, 69.8511, 4.1807, 5.3578, 2.3339, 2.5452, 7.2832, 11.1616, 2.1035, 7.8166, 7.0266, 10.0733, 2.8266, 5.5673, 4.8965, 4.0535, 8.1868, 4.5803, 8.9016, 18.8508, 5.1369, 0.0, 4.5585, 8.6138, 7.4373, 27.3615, 21.0853, 22.4499, 22.1844, 24.7943, 29.8889, 29.3682, 21.9773, 39.8685, 23.695, 25.1091, 26.6793, 26.6088, 22.8377, 30.2638, 22.8713, 16.6352, 23.9948, 26.6686, 24.4068, 25.9743, 20.8762, 16.5141], [59.729, 59.1226, 65.5439, 58.6204, 68.7028, 64.3167, 73.4845, 55.5958, 63.9465, 61.2663, 64.2513, 57.7329, 56.3979, 59.248, 55.1498, 66.0159, 56.4553, 57.3558, 59.6204, 60.3884, 58.8674, 57.8351, 59.8639, 70.6208, 2.1328, 7.7526, 4.612, 2.7521, 2.7775, 7.8433, 2.6378, 3.2722, 10.3404, 10.3694, 4.1079, 9.1322, 8.3246, 3.2106, 4.4418, 2.4299, 11.8753, 17.799, 1.3728, 4.5585, 0.0, 9.6093, 4.4133, 30.9247, 24.8575, 25.2823, 25.4674, 28.3088, 33.3417, 33.5538, 23.9237, 42.777, 26.5629, 28.7719, 30.0631, 29.7613, 25.4237, 34.3481, 26.1125, 20.86, 27.3663, 30.5143, 26.7622, 28.7324, 23.7213, 19.6364], [50.2548, 49.9166, 56.5486, 49.2791, 59.2697, 54.7779, 64.1968, 46.3662, 54.5539, 52.0619, 54.6456, 48.378, 46.7887, 50.1581, 45.5613, 56.6108, 47.1933, 48.3125, 50.2742, 51.1365, 49.5061, 48.5537, 50.588, 61.3807, 7.4792, 3.6789, 6.3444, 7.4979, 10.5513, 9.195, 8.1434, 11.1316, 5.1805, 1.8807, 6.1854, 5.6763, 13.0443, 6.4085, 13.9537, 7.2438, 4.8761, 11.0075, 10.967, 8.6138, 9.6093, 0.0, 7.4464, 22.8631, 17.536, 16.2776, 17.078, 20.2341, 25.0122, 27.1673, 14.3525, 33.6247, 17.566, 20.9936, 21.6931, 21.0432, 16.1785, 27.5523, 17.6302, 15.4707, 19.058, 23.121, 17.3371, 19.5819, 14.7765, 11.3057], [56.3955, 55.4772, 61.7327, 55.1081, 65.2894, 61.1055, 69.8912, 51.9788, 60.4856, 57.6154, 61.3224, 54.238, 53.5771, 55.5116, 52.1186, 62.5678, 52.866, 53.591, 56.1116, 56.7814, 55.3776, 54.2616, 56.2808, 66.9862, 3.3013, 7.4618, 5.9524, 4.8933, 3.5676, 3.7286, 5.4389, 4.0241, 10.3771, 7.439, 5.1551, 9.6821, 12.0914, 3.5139, 7.5553, 2.8688, 11.2932, 13.6026, 5.5444, 7.4373, 4.4133, 7.4464, 0.0, 30.1706, 24.5488, 23.7238, 24.4456, 27.5339, 32.3922, 33.8604, 21.5102, 41.0355, 25.0119, 28.205, 29.0732, 28.4787, 23.5936, 34.4277, 25.0207, 21.502, 26.4148, 30.2083, 24.6638, 27.0108, 22.2219, 18.6159], [39.4569, 42.1703, 49.7792, 40.2749, 48.225, 42.4414, 54.3953, 38.8706, 44.4038, 44.0809, 40.1846, 39.3343, 32.3309, 43.3629, 32.8554, 46.1279, 39.2744, 42.1178, 41.0989, 42.8234, 40.252, 40.2641, 42.1061, 52.2244, 29.1035, 23.2395, 26.3464, 28.1923, 32.7774, 31.9542, 28.4898, 33.3973, 20.5943, 23.5797, 26.819, 21.8998, 28.4688, 28.0241, 35.2633, 29.0824, 19.107, 27.0118, 32.0342, 27.3615, 30.9247, 22.8631, 30.1706, 0.0, 6.4942, 7.9664, 5.863, 2.6373, 2.7293, 8.3463, 13.225, 14.1128, 7.0967, 2.4219, 1.9095, 3.9401, 9.2415, 7.2473, 5.4534, 12.375, 3.8933, 3.1206, 10.2506, 7.1865, 8.8981, 11.5638], [44.2323, 46.2524, 53.758, 44.6303, 53.1913, 47.6206, 59.1526, 42.8132, 49.1112, 48.2593, 45.7908, 43.6792, 37.8213, 47.2306, 37.9506, 50.9386, 43.335, 45.805, 45.5134, 47.0597, 44.6686, 44.4412, 46.3699, 56.8088, 23.1452, 17.3233, 20.2477, 22.1069, 26.885, 26.7308, 22.3464, 27.5074, 14.5371, 18.5715, 20.7816, 15.7402, 21.9879, 22.1003, 29.1139, 23.1709, 13.2729, 23.7399, 25.9, 21.0853, 24.8575, 17.536, 24.5488, 6.4942, 0.0, 7.1338, 4.0658, 4.2714, 9.1931, 9.8858, 12.08, 20.3156, 7.3514, 4.106, 6.4504, 7.4737, 8.7518, 10.0456, 4.599, 6.0692, 4.3824, 5.6765, 10.688, 9.2039, 6.7939, 6.6328], [38.3416, 39.8129, 47.2161, 38.3886, 47.4109, 42.116, 53.1403, 36.3132, 43.1168, 41.8686, 40.8804, 37.4378, 32.8508, 40.6592, 32.4684, 45.0239, 36.903, 39.147, 39.3084, 40.7154, 38.4723, 38.0761, 40.0494, 50.6634, 23.2731, 17.572, 20.9426, 22.6823, 26.7155, 24.9786, 23.1203, 27.3165, 15.4249, 16.6086, 21.2458, 16.9058, 24.7521, 22.1592, 29.7225, 23.1576, 13.578, 19.0797, 26.5301, 22.4499, 25.2823, 16.2776, 23.7238, 7.9664, 7.1338, 0.0, 3.1774, 5.9121, 9.3286, 15.3574, 5.4263, 17.4975, 1.2895, 7.3085, 6.2396, 4.9554, 1.6323, 14.7577, 2.9726, 11.9015, 4.3929, 9.864, 3.5849, 3.5355, 1.5742, 6.0661], [40.5158, 42.3324, 49.8072, 40.7794, 49.5284, 44.0678, 55.3995, 38.871, 45.3583, 44.3574, 42.4968, 39.8276, 34.4832, 43.2677, 34.3917, 47.219, 39.4158, 41.8149, 41.6768, 43.1735, 40.8345, 40.5459, 42.4917, 53.0023, 23.5679, 17.7227, 20.9543, 22.7711, 27.1772, 26.1202, 23.1263, 27.7928, 15.2363, 17.7337, 21.3646, 16.6316, 23.8873, 22.4708, 29.8641, 23.5137, 13.592, 21.4232, 26.636, 22.1844, 25.4674, 17.078, 24.4456, 5.863, 4.0658, 3.1774, 0.0, 3.335, 7.9474, 12.3985, 8.4721, 17.8703, 3.2878, 4.5123, 4.6305, 4.491, 4.8084, 11.9796, 0.7386, 9.4681, 1.9863, 7.056, 6.655, 5.284, 3.3585, 5.8588], [40.3758, 42.7059, 50.2711, 40.9557, 49.2667, 43.6094, 55.3186, 39.3264, 45.2891, 44.671, 41.6348, 40.0078, 33.694, 43.7878, 33.9593, 47.0752, 39.7935, 42.4477, 41.8137, 43.4429, 40.9668, 40.8475, 42.7395, 53.0473, 26.4767, 20.6127, 23.7384, 25.5808, 30.1448, 29.3397, 25.8879, 30.7644, 17.9866, 20.9757, 24.2018, 19.3087, 26.0499, 25.3951, 32.6583, 26.452, 16.4781, 24.7136, 29.4282, 24.7943, 28.3088, 20.2341, 27.5339, 2.6373, 4.2714, 5.9121, 3.335, 0.0, 5.1066, 9.504, 11.3291, 16.0454, 5.3399, 1.4604, 2.1832, 3.581, 7.3898, 8.8458, 3.0712, 10.3332, 1.5228, 3.963, 8.7915, 6.2412, 6.5715, 8.931], [37.2707, 40.259, 47.8853, 38.2578, 45.9424, 40.0879, 52.1825, 37.0316, 42.2309, 42.1229, 37.6752, 37.3251, 29.8804, 41.5358, 30.5618, 43.91, 37.384, 40.3711, 39.0544, 40.846, 38.2097, 38.3209, 40.1199, 50.0827, 31.4755, 25.6173, 28.7906, 30.625, 35.1086, 34.0001, 30.949, 35.7256, 23.0439, 25.6008, 29.234, 24.3869, 31.13, 30.3845, 37.7119, 31.4336, 21.4796, 28.3232, 34.4811, 29.8889, 33.3417, 25.0122, 32.3922, 2.7293, 9.1931, 9.3286, 7.9474, 5.1066, 0.0, 9.5365, 14.1473, 11.4409, 8.2159, 5.1499, 3.3196, 4.4644, 10.2887, 8.0244, 7.3831, 15.1042, 5.9921, 5.2885, 10.7973, 7.48, 10.5449, 13.7979], [46.4138, 49.6878, 57.3177, 47.6044, 54.8833, 48.8915, 61.2404, 46.5063, 51.3787, 51.5149, 46.0014, 46.681, 38.4844, 51.0121, 39.55, 52.98, 46.8299, 49.8803, 48.3723, 50.2238, 47.5317, 47.7298, 49.4913, 59.2583, 32.0658, 26.4425, 28.9904, 30.8279, 35.84, 36.3209, 30.9407, 36.4568, 23.5412, 28.3323, 29.6238, 24.508, 29.0671, 31.0944, 37.5543, 32.1617, 22.6143, 33.5303, 34.4352, 29.3682, 33.5538, 27.1673, 33.8604, 8.3463, 9.8858, 15.3574, 12.3985, 9.504, 9.5365, 0.0, 20.7819, 19.5032, 14.8428, 8.0634, 10.1856, 12.2494, 16.8822, 1.8809, 12.4039, 12.7333, 10.9896, 5.5644, 18.2639, 15.4324, 15.7511, 16.5185], [36.7779, 37.3704, 44.5164, 36.2965, 45.8783, 41.0085, 51.2341, 33.8091, 41.337, 39.4858, 40.4945, 35.3605, 32.5642, 37.9668, 31.5733, 43.3341, 34.5127, 36.3022, 37.2618, 38.4246, 36.4513, 35.7848, 37.8063, 48.5839, 21.806, 16.6793, 20.072, 21.5937, 24.8397, 22.0152, 22.1537, 25.3978, 15.2994, 14.0752, 20.1756, 16.7919, 25.2074, 20.7131, 28.3018, 21.5907, 13.3164, 14.3363, 25.2631, 21.9773, 23.9237, 14.3525, 21.5102, 13.225, 12.08, 5.4263, 8.4721, 11.3291, 14.1473, 20.7819, 0.0, 19.9518, 6.1285, 12.7344, 11.3882, 9.6993, 3.9856, 20.1684, 8.3823, 15.6222, 9.8148, 15.2872, 3.6136, 6.8321, 5.2891, 8.0132], [27.3235, 31.4071, 38.9474, 29.0026, 35.5055, 29.4459, 41.9497, 28.5914, 32.2545, 33.0296, 26.5271, 28.1286, 18.9944, 33.0123, 20.3085, 33.7361, 28.7048, 32.2282, 29.6638, 31.6988, 28.848, 29.3831, 30.9522, 40.1329, 40.7566, 35.0686, 38.4307, 40.1789, 44.1432, 41.8949, 40.6102, 44.736, 32.8478, 33.7193, 38.7429, 34.303, 41.7574, 39.642, 47.218, 40.6292, 31.0478, 33.6773, 44.0276, 39.8685, 42.777, 33.6247, 41.0355, 14.1128, 20.3156, 17.4975, 17.8703, 16.0454, 11.4409, 19.5032, 19.9518, 0.0, 16.2223, 16.48, 13.8756, 13.3793, 17.4463, 17.6491, 17.1452, 26.3623, 16.315, 16.6202, 16.4885, 14.0604, 19.0642, 23.3557], [37.493, 39.1398, 46.5883, 37.6435, 46.5414, 41.1801, 52.3344, 35.6622, 42.3002, 41.1782, 39.8353, 36.6918, 31.8059, 40.0413, 31.5173, 44.1869, 36.2251, 38.5687, 38.552, 40.0074, 37.7124, 37.3738, 39.3324, 49.8952, 24.5576, 18.8464, 22.2106, 23.9567, 28.0046, 26.2455, 24.3895, 28.6057, 16.6684, 17.8833, 22.521, 18.1429, 25.9172, 23.4439, 31.0024, 24.444, 14.8368, 20.1149, 27.8072, 23.695, 26.5629, 17.566, 25.0119, 7.0967, 7.3514, 1.2895, 3.2878, 5.3399, 8.2159, 14.8428, 6.1285, 16.2223, 0.0, 6.7913, 5.2743, 3.777, 2.1458, 14.1061, 2.8086, 12.5617, 3.8908, 9.2893, 3.5077, 2.3694, 2.8423, 7.2499], [41.3877, 43.8631, 51.4456, 42.061, 50.2292, 44.5119, 56.3337, 40.5085, 46.3169, 45.8103, 42.3922, 41.1153, 34.4946, 44.9817, 34.887, 48.0779, 40.955, 43.6704, 42.9068, 44.5713, 42.0595, 41.9875, 43.8627, 54.1027, 26.9963, 21.1404, 24.175, 26.0288, 30.7026, 30.1515, 26.3006, 31.3242, 18.4315, 21.8339, 24.6749, 19.6959, 26.0939, 25.9302, 33.0759, 26.9951, 17.0287, 25.9313, 29.8519, 25.1091, 28.7719, 20.9936, 28.205, 2.4219, 4.106, 7.3085, 4.5123, 1.4604, 5.1499, 8.0634, 12.7344, 16.48, 6.7913, 0.0, 3.0262, 4.8194, 8.819, 7.4874, 4.39, 9.955, 2.9265, 2.5652, 10.2512, 7.6628, 7.8464, 9.7141], [38.3659, 40.8515, 48.4398, 39.0374, 47.219, 41.5227, 53.3119, 37.5073, 43.2931, 42.7931, 39.4841, 38.092, 31.5574, 41.9856, 31.8869, 45.058, 37.9452, 40.6917, 39.8818, 41.5516, 39.0344, 38.9708, 40.842, 51.0768, 28.1814, 22.3282, 25.5271, 27.3547, 31.8027, 30.6934, 27.692, 32.419, 19.789, 22.2958, 25.9567, 21.1532, 28.1007, 27.0874, 34.4457, 28.1335, 18.1923, 25.3193, 31.2155, 26.6793, 30.0631, 21.6931, 29.0732, 1.9095, 6.4504, 6.2396, 4.6305, 2.1832, 3.3196, 10.1856, 11.3882, 13.8756, 5.2743, 3.0262, 0.0, 2.0639, 7.4174, 9.1486, 4.0665, 12.5155, 2.6971, 4.7609, 8.3486, 5.2839, 7.3235, 10.4863], [36.8447, 39.1251, 46.6905, 37.3831, 45.7655, 40.1582, 51.7823, 35.7463, 41.7477, 41.0915, 38.3348, 36.4346, 30.3548, 40.2093, 30.4931, 43.5479, 36.2125, 38.8766, 38.2446, 39.865, 37.3978, 37.268, 39.1626, 49.4912, 27.8137, 22.0092, 25.2998, 27.0949, 31.3543, 29.8749, 27.4786, 31.9639, 19.6226, 21.4847, 25.6743, 21.0448, 28.3781, 26.7069, 34.1812, 27.7328, 17.9076, 23.8623, 30.9612, 26.6088, 29.7613, 21.0432, 28.4787, 3.9401, 7.4737, 4.9554, 4.491, 3.581, 4.4644, 12.2494, 9.6993, 13.3793, 3.777, 4.8194, 2.0639, 0.0, 5.8249, 11.1863, 3.7688, 13.4705, 3.1159, 6.8053, 6.4556, 3.263, 6.3121, 10.1393], [37.2188, 38.5047, 45.8652, 37.1502, 46.3076, 41.1062, 51.9582, 34.9881, 41.9525, 40.5749, 40.0502, 36.2011, 32.0295, 39.3034, 31.4913, 43.882, 35.6013, 37.7611, 38.081, 39.439, 37.2491, 36.796, 38.7819, 49.4416, 23.3711, 17.7981, 21.204, 22.8906, 26.7051, 24.612, 23.3674, 27.2952, 15.8504, 16.3245, 21.4502, 17.3522, 25.4151, 22.2569, 29.8633, 23.2247, 13.9364, 18.0393, 26.7049, 22.8377, 25.4237, 16.1785, 23.5936, 9.2415, 8.7518, 1.6323, 4.8084, 7.3898, 10.2887, 16.8822, 3.9856, 17.4463, 2.1458, 8.819, 7.4174, 5.8249, 0.0, 16.2077, 4.5632, 13.3149, 5.8927, 11.3526, 2.0881, 3.4451, 2.4623, 6.8448], [44.6312, 47.9932, 55.6223, 45.8754, 53.0638, 47.0579, 59.4366, 44.8411, 49.5948, 49.802, 44.1344, 44.9559, 36.6378, 49.3464, 37.7448, 51.1809, 45.1459, 48.2454, 46.6333, 48.5055, 45.7943, 46.0262, 47.7708, 57.4775, 32.7829, 27.0704, 29.7553, 31.6061, 36.5541, 36.7411, 31.7573, 37.1742, 24.1968, 28.6169, 30.3595, 25.2441, 30.2219, 31.783, 38.4348, 32.8544, 23.1387, 33.3456, 35.2803, 30.2638, 34.3481, 27.5523, 34.4277, 7.2473, 10.0456, 14.7577, 11.9796, 8.8458, 8.0244, 1.8809, 20.1684, 17.6491, 14.1061, 7.4874, 9.1486, 11.1863, 16.2077, 0.0, 11.8748, 13.6928, 10.3672, 4.9257, 17.4257, 14.432, 15.3287, 16.6119], [39.8329, 41.7022, 49.1899, 40.1267, 48.8375, 43.3617, 54.7249, 38.2494, 44.6829, 43.7209, 41.7691, 39.1751, 33.7574, 42.6557, 33.6851, 46.5374, 38.7851, 41.2172, 41.0203, 42.5316, 40.1773, 39.9068, 41.8473, 52.3391, 24.1988, 18.3631, 21.614, 23.4245, 27.7905, 26.6297, 23.7886, 28.4047, 15.9079, 18.2339, 22.0134, 17.3134, 24.614, 23.0986, 30.5169, 24.1371, 14.239, 21.6495, 27.2907, 22.8713, 26.1125, 17.6302, 25.0207, 5.4534, 4.599, 2.9726, 0.7386, 3.0712, 7.3831, 12.4039, 8.3823, 17.1452, 2.8086, 4.39, 4.0665, 3.7688, 4.5632, 11.8748, 0.0, 10.1589, 1.5806, 6.9553, 6.2777, 4.6369, 3.502, 6.4814], [49.9833, 51.691, 59.1137, 50.2033, 58.9954, 53.5108, 64.8609, 48.2021, 54.8209, 53.7354, 51.8036, 49.2516, 43.8161, 52.5585, 43.8342, 56.686, 48.7779, 51.0479, 51.109, 52.5681, 50.2686, 49.9334, 51.8939, 62.4464, 19.4568, 14.042, 16.3361, 18.1537, 23.2207, 24.3016, 18.2354, 23.8316, 11.1315, 16.9705, 17.0018, 11.9221, 16.631, 18.5313, 24.8216, 19.5864, 10.6211, 24.1097, 21.7117, 16.6352, 20.86, 15.4707, 21.502, 12.375, 6.0692, 11.9015, 9.4681, 10.3332, 15.1042, 12.7333, 15.6222, 26.3623, 12.5617, 9.955, 12.5155, 13.4705, 13.3149, 13.6928, 10.1589, 0.0, 10.3547, 10.7063, 15.4005, 14.7375, 10.9056, 7.8656], [39.8619, 41.9783, 49.5117, 40.3078, 48.8122, 43.239, 54.7883, 38.5631, 44.7484, 43.9692, 41.45, 39.3575, 33.4675, 43.0021, 33.5685, 46.5678, 39.0619, 41.6167, 41.1829, 42.7584, 40.3373, 40.1478, 42.0634, 52.4621, 25.4881, 19.6331, 22.8303, 24.6576, 29.1166, 28.1065, 24.9957, 29.7335, 17.0935, 19.7197, 23.2598, 18.4623, 25.5061, 24.3954, 31.7487, 25.4431, 15.4966, 23.2266, 28.5185, 23.9948, 27.3663, 19.058, 26.4148, 3.8933, 4.3824, 4.3929, 1.9863, 1.5228, 5.9921, 10.9896, 9.8148, 16.315, 3.8908, 2.9265, 2.6971, 3.1159, 5.8927, 10.3672, 1.5806, 10.3547, 0.0, 5.4724, 7.3835, 5.1091, 5.0776, 7.8081], [42.4767, 45.2721, 52.8847, 43.354, 51.1957, 45.3638, 57.4049, 41.9819, 47.4305, 47.1743, 42.9563, 42.4152, 35.1689, 46.476, 35.8167, 49.1339, 42.379, 45.2367, 44.1707, 45.9125, 43.3242, 43.3599, 45.1931, 55.2652, 28.8182, 22.9998, 25.9026, 27.7625, 32.5607, 32.3101, 27.9866, 33.1831, 20.2067, 24.0611, 26.4472, 21.3873, 27.2538, 27.7757, 34.7442, 28.8466, 18.9442, 28.4493, 31.5386, 26.6686, 30.5143, 23.121, 30.2083, 3.1206, 5.6765, 9.864, 7.056, 3.963, 5.2885, 5.5644, 15.2872, 16.6202, 9.2893, 2.5652, 4.7609, 6.8053, 11.3526, 4.9257, 6.9553, 10.7063, 5.4724, 0.0, 12.6996, 9.9134, 10.4031, 11.9516], [35.2181, 36.4294, 43.781, 35.097, 44.3142, 39.1694, 