[4, 80]
[[0.0, 5.4684, 9.65, 5.5611, 4.1691, 11.1473, 12.0661, 21.8021, 6.4541, 4.4605, 15.024, 3.0271, 11.6067, 5.031, 9.8863, 4.7312, 3.5179, 5.025, 7.4723, 3.1573, 7.3457, 9.2148, 5.1396, 5.7457, 9.2804, 8.3121, 8.1185, 40.6731, 43.9783, 48.0055, 53.0469, 42.3002, 46.281, 36.372, 56.81, 39.8257, 42.8124, 41.0226, 60.5793, 47.3303, 58.3204, 47.5874, 40.6444, 49.7882, 54.662, 43.2345, 44.3558, 43.5363, 42.8701, 44.6475, 40.899, 43.1836, 43.3708, 52.2545, 34.9767, 26.2704, 43.3334, 30.296, 35.758, 38.1353, 30.3012, 24.1309, 33.2592, 33.2736, 32.5881, 33.1207, 37.6584, 39.8378, 40.569, 34.4455, 31.4468, 33.8421, 32.0852, 37.1342, 36.4988, 39.2421, 33.2873, 36.4656, 32.2878, 31.751], [5.4684, 0.0, 4.8344, 3.3745, 5.7734, 6.6731, 6.8451, 20.1135, 1.2625, 1.9207, 9.5663, 8.0322, 14.5388, 8.1466, 11.1089, 1.3267, 2.4904, 9.1274, 8.6957, 7.392, 10.1493, 3.7663, 1.0254, 0.777, 5.1701, 8.4811, 6.4752, 38.3415, 40.8924, 45.5377, 50.1834, 40.0631, 43.9029, 33.578, 54.3068, 36.7552, 40.1473, 38.7802, 57.4185, 44.7548, 54.5648, 45.3229, 38.2391, 47.0538, 52.0886, 40.2122, 41.1067, 39.9503, 39.4568, 41.9602, 38.3158, 40.7361, 40.8624, 49.4183, 35.7029, 27.6134, 45.2853, 33.0378, 37.6948, 40.9858, 32.7086, 24.8866, 37.0238, 36.0348, 35.4503, 35.3099, 40.6822, 41.3114, 43.437, 36.8324, 33.2603, 35.8071, 35.0005, 38.0205, 38.9357, 41.7671, 35.8208, 38.8155, 33.703, 33.8185], [9.65, 4.8344, 0.0, 4.5916, 7.876, 8.1047, 2.6943, 22.9408, 3.5725, 5.1896, 6.373, 11.506, 19.3475, 10.2815, 11.0011, 4.9832, 6.1331, 13.8821, 9.2179, 10.4673, 14.9774, 2.6779, 4.6356, 4.1937, 7.6476, 8.1663, 5.3141, 40.2141, 41.99, 47.2014, 51.4177, 41.9983, 45.6665, 35.0862, 55.8635, 37.9264, 41.683, 40.7271, 58.2864, 46.3242, 54.759, 47.1756, 40.0458, 48.4457, 53.5947, 41.3859, 42.0242, 40.4932, 40.21, 43.4521, 39.9547, 42.4715, 42.5391, 50.6868, 39.6752, 31.9238, 49.7176, 37.7355, 42.1502, 45.6884, 37.3271, 28.9933, 41.8549, 40.7285, 40.167, 39.8561, 45.4211, 45.5779, 48.1392, 41.4301, 37.6963, 40.2806, 39.7289, 42.0506, 43.5405, 46.3883, 40.4608, 43.3962, 37.9902, 38.3344], [5.5611, 3.3745, 4.5916, 0.0, 3.3262, 9.8048, 7.2619, 23.4742, 3.0334, 1.8082, 10.7754, 6.9705, 16.5588, 5.7918, 7.8215, 2.221, 2.3577, 10.3637, 5.5104, 5.8837, 12.1212, 5.4223, 2.3619, 2.7597, 8.4736, 5.1228, 3.2394, 41.7028, 44.1615, 48.8855, 53.4812, 43.4287, 47.2585, 36.9013, 57.6472, 40.0326, 43.4791, 42.1461, 60.6567, 48.0929, 57.6404, 48.6853, 41.5957, 50.372, 55.4229, 43.4935, 44.3426, 43.1024, 42.6568, 45.288, 41.6575, 44.0881, 44.2092, 52.7207, 38.7067, 30.4049, 47.9017, 35.2763, 40.3026, 43.1869, 35.1043, 27.8456, 38.6744, 38.2713, 37.6342, 37.8084, 42.7911, 44.098, 45.6332, 39.2484, 35.9043, 38.3991, 37.1558, 40.985, 41.3337, 44.1298, 38.167, 41.2525, 36.4917, 36.3637], [4.1691, 5.7734, 7.876, 3.3262, 0.0, 12.4407, 10.5638, 25.0222, 5.9937, 3.8677, 14.1013, 4.1367, 15.7691, 2.4871, 5.976, 4.4589, 3.4112, 9.1355, 3.4634, 2.8531, 11.5082, 8.651, 4.8436, 5.4738, 10.8485, 4.1433, 4.4157, 43.6432, 46.4857, 50.9101, 55.7135, 45.3251, 49.2345, 39.0598, 59.7037, 42.338, 45.5919, 44.0423, 63.0477, 50.1706, 60.3163, 50.606, 43.5731, 52.5341, 57.5119, 45.7845, 46.7477, 45.6684, 45.1378, 47.4162, 43.7247, 46.0927, 46.2449, 54.9381, 39.0252, 30.392, 47.5024, 34.4303, 39.9264, 42.2455, 34.4625, 28.1573, 37.1487, 37.4017, 36.7039, 37.2885, 41.7405, 43.9867, 44.6738, 38.6054, 35.6105, 38.0106, 36.1942, 41.2125, 40.6545, 43.3892, 37.4382, 40.6265, 36.4256, 35.9201], [11.1473, 6.6731, 8.1047, 9.8048, 12.4407, 0.0, 7.7644, 14.9099, 6.7824, 8.5926, 7.5149, 14.1053, 15.4748, 14.7668, 17.6229, 7.9979, 9.0787, 12.6112, 15.2919, 13.7527, 11.9897, 5.4394, 7.649, 7.0913, 1.9167, 14.87, 12.4223, 32.2239, 34.3878, 39.3, 43.7418, 33.9905, 37.7226, 27.2363, 48.0191, 30.2704, 33.8322, 32.7141, 50.8587, 38.464, 47.8952, 39.2008, 32.0782, 40.6772, 45.7728, 33.7343, 34.5454, 33.3075, 32.852, 35.6253, 32.0539, 34.5345, 34.6262, 42.9899, 32.3476, 25.276, 43.1449, 32.2405, 35.7054, 40.1093, 31.4783, 22.0096, 37.5879, 35.1658, 34.7371, 33.7088, 40.0548, 38.6722, 42.5318, 35.4411, 31.2553, 33.9072, 34.3747, 34.7832, 37.5526, 40.4327, 34.6523, 37.3219, 31.1997, 32.1116], [12.0661, 6.8451, 2.6943, 7.2619, 10.5638, 7.7644, 0.0, 22.5999, 5.6706, 7.6465, 3.7791, 14.1093, 20.9517, 12.9756, 13.455, 7.3352, 8.59, 15.9572, 11.8209, 13.1134, 16.7075, 3.3701, 6.9342, 6.3701, 7.9619, 10.6653, 7.8014, 39.131, 40.5, 45.9739, 49.9585, 40.9404, 44.4983, 33.8406, 54.5525, 36.4928, 40.4128, 39.6822, 56.6376, 45.051, 52.8324, 46.0494, 38.9276, 47.074, 52.2643, 39.9355, 40.449, 38.7562, 38.5677, 42.151, 38.7473, 41.3024, 41.3386, 49.2465, 40.0381, 32.664, 50.5324, 38.9818, 43.015, 46.9254, 38.4373, 29.5484, 43.5126, 41.9592, 41.4448, 40.8501, 46.7358, 46.2104, 49.3706, 42.495, 38.5527, 41.1747, 41.0325, 42.4569, 44.6108, 47.4779, 41.5963, 44.4299, 38.6735, 39.2915], [21.8021, 20.1135, 22.9408, 23.4742, 25.0222, 14.9099, 22.5999, 0.0, 20.8088, 21.7983, 21.3187, 24.5737, 16.1942, 26.7235, 30.9259, 21.283, 21.8012, 19.427, 28.4113, 24.9594, 16.7195, 20.2642, 21.1132, 20.8036, 15.3872, 28.5045, 26.5626, 18.9739, 23.1587, 26.3431, 31.7123, 20.5442, 24.5737, 15.3024, 35.129, 19.1324, 21.3808, 19.2747, 39.5729, 25.7547, 38.6372, 25.8242, 18.9954, 28.3417, 33.0359, 22.3199, 23.8577, 23.9458, 22.834, 23.2129, 19.408, 21.542, 21.7759, 30.896, 18.8265, 14.4909, 31.0015, 23.5852, 24.276, 30.4587, 22.0146, 10.7792, 31.1798, 25.994, 25.9379, 23.2128, 30.9046, 25.931, 32.6477, 25.1842, 20.2317, 22.8058, 25.8018, 21.3144, 27.1205, 29.8732, 24.9243, 26.6961, 19.217, 21.5837], [6.4541, 1.2625, 3.5725, 3.0334, 5.9937, 6.7824, 5.6706, 20.8088, 0.0, 2.2624, 8.6086, 8.7908, 15.7965, 8.4608, 10.8417, 1.7848, 3.1201, 10.3549, 8.5419, 8.0012, 11.4112, 2.8263, 1.3463, 0.7087, 5.5553, 8.0939, 5.7871, 38.8128, 41.1605, 45.9611, 50.4971, 40.5532, 44.3513, 33.9446, 54.7088, 37.037, 40.5309, 39.2719, 57.6409, 45.1524, 54.6084, 45.7964, 38.6926, 47.4065, 52.4757, 40.4996, 41.3273, 40.0705, 39.6318, 42.3342, 38.7245, 41.1736, 41.2844, 49.7404, 36.7399, 28.7386, 46.4486, 34.2689, 38.8628, 42.2187, 33.9189, 25.9531, 38.2862, 37.2651, 36.6864, 36.5015, 41.9242, 42.4299, 44.67, 38.0379, 34.422, 36.9795, 36.2395, 39.0743, 40.1433, 42.9792, 37.0372, 40.0168, 34.8246, 35.0018], [4.4605, 1.9207, 5.1896, 1.8082, 3.8677, 8.5926, 7.6465, 21.7983, 2.2624, 0.0, 10.8121, 6.5606, 14.9027, 6.2814, 9.2518, 0.5947, 0.9467, 8.912, 6.8066, 5.7392, 10.4592, 5.0758, 0.985, 1.6445, 7.0726, 6.7088, 5.0465, 40.1614, 42.7883, 47.3788, 52.0654, 41.8724, 45.7326, 35.4455, 56.1557, 38.6482, 42.0066, 40.5891, 59.323, 46.6073, 56.4854, 47.1396, 40.068, 48.9233, 53.9442, 42.1032, 43.0128, 41.8692, 41.3703, 43.8227, 40.1652, 42.5719, 42.7053, 51.2978, 36.8985, 28.6085, 46.1336, 33.5868, 38.5346, 41.5105, 33.3772, 26.0376, 37.1621, 36.5838, 35.96, 36.0604, 41.1395, 42.3041, 43.9589, 37.5183, 34.1291, 36.6335, 35.489, 39.1773, 39.6083, 42.4134, 36.4525, 39.5184, 34.6966, 34.6061], [15.024, 9.5663, 6.373, 10.7754, 14.1013, 7.5149, 3.7791, 21.3187, 8.6086, 10.8121, 0.0, 17.3725, 22.4713, 16.5598, 17.2333, 10.3886, 11.7159, 18.2952, 15.5766, 16.4901, 18.5186, 5.8093, 9.9535, 9.3076, 8.5699, 14.4435, 11.5789, 36.6884, 37.5721, 43.329, 47.0377, 38.5194, 41.9288, 31.2308, 51.7878, 33.6457, 37.739, 37.2834, 53.5014, 42.3557, 49.4289, 43.5244, 36.4432, 44.259, 49.4825, 37.0544, 37.4264, 35.5649, 35.478, 39.4337, 36.156, 38.7451, 38.7434, 46.3484, 39.5015, 32.7327, 50.5786, 39.7372, 43.1757, 47.6178, 38.9927, 29.3916, 44.8782, 42.6703, 42.2308, 41.2152, 47.5477, 46.0156, 50.0426, 42.9542, 38.7335, 41.3908, 41.8604, 41.964, 45.0651, 47.9454, 42.1667, 44.8306, 38.6027, 39.6138], [3.0271, 8.0322, 11.506, 6.9705, 4.1367, 14.1053, 14.1093, 24.5737, 8.7908, 6.5606, 17.3725, 0.0, 12.8751, 3.2637, 8.3936, 7.0071, 5.6708, 6.2565, 6.3714, 1.3402, 9.0885, 11.6171, 7.4476, 8.1128, 12.2625, 7.684, 8.545, 43.5044, 46.934, 50.8527, 55.9614, 45.1086, 49.1124, 39.2943, 59.6546, 42.7833, 45.7036, 43.8347, 63.5348, 50.1992, 61.3371, 50.3928, 43.4905, 52.6835, 57.5225, 46.182, 47.3318, 46.5453, 45.8646, 47.5402, 43.7784, 46.0337, 46.2324, 55.1651, 36.8598, 27.9613, 44.5649, 31.1695, 37.0488, 38.8669, 31.3787, 26.112, 33.3748, 34.1035, 33.3599, 34.2949, 38.2793, 41.3403, 41.2723, 35.4934, 32.8424, 35.1339, 32.8276, 38.932, 37.4998, 40.1697, 34.2583, 37.5182, 33.8768, 33.0068], [11.6067, 14.5388, 19.3475, 16.5588, 15.7691, 15.4748, 20.9517, 16.1942, 15.7965, 14.9027, 22.4713, 12.8751, 0.0, 16.0508, 21.1888, 14.7856, 14.2014, 6.6949, 18.9337, 13.9547, 4.4435, 17.5818, 14.9859, 15.247, 13.9806, 19.9053, 19.5451, 34.4535, 39.2742, 41.7598, 47.4921, 35.8086, 39.9126, 31.4159, 50.3806, 35.2984, 37.2003, 34.6023, 55.5124, 41.336, 54.8312, 40.941, 34.5804, 44.0507, 48.4328, 38.4144, 40.0296, 40.111, 39.0269, 39.0019, 35.2023, 37.0868, 37.3946, 46.6627, 24.2421, 15.1963, 31.766, 18.7373, 24.2144, 26.631, 18.6945, 13.8149, 22.5611, 21.7274, 21.0777, 21.5281, 26.2377, 28.4661, 29.0759, 22.8389, 19.9722, 22.2976, 20.5971, 26.2077, 24.895, 27.6498, 21.6902, 24.8589, 21.0267, 20.1866], [5.031, 8.1466, 10.2815, 5.7918, 2.4871, 14.7668, 12.9756, 26.7235, 8.4608, 6.2814, 16.5598, 3.2637, 16.0508, 0.0, 5.1482, 6.8606, 5.6894, 9.3719, 3.1584, 2.0988, 12.0827, 11.1379, 7.2659, 7.9138, 13.0978, 4.6111, 6.1393, 45.5061, 48.5622, 52.8111, 57.729, 47.1592, 51.1093, 41.0559, 61.6136, 44.4096, 47.5512, 45.8786, 65.1471, 52.1033, 62.5697, 52.4462, 45.4577, 54.5128, 59.4431, 47.8436, 48.8679, 47.8746, 47.3002, 49.3816, 45.6609, 47.9889, 48.1589, 56.9458, 39.8594, 31.0408, 47.7855, 34.4282, 40.255, 42.1306, 34.6184, 29.051, 36.5801, 37.3649, 36.623, 37.5217, 41.541, 44.4946, 44.5358, 38.7384, 36.0218, 38.3389, 36.0911, 41.9739, 40.7503, 43.4268, 37.5107, 40.7633, 36.999, 36.218], [9.8863, 11.1089, 11.0011, 7.8215, 5.976, 17.6229, 13.455, 30.9259, 10.8417, 9.2518, 17.2333, 8.3936, 21.1888, 5.1482, 0.0, 9.8181, 9.1328, 14.4999, 2.5221, 7.2364, 17.1466, 12.8696, 10.0854, 10.5674, 16.2694, 2.8521, 5.6875, 49.4089, 51.9797, 56.6307, 61.2881, 51.1144, 54.983, 44.6867, 65.4068, 47.8483, 51.2536, 49.831, 68.4781, 55.8573, 65.3948, 56.3851, 49.3184, 58.1627, 63.1932, 51.308, 52.164, 50.9033, 50.4735, 53.0678, 49.416, 51.8235, 51.957, 60.5246, 44.8619, 36.1139, 52.9326, 39.561, 45.3986, 47.2369, 39.7657, 34.0167, 41.5042, 42.4905, 41.7403, 42.6697, 46.624, 49.6124, 49.6348, 43.8841, 41.1549, 43.4822, 41.2039, 47.0103, 45.893, 48.5622, 42.6518, 45.909, 42.0983, 41.3633], [4.7312, 1.3267, 4.9832, 2.221, 4.4589, 7.9979, 7.3352, 21.283, 1.7848, 0.5947, 10.3886, 7.0071, 14.7856, 6.8606, 9.8181, 0.0, 1.3367, 8.9568, 7.3853, 6.2457, 10.3475, 4.6105, 0.4412, 1.1127, 6.4857, 7.2404, 5.4413, 39.6042, 42.2049, 46.8147, 51.4871, 41.3187, 45.1722, 34.8721, 55.589, 38.0659, 41.4361, 40.0355, 58.7364, 46.0392, 55.8909, 46.5836, 39.5078, 48.3494, 53.3752, 41.5217, 42.4256, 41.2765, 40.7801, 43.2512, 39.5981, 42.0094, 42.1404, 50.7204, 36.5388, 28.3088, 45.8836, 33.4268, 38.2859, 41.3601, 33.1801, 25.6889, 37.1303, 36.4247, 35.8129, 35.8387, 41.01, 42.0085, 43.8099, 37.3171, 33.8703, 36.3884, 35.3483, 38.8301, 39.4117, 42.2255, 36.2678, 39.3124, 34.3992, 34.3726], [3.5179, 2.4904, 6.1331, 2.3577, 3.4112, 9.0787, 8.59, 21.8012, 3.1201, 0.9467, 11.7159, 5.6708, 14.2014, 5.6894, 9.1328, 1.3367, 0.0, 8.0723, 6.6314, 4.927, 9.7636, 5.9464, 1.7777, 2.4464, 7.4444, 6.7631, 5.4777, 40.3072, 43.0804, 47.5551, 52.3197, 42.002, 45.8911, 35.6742, 56.3431, 38.9339, 42.2165, 40.7187, 59.6388, 46.8034, 56.9215, 47.2778, 40.2274, 49.1511, 54.1438, 42.3823, 43.3375, 42.2616, 41.7269, 44.0382, 40.3581, 42.7412, 42.8861, 51.5464, 36.5247, 28.1362, 45.5792, 32.9192, 37.9806, 40.8293, 32.7552, 25.6507, 36.3627, 35.914, 35.2765, 35.4697, 40.435, 41.8191, 43.2755, 36.9002, 33.5914, 36.0748, 34.7984, 38.78, 38.9837, 41.7769, 35.8138, 38.9059, 34.2174, 34.0322], [5.025, 9.1274, 13.8821, 10.3637, 9.1355, 12.6112, 15.9572, 19.427, 10.3549, 8.912, 18.2952, 6.2565, 6.6949, 9.3719, 14.4999, 8.9568, 8.0723, 0.0, 12.2412, 7.2732, 2.9364, 12.7225, 9.2616, 9.6957, 10.7397, 13.2503, 13.1232, 38.3752, 42.3671, 45.7483, 51.1219, 39.8968, 43.9592, 34.5769, 54.5145, 38.2537, 40.7967, 38.6402, 58.9039, 45.1795, 57.328, 45.151, 38.414, 47.7651, 52.4464, 41.5668, 42.9119, 42.4765, 41.6232, 42.6313, 38.8304, 40.9594, 41.2007, 50.3091, 30.6125, 21.7059, 38.4593, 25.2949, 30.9092, 33.1174, 25.3545, 19.8996, 28.3129, 28.2666, 27.5727, 28.2141, 32.6337, 35.1228, 35.5492, 29.4923, 26.655, 28.9923, 27.0666, 32.6761, 31.5324, 34.2577, 28.3104, 31.5153, 27.6356, 26.881], [7.4723, 8.6957, 9.2179, 5.5104, 3.4634, 15.2919, 11.8209, 28.4113, 8.5419, 6.8066, 15.5766, 6.3714, 18.9337, 3.1584, 2.5221, 7.3853, 6.6314, 12.2412, 0.0, 5.0971, 14.7929, 10.7835, 7.6806, 8.203, 13.8658, 1.6341, 4.1154, 46.9315, 49.5881, 54.1676, 58.8718, 48.6304, 52.5113, 42.2505, 62.9499, 45.4502, 48.8079, 47.3471, 66.1111, 53.4045, 63.1503, 53.9045, 46.847, 55.7285, 60.7429, 48.9065, 49.7983, 48.5989, 48.1344, 50.6255, 46.9608, 49.3567, 49.4959, 58.1043, 42.4347, 33.741, 50.6997, 37.454, 43.144, 45.1963, 37.5835, 31.5763, 39.7312, 40.4041, 39.6761, 40.4547, 44.6299, 47.2884, 47.609, 41.7153, 38.8658, 41.2271, 39.1507, 44.603, 43.7431, 46.4427, 40.5109, 43.7396, 39.7503, 39.12], [3.1573, 7.392, 10.4673, 5.8837, 2.8531, 13.7527, 13.1134, 24.9594, 8.0012, 5.7392, 16.4901, 1.3402, 13.9547, 2.0988, 7.2364, 6.2457, 4.927, 7.2732, 5.0971, 0.0, 9.9961, 10.8107, 6.6844, 7.3574, 11.9718, 6.36, 7.2356, 43.8251, 47.071, 51.1539, 56.1691, 45.4552, 49.4327, 39.4921, 59.9585, 42.9174, 45.9472, 44.1774, 63.6696, 50.4728, 61.2961, 50.7427, 43.7935, 52.9205, 57.8065, 46.3347, 47.4252, 46.5424, 45.9103, 47.7815, 44.0386, 46.3316, 46.5159, 55.3789, 37.7807, 28.9469, 45.6971, 32.3747, 38.1623, 40.1024, 32.5409, 26.9852, 34.6878, 35.319, 34.5857, 35.4364, 39.5328, 42.3958, 42.5136, 36.665, 33.9245, 36.246, 34.0583, 39.8867, 38.6827, 41.3691, 35.4458, 38.6898, 34.9011, 34.1269], [7.3457, 10.1493, 14.9774, 12.1212, 11.5082, 11.9897, 16.7075, 16.7195, 11.4112, 10.4592, 18.5186, 9.0885, 4.4435, 12.0827, 17.1466, 10.3475, 9.7636, 2.9364, 14.7929, 9.9961, 0.0, 13.3506, 10.5568, 10.8404, 10.2826, 15.6504, 15.1389, 35.6111, 39.7826, 42.9821, 48.4314, 37.1058, 41.1806, 31.9588, 51.7303, 35.6928, 38.0991, 35.856, 56.2724, 42.4396, 54.9168, 42.3459, 35.666, 45.0536, 49.6822, 38.9669, 40.3789, 40.0761, 39.1597, 39.9299, 36.1229, 38.2083, 38.4624, 47.6143, 27.7886, 18.968, 36.0069, 23.1586, 28.4242, 31.0658, 23.0444, 17.0235, 26.8781, 26.1523, 25.5131, 25.8191, 30.6809, 32.4972, 33.5122, 27.192, 24.1024, 26.5093, 25.0364, 29.8914, 29.2635, 32.0396, 26.0764, 29.2058, 24.9591, 24.4277], [9.2148, 3.7663, 2.6779, 5.4223, 8.651, 5.4394, 3.3701, 20.2642, 2.8263, 5.0758, 5.8093, 11.6171, 17.5818, 11.1379, 12.8696, 4.6105, 5.9464, 12.7225, 10.7835, 10.8107, 13.3506, 0.0, 4.1707, 3.512, 5.0204, 10.0256, 7.3273, 37.6116, 39.5354, 44.637, 48.9408, 39.3884, 43.0845, 32.5378, 53.3235, 35.45, 39.137, 38.1147, 55.9024, 43.7759, 52.5698, 44.5808, 37.4528, 45.9332, 51.0631, 38.9133, 39.613, 38.1809, 37.8389, 40.9158, 37.3887, 39.8917, 39.969, 48.2018, 37.1393, 29.5387, 47.3797, 35.6649, 39.8362, 43.6135, 35.1602, 26.5216, 40.1426, 38.6474, 38.1209, 37.616, 43.4048, 43.1499, 46.0608, 39.2352, 35.3755, 37.9821, 37.7025, 39.5308, 41.3499, 44.2112, 38.3123, 41.1822, 35.5818, 36.0713], [5.1396, 1.0254, 4.6356, 2.3619, 4.8436, 7.649, 6.9342, 21.1132, 1.3463, 0.985, 9.9535, 7.4476, 14.9859, 7.2659, 10.0854, 0.4412, 1.7777, 9.2616, 7.6806, 6.6844, 10.5568, 4.1707, 0.0, 0.673, 6.1881, 7.4576, 5.5163, 39.3661, 41.9095, 46.5631, 51.2048, 41.0868, 44.928, 34.6021, 55.3321, 37.7735, 41.1721, 39.8039, 58.4308, 45.78, 55.5438, 46.3474, 39.2641, 48.0776, 53.1137, 41.2312, 42.1182, 40.9452, 40.4614, 42.9847, 39.3411, 41.7614, 41.8878, 50.4403, 36.5386, 28.3639, 45.977, 33.59, 38.3811, 41.529, 33.3162, 25.7011, 37.378, 36.588, 35.9848, 35.9556, 41.1935, 42.0647, 43.9795, 37.4493, 33.9582, 36.487, 35.5249, 38.8412, 39.5471, 42.3671, 36.4125, 39.4407, 34.455, 34.4805], [5.7457, 0.777, 4.1937, 2.7597, 5.4738, 7.0913, 6.3701, 20.8036, 0.7087, 1.6445, 9.3076, 8.1128, 15.247, 7.9138, 10.5674, 1.1127, 2.4464, 9.6957, 8.203, 7.3574, 10.8404, 3.512, 0.673, 0.0, 5.7139, 7.8817, 5.7618, 38.9506, 41.4124, 46.1275, 50.7253, 40.68, 44.503, 34.1418, 54.888, 37.2811, 40.7194, 39.3976, 57.9183, 45.3334, 54.9751, 45.9336, 38.8408, 47.613, 52.6633, 40.7411, 41.6043, 40.3985, 39.9322, 42.5283, 38.8986, 41.3314, 41.4511, 49.9639, 36.4768, 28.3896, 46.0566, 33.7811, 38.4652, 41.7271, 33.4651, 25.6626, 37.7019, 36.7786, 36.189, 36.0739, 41.4146, 42.0878, 44.1783, 37.5911, 34.0321, 36.5766, 35.7363, 38.7959, 39.6932, 42.5223, 36.5739, 39.5759, 34.4793, 34.5853], [9.2804, 5.1701, 7.6476, 8.4736, 10.8485, 1.9167, 7.9619, 15.3872, 5.5553, 7.0726, 8.5699, 12.2625, 13.9806, 13.0978, 16.2694, 6.4857, 7.4444, 10.7397, 13.8658, 11.9718, 10.2826, 5.0204, 6.1881, 5.7139, 0.0, 13.5946, 11.336, 33.2592, 35.7223, 40.4194, 45.0187, 34.9981, 38.8022, 28.428, 49.176, 31.5856, 35.0058, 33.7168, 52.2508, 39.6209, 49.4794, 40.2429, 33.1419, 41.8999, 46.9498, 35.0432, 35.9402, 34.8201, 34.3023, 36.8144, 33.1876, 35.6271, 35.7427, 44.2554, 32.1463, 24.707, 42.5801, 31.2696, 35.0763, 39.184, 30.6188, 21.5932, 36.3114, 34.224, 33.7538, 32.9606, 39.0654, 38.2508, 41.6198, 34.6402, 30.6149, 33.2458, 33.3679, 34.5486, 36.756, 39.6305, 33.788, 36.5553, 30.7116, 31.3876], [8.3121, 8.4811, 8.1663, 5.1228, 4.1433, 14.87, 10.6653, 28.5045, 8.0939, 6.7088, 14.4435, 7.684, 19.9053, 4.6111, 2.8521, 7.2404, 6.7631, 13.2503, 1.6341, 6.36, 15.6504, 10.0256, 7.4576, 7.8817, 13.5946, 0.0, 2.8656, 46.8217, 49.254, 54.0082, 58.5888, 48.5442, 52.3799, 42.0205, 62.7697, 45.1308, 48.6003, 47.2613, 65.7258, 53.2151, 62.5724, 53.8036, 46.7168, 55.4889, 60.5444, 48.5933, 49.4135, 48.1099, 47.7023, 50.4081, 46.7802, 49.2104, 49.332, 57.8307, 43.0857, 34.5077, 51.6454, 38.5382, 44.0697, 46.3296, 38.5954, 32.2095, 41.0458, 41.5033, 40.7948, 41.4287, 45.7996, 48.1189, 48.7524, 42.7367, 39.7522, 42.1539, 40.2791, 45.2943, 44.7813, 47.5075, 41.5607, 44.7586, 40.5511, 40.063], [8.1185, 6.4752, 5.3141, 3.2394, 4.4157, 12.4223, 7.8014, 26.5626, 5.7871, 5.0465, 11.5789, 8.545, 19.5451, 6.1393, 5.6875, 5.4413, 5.4777, 13.1232, 4.1154, 7.2356, 15.1389, 7.3273, 5.5163, 5.7618, 11.336, 2.8656, 0.0, 44.5797, 46.7788, 51.7032, 56.1542, 46.3264, 50.107, 39.6561, 60.4352, 42.6736, 46.2502, 45.0458, 63.1935, 50.879, 59.8922, 51.5627, 44.4522, 53.0993, 58.1926, 46.1382, 46.8922, 45.5024, 45.1414, 48.0459, 44.4608, 46.9248, 47.0273, 55.4056, 41.9434, 33.6095, 51.0463, 38.2823, 43.4486, 46.164, 38.1769, 31.0796, 41.3699, 41.2715, 40.6113, 40.9176, 45.7243, 47.2955, 48.6048, 42.3241, 39.0651, 41.5411, 40.1204, 44.2175, 44.3999, 47.1784, 41.2153, 44.3346, 39.6925, 39.4912], [40.6731, 38.3415, 40.2141, 41.7028, 43.6432, 32.2239, 39.131, 18.9739, 38.8128, 40.1614, 36.6884, 43.5044, 34.4535, 45.5061, 49.4089, 39.6042, 40.3072, 38.3752, 46.9315, 43.8251, 35.6111, 37.6116, 39.3661, 38.9506, 33.2592, 46.8217, 44.5797, 0.0, 7.1353, 7.373, 13.112, 1.8445, 5.6084, 5.7691, 16.1565, 6.1685, 3.4059, 0.8144, 21.275, 6.8831, 22.557, 6.9836, 0.5939, 9.6389, 14.0721, 6.2868, 8.6498, 11.3366, 9.5378, 4.8607, 2.0389, 2.6375, 2.9992, 12.2774, 21.5502, 25.3759, 33.1482, 33.7725, 29.8852, 37.5183, 31.6101, 23.2857, 42.2952, 34.8351, 35.3037, 30.8573, 38.6292, 27.9776, 38.8741, 32.6095, 28.0676, 29.5385, 35.4999, 22.9739, 33.7106, 35.5478, 33.2512, 33.0665, 25.6802, 29.7358], [43.9783, 40.8924, 41.99, 44.1615, 46.4857, 34.3878, 40.5, 23.1587, 41.1605, 42.7883, 37.5721, 46.934, 39.2742, 48.5622, 51.9797, 42.2049, 43.0804, 42.3671, 49.5881, 47.071, 39.7826, 39.5354, 41.9095, 41.4124, 35.7223, 49.254, 46.7788, 7.1353, 0.0, 7.2831, 9.4665, 7.5386, 7.0591, 7.8612, 14.4521, 4.1537, 3.9141, 7.7029, 16.6012, 6.0252, 15.9924, 8.6466, 6.6087, 6.9109, 12.1307, 0.9257, 1.5857, 4.9075, 3.3601, 3.7798, 5.2386, 5.7324, 5.2058, 8.7812, 28.6398, 31.855, 40.2671, 40.5554, 36.9611, 44.5867, 38.4196, 29.4038, 49.0768, 41.763, 42.1913, 37.8264, 45.6702, 35.1114, 45.9817, 39.616, 34.9734, 36.5507, 42.3585, 30.1051, 40.7748, 42.6583, 40.2011, 40.1359, 32.643, 36.6469], [48.0055, 45.5377, 47.2014, 48.8855, 50.9101, 39.3, 45.9739, 26.3431, 45.9611, 47.3788, 43.329, 50.8527, 41.7598, 52.8111, 56.6307, 46.8147, 47.5551, 45.7483, 54.1676, 51.1539, 42.9821, 44.637, 46.5631, 46.1275, 40.4194, 54.0082, 51.7032, 7.373, 7.2831, 0.0, 6.3316, 5.9625, 1.8799, 12.1334, 8.8046, 10.0711, 5.5967, 7.1583, 14.4972, 1.2622, 17.6704, 1.9475, 7.3622, 3.1115, 6.7002, 7.2376, 8.5203, 11.9879, 10.6188, 4.0315, 7.2483, 4.8226, 4.6768, 5.538, 26.6671, 31.8532, 36.925, 39.6787, 34.9113, 42.486, 37.4867, 30.129, 48.1274, 40.3828, 40.9559, 36.3289, 43.7266, 32.1522, 43.5487, 37.9238, 33.7671, 34.8752, 41.2221, 27.5977, 38.7476, 40.2326, 38.752, 38.0829, 31.257, 35.3958], [53.0469, 50.1834, 51.4177, 53.4812, 55.7135, 43.7418, 49.9585, 31.7123, 50.4971, 52.0654, 47.0377, 55.9614, 47.4921, 57.729, 61.2881, 51.4871, 52.3197, 51.1219, 58.8718, 56.1691, 48.4314, 48.9408, 51.2048, 50.7253, 45.0187, 58.5888, 56.1542, 13.112, 9.4665, 6.3316, 0.0, 12.0337, 8.152, 16.6773, 5.654, 13.4921, 10.3332, 13.0986, 8.2181, 6.315, 12.0976, 7.9735, 12.9311, 3.4799, 3.6606, 10.0321, 9.7495, 12.469, 11.897, 8.5072, 12.3174, 10.4816, 10.1256, 0.8349, 32.9696, 38.1235, 42.9225, 46.0101, 41.184, 48.7351, 43.8183, 36.2855, 54.4582, 46.703, 47.2819, 42.6467, 49.994, 38.2789, 49.7412, 44.2262, 40.0974, 41.1835, 47.551, 33.8348, 45.0143, 46.4355, 45.07, 44.3477, 37.5845, 41.7244], [42.3002, 40.0631, 41.9983, 43.4287, 45.3251, 33.9905, 40.9404, 20.5442, 40.5532, 41.8724, 38.5194, 45.1086, 35.8086, 47.1592, 51.1144, 41.3187, 42.002, 39.8968, 48.6304, 45.4552, 37.1058, 39.3884, 41.0868, 40.68, 34.9981, 48.5442, 46.3264, 1.8445, 7.5386, 5.9625, 12.0337, 0.0, 4.1041, 7.591, 14.6257, 7.5075, 3.6299, 1.2834, 20.2498, 5.7187, 22.1918, 5.2876, 2.2164, 8.5644, 12.6252, 6.8129, 9.1195, 12.1401, 10.3668, 4.4355, 3.2545, 1.9335, 2.4769, 11.2028, 21.6932, 26.1363, 32.8856, 34.2774, 30.0303, 37.6623, 32.0981, 24.2536, 42.7812, 35.193, 35.7047, 31.1758, 38.8226, 27.8202, 38.9183, 32.8709, 28.4716, 29.8002, 35.9301, 22.9431, 33.8709, 35.5876, 33.5871, 33.2175, 26.0255, 30.1278], [46.281, 43.9029, 45.6665, 47.2585, 49.2345, 37.7226, 44.4983, 24.5737, 44.3513, 45.7326, 41.9288, 49.1124, 39.9126, 51.1093, 54.983, 45.1722, 45.8911, 43.9592, 52.5113, 49.4327, 41.1806, 43.0845, 44.928, 44.503, 38.8022, 52.3799, 50.107, 5.6084, 7.0591, 1.8799, 8.152, 4.1041, 0.0, 10.6992, 10.5567, 9.1244, 4.4298, 5.3274, 16.347, 2.075, 19.1593, 1.7225, 5.6647, 4.7923, 8.5229, 6.776, 8.4972, 11.9486, 10.4042, 3.3387, 5.7741, 3.1967, 3.198, 7.3413, 24.9415, 29.9913, 35.4347, 37.8749, 33.2163, 40.8104, 35.6847, 28.2499, 46.3377, 38.6234, 39.1836, 34.575, 42.0331, 30.5821, 41.9197, 36.1928, 31.9818, 33.1371, 39.4413, 25.9438, 37.0569, 38.5974, 36.9971, 36.3942, 29.4829, 33.6171], [36.372, 33.578, 35.0862, 36.9013, 39.0598, 27.2363, 33.8406, 15.3024, 33.9446, 35.4455, 31.2308, 39.2943, 31.4159, 41.0559, 44.6867, 34.8721, 35.6742, 34.5769, 42.2505, 39.4921, 31.9588, 32.5378, 34.6021, 34.1418, 28.428, 42.0205, 39.6561, 5.7691, 7.8612, 12.1334, 16.6773, 7.591, 10.6992, 0.0, 20.787, 3.9796, 6.5993, 6.5104, 24.3271, 11.2387, 23.6148, 12.3146, 5.3882, 13.4782, 18.5366, 7.0176, 8.6752, 9.6172, 8.1043, 8.3903, 4.9253, 7.5248, 7.5132, 15.8905, 23.0992, 24.8099, 35.5432, 33.8539, 31.1723, 38.6696, 31.7904, 22.0472, 42.3087, 35.3688, 35.6923, 31.5934, 39.6145, 30.18, 40.3061, 33.4858, 28.6031, 30.4806, 35.7921, 24.9644, 34.8749, 37.0409, 33.8835, 34.2705, 26.4695, 30.2667], [56.81, 54.3068, 55.8635, 57.6472, 59.7037, 48.0191, 54.5525, 35.129, 54.7088, 56.1557, 51.7878, 59.6546, 50.3806, 61.6136, 65.4068, 55.589, 56.3431, 54.5145, 62.9499, 59.9585, 51.7303, 53.3235, 55.3321, 54.888, 49.176, 62.7697, 60.4352, 16.1565, 14.4521, 8.8046, 5.654, 14.6257, 10.5567, 20.787, 0.0, 18.163, 14.1881, 15.8752, 8.7583, 9.5566, 15.7349, 9.4411, 16.1659, 7.5688, 2.323, 14.8294, 15.0353, 17.9935, 17.2483, 12.4118, 15.9911, 13.6271, 13.4589, 6.0073, 33.3961, 39.6554, 42.0219, 46.8218, 41.2939, 48.6422, 44.6341, 38.2919, 55.0905, 47.1591, 47.8273, 43.1059, 49.9923, 37.81, 49.3851, 44.5155, 40.8137, 41.5549, 48.1594, 33.8568, 45.0494, 46.1501, 45.5105, 44.379, 38.248, 42.372], [39.8257, 36.7552, 37.9264, 40.0326, 42.338, 30.2704, 36.4928, 19.1324, 37.037, 38.6482, 33.6457, 42.7833, 35.2984, 44.4096, 47.8483, 38.0659, 38.9339, 38.2537, 45.4502, 42.9174, 35.6928, 35.45, 37.7735, 37.2811, 31.5856, 45.1308, 42.6736, 6.1685, 4.1537, 10.0711, 13.4921, 7.5075, 9.1244, 3.9796, 18.163, 0.0, 4.7166, 6.9653, 20.7536, 8.9431, 19.6446, 10.8469, 5.5828, 10.6148, 15.8491, 3.4646, 4.7324, 5.8754, 4.2209, 6.0397, 4.263, 6.4419, 6.1419, 12.7621, 26.4026, 28.6735, 38.5586, 37.6255, 34.6091, 42.173, 35.5354, 25.9871, 46.11, 39.0396, 39.3996, 35.1995, 43.1709, 33.2628, 43.7205, 37.0583, 32.2519, 34.0235, 39.5222, 28.1099, 38.3641, 40.4259, 37.5247, 37.7451, 30.0397, 33.9229], [42.8124, 40.1473, 41.683, 43.4791, 45.5919, 33.8322, 40.4128, 21.3808, 40.5309, 42.0066, 37.739, 45.7036, 37.2003, 47.5512, 51.2536, 41.4361, 42.2165, 40.7967, 48.8079, 45.9472, 38.0991, 39.137, 41.1721, 40.7194, 35.0058, 48.6003, 46.2502, 3.4059, 3.9141, 5.5967, 10.3332, 3.6299, 4.4298, 6.5993, 14.1881, 4.7166, 0.0, 3.8562, 18.3215, 4.6417, 19.1687, 6.1482, 2.9775, 6.9816, 11.9448, 3.1896, 5.4914, 8.5603, 6.8137, 1.8375, 1.999, 1.9373, 1.5003, 9.5153, 24.938, 28.6911, 36.4005, 37.1612, 33.2765, 40.9109, 35.0025, 26.4862, 45.6854, 38.2402, 38.706, 34.2632, 42.0285, 31.2779, 42.2468, 36.0139, 31.4707, 32.9426, 38.8994, 26.3189, 37.105, 38.9187, 36.657, 36.4594, 29.086, 33.1395], [41.0226, 38.7802, 40.7271, 42.1461, 44.0423, 32.7141, 39.6822, 19.2747, 39.2719, 40.5891, 37.2834, 43.8347, 34.6023, 45.8786, 49.831, 40.0355, 40.7187, 38.6402, 47.3471, 44.1774, 35.856, 38.1147, 39.8039, 39.3976, 33.7168, 47.2613, 45.0458, 0.8144, 7.7029, 7.1583, 13.0986, 1.2834, 5.3274, 6.5104, 15.8752, 6.9653, 3.8562, 0.0, 21.2981, 6.8035, 22.8832, 6.5675, 1.3837, 9.6189, 13.8466, 6.8872, 9.2465, 12.0356, 10.2393, 5.095, 2.7751, 2.6711, 3.134, 12.2643, 21.101, 25.1922, 32.5657, 33.4759, 29.4419, 37.0772, 31.3054, 23.2055, 41.9927, 34.477, 34.9635, 30.4818, 38.2071, 27.4268, 38.3967, 32.212, 27.7258, 29.1398, 35.172, 22.463, 33.2745, 35.0679, 32.8836, 32.6266, 25.313, 29.3898], [60.5793, 57.4185, 58.2864, 60.6567, 63.0477, 50.8587, 56.6376, 39.5729, 57.6409, 59.323, 53.5014, 63.5348, 55.5124, 65.1471, 68.4781, 58.7364, 59.6388, 58.9039, 66.1111, 63.6696, 56.2724, 55.9024, 58.4308, 57.9183, 52.2508, 65.7258, 63.1935, 21.275, 16.6012, 14.4972, 8.2181, 20.2498, 16.347, 24.3271, 8.7583, 20.7536, 18.3215, 21.2981, 0.0, 14.5316, 8.5064, 15.9861, 21.0573, 11.6871, 9.0469, 17.3604, 16.3142, 17.9542, 18.0783, 16.5434, 20.3205, 18.66, 18.2768, 9.0473, 40.9699, 46.3349, 50.3769, 54.1341, 49.1012, 56.5899, 51.9404, 44.4973, 62.5514, 54.741, 55.3451, 50.6791, 57.8861, 45.9471, 57.4859, 52.2101, 48.1919, 49.1873, 55.6306, 41.6998, 52.9118, 54.206, 53.1011, 52.2426, 45.6616, 49.8052], [47.3303, 44.7548, 46.3242, 48.0929, 50.1706, 38.464, 45.051, 25.7547, 45.1524, 46.6073, 42.3557, 50.1992, 41.336, 52.1033, 55.8573, 46.0392, 46.8034, 45.1795, 53.4045, 50.4728, 42.4396, 43.7759, 45.78, 45.3334, 39.6209, 53.2151, 50.879, 6.8831, 6.0252, 1.2622, 6.315, 5.7187, 2.075, 11.2387, 9.5566, 8.9431, 4.6417, 6.8035, 14.5316, 0.0, 17.0846, 2.9613, 6.7772, 2.8519, 7.3415, 6.0065, 7.2601, 10.7296, 9.3572, 2.9336, 6.4458, 4.2497, 3.9789, 5.4844, 26.9704, 31.8285, 37.5089, 39.8306, 35.2586, 42.8596, 37.6431, 29.9713, 48.3084, 40.6249, 41.1737, 36.5818, 44.0748, 32.6552, 43.983, 38.2153, 33.9609, 35.1557, 41.4231, 28.0025, 39.1005, 40.6595, 39.0025, 38.4388, 31.4741, 35.6025], [58.3204, 54.5648, 54.759, 57.6404, 60.3163, 47.8952, 52.8324, 38.6372, 54.6084, 56.4854, 49.4289, 61.3371, 54.8312, 62.5697, 65.3948, 55.8909, 56.9215, 57.328, 63.1503, 61.2961, 54.9168, 52.5698, 55.5438, 54.9751, 49.4794, 62.5724, 59.8922, 22.557, 15.9924, 17.6704, 12.0976, 22.1918, 19.1593, 23.6148, 15.7349, 19.6446, 19.1687, 22.8832, 8.5064, 17.0846, 0.0, 19.5656, 22.1458, 14.5789, 14.9301, 16.9139, 14.9491, 14.8516, 15.8066, 17.7996, 20.9762, 20.2942, 19.7808, 12.6323, 43.8768, 47.7941, 54.5812, 56.3286, 52.2066, 59.8322, 54.1671, 45.3959, 64.8519, 57.3584, 57.8462, 53.355, 61.008, 49.737, 61.0228, 55.0619, 50.6085, 51.9907, 58.051, 45.0318, 56.0493, 57.6949, 55.7612, 55.3932, 48.1924, 52.273], [47.5874, 45.3229, 47.1756, 48.6853, 50.606, 39.2008, 46.0494, 25.8242, 45.7964, 47.1396, 43.5244, 50.3928, 40.941, 52.4462, 56.3851, 46.5836, 47.2778, 45.151, 53.9045, 50.7427, 42.3459, 44.5808, 46.3474, 45.9336, 40.2429, 53.8036, 51.5627, 6.9836, 8.6466, 1.9475, 7.9735, 5.2876, 1.7225, 12.3146, 9.4411, 10.8469, 6.1482, 6.5675, 15.9861, 2.9613, 19.5656, 0.0, 7.1301, 4.9869, 7.6049, 8.4302, 10.0213, 13.4934, 12.0057, 5.0082, 7.404, 4.7907, 4.8671, 7.2277, 25.0159, 30.5259, 35.065, 38.1515, 33.2129, 40.7616, 35.9575, 28.9667, 46.5656, 38.7698, 39.3647, 34.7099, 42.0215, 30.3424, 41.779, 36.2694, 32.2058, 33.2331, 39.6463, 25.8617, 37.0418, 38.4698, 37.1329, 36.375, 29.677, 33.8204], [40.6444, 38.2391, 40.0458, 41.5957, 43.5731, 32.0782, 38.9276, 18.9954, 38.6926, 40.068, 36.4432, 43.4905, 34.5804, 45.4577, 49.3184, 39.5078, 40.2274, 38.414, 46.847, 43.7935, 35.666, 37.4528, 39.2641, 38.8408, 33.1419, 46.7168, 44.4522, 0.5939, 6.6087, 7.3622, 12.9311, 2.2164, 5.6647, 5.3882, 16.1659, 5.5828, 2.9775, 1.3837, 21.0573, 6.7772, 22.1458, 7.1301, 0.0, 9.4734, 14.0427, 5.746, 8.1065, 10.7526, 8.9536, 4.5563, 1.4534, 2.5468, 2.8143, 12.0982, 22.0456, 25.7264, 33.699, 34.1856, 30.3756, 38.0064, 32.0282, 23.5736, 42.71, 35.2814, 35.7403, 31.3136, 39.1078, 28.5164, 39.3795, 33.0767, 28.5068, 30.0069, 35.9299, 23.4968, 34.1969, 36.0547, 33.7028, 33.5547, 26.1335, 30.1768], [49.7882, 47.0538, 48.4457, 50.372, 52.5341, 40.6772, 47.074, 28.3417, 47.4065, 48.9233, 44.259, 52.6835, 44.0507, 54.5128, 58.1627, 48.3494, 49.1511, 47.7651, 55.7285, 52.9205, 45.0536, 45.9332, 48.0776, 47.613, 41.8999, 55.4889, 53.0993, 9.6389, 6.9109, 3.1115, 3.4799, 8.5644, 4.7923, 13.4782, 7.5688, 10.6148, 6.9816, 9.6189, 11.6871, 2.8519, 14.5789, 4.9869, 9.4734, 0.0, 5.2469, 7.2606, 7.6564, 10.8878, 9.8881, 5.1442, 8.9348, 7.0052, 6.6615, 2.6454, 29.7275, 34.6803, 40.0322, 42.6554, 37.9907, 45.5748, 40.4663, 32.8106, 51.1246, 43.4156, 43.9751, 39.367, 46.8073, 35.2632, 46.6523, 40.981, 36.7708, 37.9268, 44.2312, 30.6934, 41.8295, 43.3345, 41.7892, 41.1656, 34.2744, 38.4077], [54.662, 52.0886, 53.5947, 55.4229, 57.5119, 45.7728, 52.2643, 33.0359, 52.4757, 53.9442, 49.4825, 57.5225, 48.4328, 59.4431, 63.1932, 53.3752, 54.1438, 52.4464, 60.7429, 57.8065, 49.6822, 51.0631, 53.1137, 52.6633, 46.9498, 60.5444, 58.1926, 14.0721, 12.1307, 6.7002, 3.6606, 12.6252, 8.5229, 18.5366, 2.323, 15.8491, 11.9448, 13.8466, 9.0469, 7.3415, 14.9301, 7.6049, 14.0427, 5.2469, 0.0, 12.5072, 12.7366, 15.7494, 14.9559, 10.1485, 13.7872, 11.496, 11.2913, 3.8414, 32.1771, 38.0822, 41.3317, 45.4995, 40.211, 47.6486, 43.3066, 36.5711, 53.8421, 45.9619, 46.5995, 41.9002, 48.9666, 36.9382, 48.4929, 43.3736, 39.5129, 40.3774, 46.9099, 32.7866, 44.0018, 45.2254, 44.316, 43.3315, 36.9596, 41.0984], [43.2345, 40.2122, 41.3859, 43.4935, 45.7845, 33.7343, 39.9355, 22.3199, 40.4996, 42.1032, 37.0544, 46.182, 38.4144, 47.8436, 51.308, 41.5217, 42.3823, 41.5668, 48.9065, 46.3347, 38.9669, 38.9133, 41.2312, 40.7411, 35.0432, 48.5933, 46.1382, 6.2868, 0.9257, 7.2376, 10.0321, 6.8129, 6.776, 7.0176, 14.8294, 3.4646, 3.1896, 6.8872, 17.3604, 6.0065, 16.9139, 8.4302, 5.746, 7.2606, 12.5072, 0.0, 2.3632, 5.4017, 3.7067, 3.4376, 4.3512, 5.0842, 4.5821, 9.3111, 27.753, 30.9293, 39.434, 39.6343, 36.0694, 43.6926, 37.4997, 28.482, 48.1551, 40.8501, 41.2753, 36.9177, 44.7705, 34.2617, 45.0992, 38.7116, 34.0594, 35.6474, 41.4407, 29.2388, 39.8801, 41.7773, 39.2903, 39.2424, 31.7343, 35.7331], [44.3558, 41.1067, 42.0242, 44.3426, 46.7477, 34.5454, 40.449, 23.8577, 41.3273, 43.0128, 37.4264, 47.3318, 40.0296, 48.8679, 52.164, 42.4256, 43.3375, 42.9119, 49.7983, 47.4252, 40.3789, 39.613, 42.1182, 41.6043, 35.9402, 49.4135, 46.8922, 8.6498, 1.5857, 8.5203, 9.7495, 9.1195, 8.4972, 8.6752, 15.0353, 4.7324, 5.4914, 9.2465, 16.3142, 7.2601, 14.9491, 10.0213, 8.1065, 7.6564, 12.7366, 2.3632, 0.0, 3.4757, 2.2319, 5.294, 6.6996, 7.3179, 6.7902, 9.1533, 30.0882, 33.069, 41.7973, 41.8569, 38.3963, 46.0146, 39.7329, 30.5226, 50.3715, 43.1209, 43.532, 39.2049, 47.0813, 36.6228, 47.4382, 41.0113, 36.3271, 37.9505, 43.6874, 31.5931, 42.2013, 44.1182, 41.5696, 41.5658, 34.0228, 38.0013], [43.5363, 39.9503, 40.4932, 43.1024, 45.6684, 33.3075, 38.7562, 23.9458, 40.0705, 41.8692, 35.5649, 46.5453, 40.111, 47.8746, 50.9033, 41.2765, 42.2616, 42.4765, 48.5989, 46.5424, 40.0761, 38.1809, 40.9452, 40.3985, 34.8201, 48.1099, 45.5024, 11.3366, 4.9075, 11.9879, 12.469, 12.1401, 11.9486, 9.6172, 17.9935, 5.8754, 8.5603, 12.0356, 17.9542, 10.7296, 14.8516, 13.4934, 10.7526, 10.8878, 15.7494, 5.4017, 3.4757, 0.0, 1.799, 8.6872, 9.2993, 10.4784, 9.9827, 11.9966, 32.2542, 34.4269, 44.302, 43.4502, 40.4782, 48.047, 41.3726, 31.6204, 51.9177, 44.9016, 45.2517, 41.0715, 49.0463, 39.0413, 49.5843, 42.933, 38.1173, 39.8989, 45.3663, 33.9185, 44.2376, 46.2854, 43.3923, 43.6176, 35.914, 39.7872], [42.8701, 39.4568, 40.21, 42.6568, 45.1378, 32.852, 38.5677, 22.834, 39.6318, 41.3703, 35.478, 45.8646, 39.0269, 47.3002, 50.4735, 40.7801, 41.7269, 41.6232, 48.1344, 45.9103, 39.1597, 37.8389, 40.4614, 39.9322, 34.3023, 47.7023, 45.1414, 9.5378, 3.3601, 10.6188, 11.897, 10.3668, 10.4042, 8.1043, 17.2483, 4.2209, 6.8137, 10.2393, 18.0783, 9.3572, 15.8066, 12.0057, 8.9536, 9.8881, 14.9559, 3.7067, 2.2319, 1.799, 0.0, 7.0902, 7.5003, 8.7436, 8.2611, 11.332, 30.5177, 32.882, 42.5214, 41.8464, 38.7608, 46.3419, 39.7556, 30.1514, 50.3302, 43.2512, 43.6163, 39.3994, 47.3555, 37.2697, 47.8576, 41.2494, 36.4613, 38.2083, 43.7412, 32.1577, 42.5305, 44.5541, 41.7313, 41.9072, 34.2337, 38.1332], [44.6475, 41.9602, 43.4521, 45.288, 47.4162, 35.6253, 42.151, 23.2129, 42.3342, 43.8227, 39.4337, 47.5402, 39.0019, 49.3816, 53.0678, 43.2512, 44.0382, 42.6313, 50.6255, 47.7815, 39.9299, 40.9158, 42.9847, 42.5283, 36.8144, 50.4081, 48.0459, 4.8607, 3.7798, 4.0315, 8.5072, 4.4355, 3.3387, 8.3903, 12.4118, 6.0397, 1.8375, 5.095, 16.5434, 2.9336, 17.7996, 5.0082, 4.5563, 5.1442, 10.1485, 3.4376, 5.294, 8.6872, 7.0902, 0.0, 3.8103, 2.508, 1.9827, 7.6859, 26.115, 30.2347, 37.2778, 38.5708, 34.4548, 42.0884, 36.4005, 28.1277, 47.0877, 39.5595, 40.0528, 35.5559, 43.2401, 32.2415, 43.3534, 37.2701, 32.8154, 34.1982, 40.2644, 27.3784, 38.2937, 40.0228, 37.9617, 37.6417, 30.393, 34.4779], [40.899, 38.3158, 39.9547, 41.6575, 43.7247, 32.0539, 38.7473, 19.408, 38.7245, 40.1652, 36.156, 43.7784, 35.2023, 45.6609, 49.416, 39.5981, 40.3581, 38.8304, 46.9608, 44.0386, 36.1229, 37.3887, 39.3411, 38.8986, 33.1876, 46.7802, 44.4608, 2.0389, 5.2386, 7.2483, 12.3174, 3.2545, 5.7741, 4.9253, 15.9911, 4.263, 1.999, 2.7751, 20.3205, 6.4458, 20.9762, 7.404, 1.4534, 8.9348, 13.7872, 4.3512, 6.6996, 9.2993, 7.5003, 3.8103, 0.0, 2.6174, 2.5915, 11.4958, 23.403, 26.8266, 35.1299, 35.398, 31.7226, 39.3481, 33.2507, 24.5528, 43.9229, 36.5531, 36.9947, 32.6038, 40.4338, 29.9334, 40.7481, 34.3849, 29.7685, 31.3182, 37.1724, 24.8937, 35.5363, 37.4261, 34.9842, 34.8973, 27.4208, 31.4409], [43.1836, 40.7361, 42.4715, 44.0881, 46.0927, 34.5345, 41.3024, 21.542, 41.1736, 42.5719, 38.7451, 46.0337, 37.0868, 47.9889, 51.8235, 42.0094, 42.7412, 40.9594, 49.3567, 46.3316, 38.2083, 39.8917, 41.7614, 41.3314, 35.6271, 49.2104, 46.9248, 2.6375, 5.7324, 4.8226, 10.4816, 1.9335, 3.1967, 7.5248, 13.6271, 6.4419, 1.9373, 2.6711, 18.66, 4.2497, 20.2942, 4.7907, 2.5468, 7.0052, 11.496, 5.0842, 7.3179, 10.4784, 8.7436, 2.508, 2.6174, 0.0, 0.5483, 9.6467, 23.6078, 27.8629, 34.8118, 36.1125, 31.9473, 39.5807, 33.9381, 25.8611, 44.6245, 37.0709, 37.5716, 33.0619, 40.7341, 29.7531, 40.8468, 34.7695, 30.3353, 31.6979, 37.7889, 24.8744, 35.7865, 37.5162, 35.4699, 35.1342, 27.9034, 31.9954], [43.3708, 40.8624, 42.5391, 44.2092, 46.2449, 34.6262, 41.3386, 21.7759, 41.2844, 42.7053, 38.7434, 46.2324, 37.3946, 48.1589, 51.957, 42.1404, 42.8861, 41.2007, 49.4959, 46.5159, 38.4624, 39.969, 41.8878, 41.4511, 35.7427, 49.332, 47.0273, 2.9992, 5.2058, 4.6768, 10.1256, 2.4769, 3.198, 7.5132, 13.4589, 6.1419, 1.5003, 3.134, 18.2768, 3.9789, 19.7808, 4.8671, 2.8143, 6.6615, 11.2913, 4.5821, 6.7902, 9.9827, 8.2611, 1.9827, 2.5915, 0.5483, 0.0, 9.2917, 24.1344, 28.3163, 35.3589, 36.6038, 32.4747, 40.1088, 34.4314, 26.2758, 45.1184, 37.5794, 38.0754, 33.5742, 41.2584, 30.2971, 41.3819, 35.2874, 30.8384, 32.2156, 38.2893, 25.4123, 36.3131, 38.0513, 35.9806, 35.6615, 28.4126, 32.4999], [52.2545, 49.4183, 50.6868, 52.7207, 54.9381, 42.9899, 49.2465, 30.896, 49.7404, 51.2978, 46.3484, 55.1651, 46.6627, 56.9458, 60.5246, 50.7204, 51.5464, 50.3091, 58.1043, 55.3789, 47.6143, 48.2018, 50.4403, 49.9639, 44.2554, 57.8307, 55.4056, 12.2774, 8.7812, 5.538, 0.8349, 11.2028, 7.3413, 15.8905, 6.0073, 12.7621, 9.5153, 12.2643, 9.0473, 5.4844, 12.6323, 7.2277, 12.0982, 2.6454, 3.8414, 9.3111, 9.1533, 11.9966, 11.332, 7.6859, 11.4958, 9.6467, 9.2917, 0.0, 32.196, 37.3005, 42.2343, 45.2101, 40.4232, 47.983, 43.0188, 35.4533, 53.6637, 45.9197, 46.4939, 41.865, 49.2356, 37.56, 49.0065, 43.4531, 39.304, 40.4073, 46.7597, 33.0853, 44.2559, 45.6975, 44.2882, 43.5899, 36.795, 40.9336], [34.9767, 35.7029, 39.6752, 38.7067, 39.0252, 32.3476, 40.0381, 18.8265, 36.7399, 36.8985, 39.5015, 36.8598, 24.2421, 39.8594, 44.8619, 36.5388, 36.5247, 30.6125, 42.4347, 37.7807, 27.7886, 37.1393, 36.5386, 36.4768, 32.1463, 43.0857, 41.9434, 21.5502, 28.6398, 26.6671, 32.9696, 21.6932, 24.9415, 23.0992, 33.3961, 26.4026, 24.938, 21.101, 40.9699, 26.9704, 43.8768, 25.0159, 22.0456, 29.7275, 32.1771, 27.753, 30.0882, 32.2542, 30.5177, 26.115, 23.403, 23.6078, 24.1344, 32.196, 0.0, 9.1446, 12.8279, 13.5371, 8.3416, 15.9769, 11.3867, 10.8784, 21.6949, 13.785, 14.4324, 9.7231, 17.1312, 7.4465, 17.3531, 11.2571, 7.5345, 8.2181, 14.7654, 2.4896, 12.1787, 14.0399, 12.1399, 11.5277, 4.9779, 9.011], [26.2704, 27.6134, 31.9238, 30.4049, 30.392, 25.276, 32.664, 14.4909, 28.7386, 28.6085, 32.7327, 27.9613, 15.1963, 31.0408, 36.1139, 28.3088, 28.1362, 21.7059, 33.741, 28.9469, 18.968, 29.5387, 28.3639, 28.3896, 24.707, 34.5077, 33.6095, 25.3759, 31.855, 31.8532, 38.1235, 26.1363, 29.9913, 24.8099, 39.6554, 28.6735, 28.6911, 25.1922, 46.3349, 31.8285, 47.7941, 30.5259, 25.7264, 34.6803, 38.0822, 30.9293, 33.069, 34.4269, 32.882, 30.2347, 26.8266, 27.8629, 28.3163, 37.3005, 9.1446, 0.0, 17.8781, 9.354, 10.4504, 15.9811, 7.5791, 3.7272, 17.5846, 11.5383, 11.5618, 8.8277, 16.4175, 13.7008, 18.2134, 10.7598, 6.046, 8.7147, 11.4984, 11.013, 12.7696, 15.6003, 10.4336, 12.4108, 6.091, 7.1813], [43.3334, 45.2853, 49.7176, 47.9017, 47.5024, 43.1449, 50.5324, 31.0015, 46.4486, 46.1336, 50.5786, 44.5649, 31.766, 47.7855, 52.9326, 45.8836, 45.5792, 38.4593, 50.6997, 45.6971, 36.0069, 47.3797, 45.977, 46.0566, 42.5801, 51.6454, 51.0463, 33.1482, 40.2671, 36.925, 42.9225, 32.8856, 35.4347, 35.5432, 42.0219, 38.5586, 36.4005, 32.5657, 50.3769, 37.5089, 54.5812, 35.065, 33.699, 40.0322, 41.3317, 39.434, 41.7973, 44.302, 42.5214, 37.2778, 35.1299, 34.8118, 35.3589, 42.2343, 12.8279, 17.8781, 0.0, 14.0153, 7.5992, 9.0183, 13.2742, 21.2125, 17.9714, 11.6154, 12.5766, 10.2787, 10.5258, 5.409, 8.3807, 9.345, 12.0268, 9.5054, 13.1901, 10.646, 7.6992, 6.1803, 10.7874, 7.422, 12.0065, 11.5827], [30.296, 33.0378, 37.7355, 35.2763, 34.4303, 32.2405, 38.9818, 23.5852, 34.2689, 33.5868, 39.7372, 31.1695, 18.7373, 34.4282, 39.561, 33.4268, 32.9192, 25.2949, 37.454, 32.3747, 23.1586, 35.6649, 33.59, 33.7811, 31.2696, 38.5382, 38.2823, 33.7725, 40.5554, 39.6787, 46.0101, 34.2774, 37.8749, 33.8539, 46.8218, 37.6255, 37.1612, 33.4759, 54.1341, 39.8306, 56.3286, 38.1515, 34.1856, 42.6554, 45.4995, 39.6343, 41.8569, 43.4502, 41.8464, 38.5708, 35.398, 36.1125, 36.