[4, 90]
[[0.0, 13.7244, 14.8459, 13.9441, 5.157, 14.903, 6.9196, 18.0381, 4.1535, 7.2179, 10.5403, 1.7963, 8.4858, 8.1929, 8.1485, 7.0401, 8.1477, 10.328, 7.6213, 9.5383, 7.3883, 14.3104, 18.9447, 2.2264, 6.7747, 5.3183, 10.5783, 15.159, 8.3925, 6.791, 37.4143, 39.8538, 32.2896, 39.9203, 36.5854, 41.4172, 38.9233, 43.8019, 47.2848, 36.4617, 35.9473, 39.3608, 28.7759, 38.1169, 41.4125, 40.9724, 38.7536, 39.1907, 35.0857, 38.8914, 39.2418, 27.256, 40.9151, 34.887, 27.4711, 45.1692, 26.6791, 42.4665, 38.3514, 36.8179, 3.2643, 1.1727, 9.3317, 6.9949, 2.9085, 4.8391, 9.0924, 9.9442, 5.6847, 6.9126, 7.5749, 16.0079, 7.6976, 7.1193, 9.0289, 4.3547, 7.1736, 9.3119, 11.0472, 6.5605, 15.1936, 18.3423, 4.5956, 5.5661, 5.4125, 15.9668, 13.5187, 3.0391, 5.6988, 13.1111], [13.7244, 0.0, 1.367, 5.5544, 11.6327, 8.1376, 6.8542, 15.8587, 10.202, 7.0033, 6.3019, 14.7467, 9.6631, 8.2844, 8.4076, 9.788, 6.9959, 3.4437, 7.4223, 4.8122, 16.3872, 2.1828, 8.3123, 12.956, 7.1284, 10.4201, 9.8748, 1.5067, 6.166, 8.4001, 25.8824, 26.2841, 19.9799, 27.9412, 26.8738, 29.9399, 26.8872, 30.8426, 35.7027, 24.2612, 24.4719, 27.4976, 17.5732, 30.1364, 30.4139, 29.1135, 27.1494, 27.2704, 23.2246, 30.3793, 27.7342, 20.672, 29.348, 22.336, 14.6943, 32.3776, 13.8359, 30.7293, 26.8075, 28.1429, 16.2046, 14.8332, 22.9751, 20.7059, 15.6349, 13.716, 22.684, 23.528, 12.4949, 15.2788, 14.8739, 29.086, 21.1946, 20.7868, 20.2695, 17.2371, 15.6144, 22.0576, 24.7069, 20.2691, 27.081, 30.1941, 17.4943, 19.1552, 15.9047, 29.0977, 20.9754, 16.5613, 17.2155, 26.7812], [14.8459, 1.367, 0.0, 6.6041, 12.9581, 7.5897, 7.9319, 15.4164, 11.4481, 7.9201, 6.5882, 15.9394, 10.1205, 8.8485, 8.97, 11.1453, 7.7017, 4.6928, 8.1731, 5.6108, 17.0504, 1.4896, 7.1229, 14.1827, 8.146, 11.2317, 10.0501, 0.4642, 6.963, 9.177, 24.5187, 25.0611, 18.6143, 26.5744, 25.5776, 28.5754, 25.5206, 29.5146, 34.3362, 22.8956, 23.1099, 26.1306, 16.2296, 28.9365, 29.0588, 27.7465, 25.7841, 25.9033, 21.858, 29.1435, 26.37, 19.6536, 27.9825, 20.9776, 13.3378, 31.0377, 12.4816, 29.3625, 25.4431, 26.9045, 17.2041, 15.9326, 24.1389, 21.8397, 16.8552, 15.0339, 23.725, 24.7079, 13.835, 16.6283, 15.4623, 30.3442, 22.2182, 21.9406, 21.0265, 18.212, 16.2638, 23.3242, 25.7663, 21.3622, 28.4046, 30.9133, 18.4667, 20.21, 16.7117, 30.3508, 22.3409, 17.7314, 18.0652, 27.9387], [13.9441, 5.5544, 6.6041, 0.0, 9.9951, 13.5346, 8.4786, 21.0365, 9.8044, 9.3877, 10.6658, 14.3207, 13.2393, 11.7034, 11.8157, 7.6773, 10.174, 5.5813, 10.3688, 8.2253, 18.7956, 7.7364, 13.7196, 12.3865, 9.0072, 12.6868, 14.1395, 6.4033, 9.2131, 11.0844, 30.3313, 28.6608, 24.1289, 32.0997, 31.9551, 34.3388, 31.0319, 34.1428, 39.9626, 28.3595, 28.9796, 31.7344, 22.3962, 35.5049, 35.022, 33.3215, 31.5352, 31.4781, 27.5606, 35.6657, 32.1577, 26.2177, 33.7117, 26.2253, 18.6976, 35.827, 17.8261, 34.9783, 31.2311, 33.4245, 17.0206, 15.115, 22.3594, 20.4056, 14.8933, 11.982, 22.944, 22.7648, 10.4746, 12.8037, 17.6458, 27.4642, 21.617, 20.3311, 22.1147, 18.1328, 18.1174, 20.5274, 24.7856, 20.2778, 24.6835, 31.9528, 18.3899, 19.47, 17.7298, 27.5281, 17.2021, 16.1924, 18.7666, 26.1071], [5.157, 11.6327, 12.9581, 9.9951, 0.0, 15.639, 6.2795, 20.664, 2.5046, 7.3562, 11.0621, 4.7174, 10.6652, 9.6485, 9.6724, 2.332, 8.756, 8.3184, 8.3959, 8.9556, 12.2102, 12.9436, 18.6522, 2.9851, 6.5715, 7.9072, 12.6572, 13.1378, 8.4137, 8.1016, 37.083, 37.7716, 31.4399, 39.33, 37.1705, 41.1429, 38.2913, 42.4722, 46.9751, 35.7089, 35.6374, 38.8415, 28.5325, 39.4517, 41.4074, 40.4638, 38.3887, 38.6345, 34.5419, 40.0219, 38.9368, 28.8919, 40.585, 33.8804, 26.2607, 43.9916, 25.4137, 42.041, 38.0195, 37.8547, 8.3848, 6.1448, 12.3897, 10.5573, 5.0219, 2.0997, 13.3306, 12.7747, 1.0646, 3.8561, 11.9555, 17.6679, 12.1703, 10.4239, 14.1858, 9.4366, 11.8345, 10.6492, 15.0235, 10.5968, 15.4483, 23.3432, 9.6613, 10.0526, 10.4011, 17.7079, 10.5182, 6.4681, 10.844, 16.1169], [14.903, 8.1376, 7.5897, 13.5346, 15.639, 0.0, 9.3628, 7.8408, 13.304, 8.3244, 4.5929, 16.5407, 6.8013, 6.7136, 6.7645, 14.7855, 7.0055, 8.8294, 7.4657, 6.8771, 13.4929, 6.125, 4.9166, 15.3748, 9.0822, 9.6985, 5.1769, 8.0047, 7.2257, 8.1465, 22.6511, 27.2067, 18.0304, 25.2914, 21.745, 26.6056, 24.335, 29.8356, 32.4656, 22.008, 21.1844, 24.6897, 14.0593, 23.8162, 26.525, 26.2812, 23.9981, 24.5455, 20.4804, 24.3908, 24.4541, 13.421, 26.1297, 20.7328, 13.9695, 31.0023, 13.3445, 27.7187, 23.5821, 22.2365, 15.9313, 15.6449, 23.7777, 21.3199, 17.6541, 17.3374, 22.2549, 24.4835, 16.6962, 19.4605, 11.6603, 30.8222, 20.6992, 21.6101, 17.6881, 16.6383, 12.7169, 24.2131, 24.342, 20.4983, 30.0154, 26.8898, 16.848, 19.0984, 14.1068, 30.7598, 26.1089, 17.9074, 15.5963, 27.3315], [6.9196, 6.8542, 7.9319, 8.4786, 6.2795, 9.3628, 0.0, 14.9563, 4.0403, 1.2828, 4.804, 8.1172, 5.3947, 3.9776, 4.0512, 5.6214, 2.6755, 3.5863, 2.4987, 2.8044, 10.3339, 7.4199, 12.5652, 6.5118, 0.5693, 4.2082, 7.0073, 8.2568, 2.1467, 2.8075, 31.0944, 32.9401, 25.6833, 33.4603, 30.9294, 35.1401, 32.4395, 37.0379, 40.9957, 29.9121, 29.6368, 32.9377, 22.4845, 33.1786, 35.3101, 34.5584, 32.4168, 32.7472, 28.6389, 33.7424, 32.9417, 22.6747, 34.6033, 28.2213, 20.707, 38.4585, 19.8943, 36.1019, 32.0332, 31.576, 9.3699, 8.0007, 16.2363, 13.9144, 9.1097, 8.06, 15.8298, 16.8256, 7.3344, 10.1171, 9.1754, 22.6577, 14.3433, 14.0299, 13.8411, 10.4216, 9.6433, 15.7138, 17.8547, 13.4321, 21.1707, 23.7701, 10.6805, 12.3016, 9.4228, 22.6438, 16.754, 9.8506, 10.6063, 20.0265], [18.0381, 15.8587, 15.4164, 21.0365, 20.664, 7.8408, 14.9563, 0.0, 18.1594, 13.6831, 10.6584, 19.8344, 10.0056, 11.0869, 11.0447, 20.5423, 12.2846, 15.8122, 12.4904, 13.3341, 13.1717, 13.9388, 11.117, 19.3531, 14.4772, 13.0007, 8.0261, 15.8387, 12.9923, 12.5872, 23.945, 31.7743, 21.1604, 26.9402, 20.8305, 27.4239, 26.1666, 32.7094, 33.0031, 24.3622, 22.5835, 26.2296, 16.4187, 20.8744, 26.7229, 27.6607, 25.2421, 26.1836, 22.5298, 21.9417, 25.5164, 10.0501, 27.1128, 23.8231, 18.7395, 33.4793, 18.3902, 28.8007, 24.7869, 20.118, 17.6036, 18.3217, 25.233, 22.8877, 20.9383, 21.8642, 22.731, 26.0066, 21.7054, 24.1409, 11.6409, 32.5629, 21.3173, 23.3297, 16.6669, 17.8573, 12.6546, 26.8207, 24.6432, 21.8255, 32.8736, 23.9151, 17.9787, 20.3719, 14.7771, 32.4368, 31.0251, 20.6059, 16.0536, 28.2263], [4.1535, 10.202, 11.4481, 9.8044, 2.5046, 13.304, 4.0403, 18.1594, 0.0, 4.98, 8.7113, 4.6557, 8.1613, 7.1584, 7.1786, 3.2383, 6.3419, 6.7629, 5.9499, 6.8281, 10.3165, 11.2006, 16.5956, 2.7747, 4.2314, 5.47, 10.1549, 11.6957, 6.1023, 5.6045, 35.1125, 36.4861, 29.6282, 37.4473, 34.9513, 39.1623, 36.4206, 40.8658, 45.0139, 33.8741, 33.6572, 36.9345, 26.5126, 37.0856, 39.3477, 38.5562, 36.4313, 36.7391, 32.6337, 37.6927, 36.9618, 26.466, 38.6207, 32.1323, 24.5653, 42.3279, 23.7363, 40.1092, 36.0511, 35.5404, 7.3303, 5.3189, 12.8983, 10.7595, 5.4523, 4.0376, 13.1557, 13.4044, 3.5515, 6.1798, 9.8208, 18.8963, 11.813, 10.7604, 12.8385, 8.4426, 9.8432, 11.8824, 15.04, 10.5236, 17.176, 22.4124, 8.6932, 9.667, 8.7137, 18.9028, 12.9757, 6.5294, 9.431, 16.7054], [7.2179, 7.0033, 7.9201, 9.3877, 7.3562, 8.3244, 1.2828, 13.6831, 4.98, 0.0, 3.7315, 8.6123, 4.1495, 2.7014, 2.7793, 6.8719, 1.4261, 4.0897, 1.2172, 2.362, 9.6117, 7.1813, 11.845, 7.1875, 0.8062, 3.4862, 5.7246, 8.2933, 1.1953, 1.6979, 30.3798, 32.7209, 25.1106, 32.811, 30.0032, 34.4111, 31.8015, 36.5854, 40.275, 29.308, 28.917, 32.2703, 21.7481, 32.1124, 34.5172, 33.8878, 31.7104, 32.0894, 27.9799, 32.7127, 32.2204, 21.5381, 33.888, 27.6894, 20.2535, 37.9621, 19.4614, 35.4099, 31.3187, 30.5608, 9.2998, 8.2089, 16.5331, 14.1522, 9.6672, 9.0134, 15.8461, 17.1588, 8.4199, 11.1472, 8.3068, 23.1638, 14.3247, 14.3175, 13.3261, 10.2946, 8.8807, 16.3017, 17.906, 13.5737, 21.9044, 23.2677, 10.5485, 12.3573, 8.9301, 23.1355, 17.8697, 10.235, 10.2159, 20.2875], [10.5403, 6.3019, 6.5882, 10.6658, 11.0621, 4.5929, 4.804, 10.6584, 8.7113, 3.7315, 0.0, 12.0981, 3.611, 2.6569, 2.7569, 10.3423, 2.4443, 5.2063, 2.941, 2.6774, 10.7369, 5.3123, 8.4367, 10.8302, 4.4945, 5.6278, 3.5912, 7.0464, 2.6573, 3.7646, 26.8745, 30.0961, 21.8329, 29.3903, 26.2973, 30.8817, 28.3994, 33.4771, 36.7494, 25.9636, 25.4077, 28.825, 18.2358, 28.3908, 30.9153, 30.4351, 28.2135, 28.6579, 24.5561, 28.982, 28.7035, 17.8742, 30.3763, 24.4703, 17.2294, 34.7728, 16.4876, 31.9262, 27.8119, 26.8294, 12.0095, 11.3873, 19.6709, 17.2327, 13.1935, 12.7445, 18.526, 20.3432, 12.1226, 14.8726, 9.0409, 26.5438, 16.9691, 17.4686, 14.8617, 12.8563, 9.9356, 19.8035, 20.6191, 16.5139, 25.5213, 24.6029, 13.09, 15.181, 10.7666, 26.4977, 21.5561, 13.5763, 12.2197, 23.3364], [1.7963, 14.7467, 15.9394, 14.3207, 4.7174, 16.5407, 8.1172, 19.8344, 4.6557, 8.6123, 12.0981, 0.0, 10.2371, 9.8553, 9.8197, 6.9257, 9.6696, 11.3066, 9.1583, 10.8547, 8.8582, 15.532, 20.4388, 1.9347, 8.0698, 7.0618, 12.3374, 16.2195, 9.8058, 8.396, 38.9534, 40.9995, 33.7207, 41.4154, 38.2614, 42.9712, 40.4091, 45.146, 48.8383, 37.9201, 37.4881, 40.8685, 30.3149, 39.8704, 43.0106, 42.4841, 40.2886, 40.6912, 36.5825, 40.6282, 40.7879, 29.0231, 42.4588, 36.2901, 28.8114, 46.5495, 28.0042, 43.9951, 39.8917, 38.5444, 4.0681, 1.9327, 8.2532, 6.1136, 1.1297, 3.7022, 8.6747, 8.7837, 4.9143, 5.4827, 9.2354, 14.5598, 7.4618, 6.1048, 9.8879, 4.9811, 8.7376, 7.7082, 10.4666, 5.9696, 13.4883, 18.6811, 5.1725, 5.3361, 6.7951, 14.5383, 11.8587, 1.8803, 6.7657, 12.0629], [8.4858, 9.6631, 10.1205, 13.2393, 10.6652, 6.8013, 5.3947, 10.0056, 8.1613, 4.1495, 3.611, 10.2371, 0.0, 1.5376, 1.4292, 10.7244, 3.0714, 7.6805, 2.9715, 5.1128, 7.1572, 8.9051, 11.4393, 9.4671, 4.8423, 3.1757, 2.1075, 10.5699, 4.0281, 2.6844, 29.4377, 33.4915, 24.7786, 32.0924, 28.1927, 33.3723, 31.136, 36.5433, 39.2242, 28.7976, 27.9722, 31.4889, 20.8592, 29.634, 33.2242, 33.0781, 30.7856, 31.3461, 27.2813, 30.4072, 31.2321, 18.7926, 32.9072, 27.4643, 20.451, 37.7551, 19.7516, 34.5057, 30.3663, 28.3408, 9.1449, 9.0617, 17.0221, 14.5636, 11.3665, 11.8862, 15.4629, 17.7409, 11.7022, 14.1553, 5.4339, 24.1506, 13.9053, 14.8779, 11.3208, 9.8371, 6.3546, 17.7298, 17.5531, 13.7124, 23.6715, 21.0017, 10.0475, 12.3033, 7.3994, 24.0753, 21.0346, 11.3752, 8.884, 20.5391], [8.1929, 8.2844, 8.8485, 11.7034, 9.6485, 6.7136, 3.9776, 11.0869, 7.1584, 2.7014, 2.6569, 9.8553, 1.5376, 0.0, 0.1232, 9.4706, 1.5341, 6.1514, 1.4882, 3.6183, 8.2205, 7.7299, 10.9985, 8.8265, 3.4505, 3.034, 3.0686, 9.2859, 2.4909, 1.5668, 29.3043, 32.7522, 24.403, 31.8788, 28.4064, 33.2839, 30.9005, 36.0885, 39.1488, 28.4989, 27.8365, 31.298, 20.6789, 30.1404, 33.2356, 32.9009, 30.6483, 31.1404, 27.0496, 30.8377, 31.1203, 19.4005, 32.7955, 27.0575, 19.8691, 37.3613, 19.1341, 34.3671, 30.2388, 28.7304, 9.3988, 8.9388, 17.1425, 14.6922, 10.9768, 11.0558, 15.8887, 17.832, 10.7056, 13.2887, 6.6152, 24.1216, 14.3301, 14.9547, 12.2824, 10.2184, 7.4275, 17.5047, 17.9829, 13.9323, 23.3432, 22.1005, 10.449, 12.5767, 8.1236, 24.0637, 20.1284, 11.1939, 9.5689, 20.767], [8.1485, 8.4076, 8.97, 11.8157, 9.6724, 6.7645, 4.0512, 11.0447, 7.1786, 2.7793, 2.7569, 9.8197, 1.4292, 0.1232, 0.0, 9.5229, 1.6433, 6.2669, 1.5718, 3.7393, 8.1016, 7.8482, 11.0783, 8.8122, 3.5185, 2.9626, 3.0209, 9.4077, 2.6026, 1.5769, 29.3674, 32.8529, 24.4818, 31.9476, 28.4441, 33.3442, 30.9707, 36.173, 39.2085, 28.5731, 27.8997, 31.3652, 20.7442, 30.1549, 33.2888, 32.9674, 30.7118, 31.2087, 27.1192, 30.8585, 31.182, 19.4049, 32.8574, 27.1385, 19.96, 37.4421, 19.227, 34.4309, 30.3016, 28.7543, 9.3177, 8.8825, 17.0734, 14.6218, 10.9426, 11.0611, 15.8003, 17.765, 10.7279, 13.2986, 6.4933, 24.064, 14.2414, 14.8878, 12.1676, 10.1305, 7.3081, 17.4603, 17.8947, 13.8558, 23.308, 21.9819, 10.36, 12.4963, 8.0169, 24.0049, 20.144, 11.1437, 9.4648, 20.6916], [7.0401, 9.788, 11.1453, 7.6773, 2.332, 14.7855, 5.6214, 20.5423, 3.2383, 6.8719, 10.3423, 6.9257, 10.7244, 9.4706, 9.5229, 0.0, 8.2906, 6.6857, 8.0525, 7.9168, 13.5547, 11.3252, 17.2948, 5.0601, 6.0707, 8.4376, 12.5388, 11.2731, 7.7182, 8.0433, 35.5358, 35.6999, 29.7453, 37.6853, 35.9631, 39.5991, 36.6367, 40.5883, 45.4007, 34.0251, 34.1045, 37.2225, 27.068, 38.5408, 39.9581, 38.8424, 36.8242, 37.0038, 32.9334, 39.0215, 37.3908, 28.1878, 39.0239, 32.1229, 24.4821, 42.1483, 23.6239, 40.4422, 36.468, 36.8263, 10.3028, 8.1334, 14.7217, 12.87, 7.3295, 4.316, 15.5911, 15.1037, 2.8547, 5.5121, 13.0178, 19.877, 14.3826, 12.7485, 15.9723, 11.3941, 13.075, 12.8897, 17.3222, 12.8679, 17.4241, 25.376, 11.6328, 12.2458, 11.9305, 19.9277, 11.4698, 8.7355, 12.5757, 18.4456], [8.1477, 6.9959, 7.7017, 10.174, 8.756, 7.0055, 2.6755, 12.2846, 6.3419, 1.4261, 2.4443, 9.6696, 3.0714, 1.5341, 1.6433, 8.2906, 0.0, 4.6373, 0.5375, 2.2044, 9.3919, 6.7337, 10.7971, 8.387, 2.2323, 3.5815, 4.3848, 8.1176, 0.9623, 1.5266, 29.2867, 32.1033, 24.1554, 31.774, 28.7347, 33.3018, 30.7759, 35.7295, 39.1691, 28.3165, 27.8208, 31.2175, 20.6476, 30.7465, 33.353, 32.8306, 30.6233, 31.0454, 26.9395, 31.3696, 31.1196, 20.1368, 32.7911, 26.7686, 19.427, 37.0627, 18.6585, 34.3325, 30.2247, 29.228, 9.8538, 9.043, 17.3631, 14.943, 10.7588, 10.3564, 16.4137, 18.0184, 9.8206, 12.521, 7.8993, 24.1548, 14.8684, 15.152, 13.325, 10.7736, 8.6186, 17.3776, 18.4966, 14.2799, 23.0779, 23.2231, 11.0183, 12.9925, 9.0241, 24.1144, 19.2738, 11.1868, 10.4066, 21.0694], [10.328, 3.4437, 4.6928, 5.5813, 8.3184, 8.8294, 3.5863, 15.8122, 6.7629, 4.0897, 5.2063, 11.3066, 7.6805, 6.1514, 6.2669, 6.6857, 4.6373, 0.0, 4.8946, 2.6506, 13.7013, 4.6511, 10.6533, 9.5127, 3.9715, 7.5664, 8.5815, 4.9328, 3.6765, 5.7241, 28.8579, 29.7252, 23.1315, 31.043, 29.3586, 32.9212, 29.9995, 34.1831, 38.7314, 27.405, 27.4237, 30.568, 20.3829, 32.1774, 33.2727, 32.1893, 30.1507, 30.3545, 26.2733, 32.5682, 30.713, 22.1508, 32.3499, 25.5621, 17.9437, 35.6843, 17.0987, 33.7803, 29.7912, 30.3533, 12.9375, 11.4544, 19.5426, 17.2909, 12.1912, 10.3736, 19.3483, 20.0895, 9.2387, 12.0665, 12.3713, 25.6554, 17.881, 17.36, 17.3632, 13.9987, 12.9694, 18.6325, 21.3498, 16.8858, 23.7446, 27.3038, 14.2581, 15.8115, 12.9495, 25.6642, 18.1127, 13.1287, 14.1721, 23.3506], [7.6213, 7.4223, 8.1731, 10.3688, 8.3959, 7.4657, 2.4987, 12.4904, 5.9499, 1.2172, 2.941, 9.1583, 2.9715, 1.4882, 1.5718, 8.0525, 0.5375, 4.8946, 0.0, 2.6104, 8.9736, 7.2392, 11.3243, 7.9105, 1.9902, 3.0745, 4.5117, 8.582, 1.2713, 1.0113, 29.8041, 32.6347, 24.6884, 32.299, 29.2065, 33.8162, 31.3023, 36.2665, 39.6837, 28.8464, 28.3379, 31.7406, 21.1648, 31.1625, 33.8563, 33.353, 31.1415, 31.5696, 27.4644, 31.8026, 31.6356, 20.5162, 33.3076, 27.3034, 19.9646, 37.5982, 19.196, 34.8519, 30.7419, 29.6679, 9.32, 8.5088, 16.8271, 14.4061, 10.2526, 9.9409, 15.881, 17.4835, 9.4599, 12.1273, 7.5287, 23.6292, 14.3367, 14.6164, 12.8635, 10.2447, 8.2093, 16.865, 17.9629, 13.7424, 22.5845, 22.7758, 10.4902, 12.4563, 8.5398, 23.5876, 18.9114, 10.6603, 9.9091, 20.5321], [9.5383, 4.8122, 5.6108, 8.2253, 8.9556, 6.8771, 2.8044, 13.3341, 6.8281, 2.362, 2.6774, 10.8547, 5.1128, 3.6183, 3.7393, 7.9168, 2.2044, 2.6506, 2.6104, 0.0, 11.5811, 4.8194, 9.7675, 9.3054, 2.7853, 5.6303, 5.9328, 6.0045, 1.3591, 3.5917, 28.2914, 30.3617, 22.8925, 30.6574, 28.2156, 32.3383, 29.6376, 34.2947, 38.1929, 27.115, 26.8344, 30.1336, 19.6853, 30.632, 32.5218, 31.7543, 29.6131, 29.9436, 25.8352, 31.1389, 30.1392, 20.295, 31.8002, 25.4431, 17.9594, 35.6953, 17.157, 33.2976, 29.2302, 28.9549, 11.6538, 10.5542, 18.8667, 16.4982, 11.875, 10.8194, 18.2052, 19.4821, 9.9884, 12.8114, 10.1037, 25.4131, 16.6809, 16.6522, 15.464, 12.6369, 10.8131, 18.4955, 20.267, 15.933, 23.9751, 25.3833, 12.8892, 14.7191, 11.1171, 25.393, 19.3092, 12.5328, 12.4571, 22.6316], [7.3883, 16.3872, 17.0504, 18.7956, 12.2102, 13.4929, 10.3339, 13.1717, 10.3165, 9.6117, 10.7369, 8.8582, 7.1572, 8.2205, 8.1016, 13.5547, 9.3919, 13.7013, 8.9736, 11.5811, 0.0, 15.9492, 18.3531, 9.5364, 9.8319, 6.1483, 8.3223, 17.4798, 10.2418, 8.0275, 35.6545, 40.5668, 31.4684, 38.4517, 33.569, 39.4587, 37.5439, 43.2974, 45.2406, 35.3358, 34.2074, 37.8072, 27.263, 34.0385, 39.0765, 39.3577, 36.9991, 37.6948, 33.7107, 35.066, 37.3877, 23.1603, 39.049, 34.1841, 27.4218, 44.411, 26.7584, 40.6944, 36.5626, 33.1756, 5.2158, 6.9344, 12.1563, 9.9151, 9.6967, 12.2234, 9.5686, 12.9357, 12.9287, 14.2784, 1.8354, 19.4692, 8.1461, 10.41, 4.2046, 5.0315, 0.8026, 14.2691, 11.5231, 8.7927, 20.2621, 13.881, 5.0798, 7.3778, 2.1018, 19.3296, 20.6733, 8.7267, 2.9632, 15.0549], [14.3104, 2.1828, 1.4896, 7.7364, 12.9436, 6.125, 7.4199, 13.9388, 11.2006, 7.1813, 5.3123, 15.532, 8.9051, 7.7299, 7.8482, 11.3252, 6.7337, 4.6511, 7.2392, 4.8194, 15.9492, 0.0, 6.2319, 13.8623, 7.537, 10.3125, 8.6739, 1.9365, 6.1115, 8.2503, 24.2109, 25.5523, 18.4966, 26.3951, 24.8995, 28.2742, 25.3531, 29.6681, 34.081, 22.7655, 22.7794, 25.9175, 15.7665, 28.0263, 28.6506, 27.5389, 25.5014, 25.7049, 21.6223, 28.3056, 26.066, 18.4903, 27.7008, 20.9556, 13.3668, 31.1284, 12.5358, 29.1292, 25.1434, 26.0735, 16.4661, 15.3522, 23.6408, 21.2924, 16.5029, 14.9738, 23.022, 24.2399, 13.8821, 16.7147, 14.307, 30.0456, 21.4944, 21.4297, 19.9962, 17.4361, 15.1542, 23.0632, 25.0858, 20.7471, 28.3252, 29.83, 17.6863, 19.5385, 15.747, 30.0387, 22.7027, 17.2685, 17.1397, 27.4197], [18.9447, 8.3123, 7.1229, 13.7196, 18.6522, 4.9166, 12.5652, 11.117, 16.5956, 11.845, 8.4367, 20.4388, 11.4393, 10.9985, 11.0783, 17.2948, 10.7971, 10.6533, 11.3243, 9.7675, 18.3531, 6.2319, 0.0, 19.0179, 12.4667, 14.0276, 10.0347, 7.322, 10.6502, 12.1988, 18.5393, 22.2901, 13.4051, 20.9794, 18.7111, 22.5786, 19.979, 25.1144, 28.4384, 17.5277, 17.0786, 20.4297, 9.9195, 21.8255, 22.7619, 22.0457, 19.8674, 20.2532, 16.1454, 22.0768, 20.3832, 12.7351, 22.0482, 16.0614, 9.0705, 26.3644, 8.4301, 23.565, 19.4783, 19.8433, 20.396, 19.8195, 28.1068, 25.6662, 21.5076, 20.5721, 26.8527, 28.7799, 19.6557, 22.4984, 16.5277, 34.9516, 25.2927, 25.9053, 22.5562, 21.1905, 17.5678, 28.141, 28.9472, 24.9288, 33.7241, 31.806, 21.4142, 23.5746, 18.8341, 34.9115, 28.7552, 21.9838, 20.321, 31.7601], [2.2264, 12.956, 14.1827, 12.3865, 2.9851, 15.3748, 6.5118, 19.3531, 2.7747, 7.1875, 10.8302, 1.9347, 9.4671, 8.8265, 8.8122, 5.0601, 8.387, 9.5127, 7.9105, 9.3054, 9.5364, 13.8623, 19.0179, 0.0, 6.5538, 6.357, 11.5675, 14.4432, 8.3767, 7.286, 37.5571, 39.2366, 32.1948, 39.9571, 37.1171, 41.593, 38.9399, 43.5241, 47.4552, 36.4204, 36.0958, 39.427, 28.9301, 38.9667, 41.7036, 41.0466, 38.8851, 39.2406, 35.1312, 39.6575, 39.4, 28.2018, 41.0659, 34.7316, 27.202, 44.9603, 26.3825, 42.5792, 38.4961, 37.5404, 5.4056, 3.1601, 10.1328, 8.0417, 2.6807, 2.7386, 10.5895, 10.631, 3.4583, 4.9577, 9.5462, 16.1855, 9.3362, 8.0132, 11.2279, 6.4517, 9.2585, 9.2079, 12.3997, 7.8973, 14.7169, 20.3729, 6.6762, 7.1932, 7.6105, 16.1828, 11.7725, 3.812, 7.9208, 13.9371], [6.7747, 7.1284, 8.146, 9.0072, 6.5715, 9.0822, 0.5693, 14.4772, 4.2314, 0.8062, 4.4945, 8.0698, 4.8423, 3.4505, 3.5185, 6.0707, 2.2323, 3.9715, 1.9902, 2.7853, 9.8319, 7.537, 12.4667, 6.5538, 0.0, 3.69, 6.4999, 8.4914, 1.8714, 2.239, 31.0058, 33.0865, 25.6654, 33.4056, 30.7236, 35.0444, 32.3904, 37.0797, 40.905, 29.8796, 29.5452, 32.8737, 22.3827, 32.8849, 35.1803, 34.493, 32.3326, 32.6881, 28.5785, 33.4729, 32.8498, 22.3305, 34.5147, 28.2239, 20.7445, 38.4797, 19.9411, 36.0257, 31.9448, 31.3157, 9.0774, 7.8192, 16.1063, 13.7561, 9.0958, 8.269, 15.58, 16.7125, 7.6338, 10.3787, 8.6391, 22.629, 14.0783, 13.8939, 13.4003, 10.1094, 9.1306, 15.7226, 17.6205, 13.2318, 21.2585, 23.3378, 10.3669, 12.0642, 8.9836, 22.6081, 17.0789, 9.7535, 10.2015, 19.8827], [5.3183, 10.4201, 11.2317, 12.6868, 7.9072, 9.6985, 4.2082, 13.0007, 5.47, 3.4862, 5.6278, 7.0618, 3.1757, 3.034, 2.9626, 8.4376, 3.5815, 7.5664, 3.0745, 5.6303, 6.1483, 10.3125, 14.0276, 6.357, 3.69, 0.0, 5.2795, 11.6326, 4.2721, 2.0632, 32.3249, 35.6438, 27.4327, 34.9102, 31.2956, 36.2962, 33.9333, 39.1023, 42.159, 31.5329, 30.8572, 34.3271, 23.7047, 32.8086, 36.2194, 35.9287, 33.6698, 34.171, 30.0818, 33.5739, 34.1371, 21.9671, 35.8126, 30.0827, 22.8543, 40.3865, 22.1067, 37.3894, 33.2585, 31.4997, 6.3818, 5.9591, 14.1109, 11.6592, 8.1914, 8.8865, 12.9071, 14.8039, 8.8934, 11.1678, 4.9842, 21.1248, 11.3528, 11.9271, 9.8561, 7.2424, 5.4407, 14.5967, 14.9983, 10.9011, 20.5111, 19.7932, 7.4808, 9.5553, 5.4874, 21.0614, 18.0495, 8.2508, 6.8369, 17.7341], [10.5783, 9.8748, 10.0501, 14.1395, 12.6572, 5.1769, 7.0073, 8.0261, 10.1549, 5.7246, 3.5912, 12.3374, 2.1075, 3.0686, 3.0209, 12.5388, 4.3848, 8.5815, 4.5117, 5.9328, 8.3223, 8.6739, 10.0347, 11.5675, 6.4999, 5.2795, 0.0, 10.5138, 5.2177, 4.5636, 27.6371, 32.2873, 23.1944, 30.3488, 26.1882, 31.5339, 29.4117, 35.0085, 37.3709, 27.1316, 26.1761, 29.7284, 19.1173, 27.5387, 31.3213, 31.3046, 28.9856, 29.5975, 25.5618, 28.3269, 29.4131, 16.6876, 31.0857, 25.9018, 19.1052, 36.1593, 18.4524, 32.7014, 28.5599, 26.272, 11.0423, 11.116, 18.9435, 16.4901, 13.4664, 13.9538, 17.1906, 19.6756, 13.706, 16.2145, 6.4938, 26.1308, 15.6443, 16.8294, 12.5231, 11.6472, 7.5424, 19.7899, 19.2659, 15.5922, 25.7518, 21.8813, 11.8412, 14.1598, 8.9763, 26.0477, 23.0845, 13.4361, 10.4619, 22.3862], [15.159, 1.5067, 0.4642, 6.4033, 13.1378, 8.0047, 8.2568, 15.8387, 11.6957, 8.2933, 7.0464, 16.2195, 10.5699, 9.2859, 9.4077, 11.2731, 8.1176, 4.9328, 8.582, 6.0045, 17.4798, 1.9365, 7.322, 14.4432, 8.4914, 11.6326, 10.5138, 0.0, 7.3609, 9.5825, 24.4878, 24.7934, 18.5301, 26.5019, 25.667, 28.5399, 25.4452, 29.3404, 34.2835, 22.8107, 23.0873, 26.069, 16.2577, 29.105, 29.0572, 27.6821, 25.7445, 25.8373, 21.8067, 29.2861, 26.3367, 19.9218, 27.9412, 20.8615, 13.2182, 30.8812, 12.3565, 29.3052, 25.4091, 27.0458, 17.5615, 16.255, 24.435, 22.1492, 17.12, 15.2222, 24.0705, 24.996, 13.9949, 16.7716, 15.9009, 30.5853, 22.5693, 22.2411, 21.442, 18.5771, 16.6949, 23.5589, 26.1058, 21.6885, 28.5858, 31.3366, 18.8325, 20.5501, 17.1166, 30.5956, 22.3924, 18.0234, 18.4616, 28.2381], [8.3925, 6.166, 6.963, 9.2131, 8.4137, 7.2257, 2.1467, 12.9923, 6.1023, 1.1953, 2.6573, 9.8058, 4.0281, 2.4909, 2.6026, 7.7182, 0.9623, 3.6765, 1.2713, 1.3591, 10.2418, 6.1115, 10.6502, 8.3767, 1.8714, 4.2721, 5.2177, 7.3609, 0.0, 2.2343, 29.186, 31.6101, 23.9197, 31.6157, 28.8524, 33.2184, 30.6065, 35.41, 39.0819, 28.1144, 27.7235, 31.075, 20.5554, 31.0385, 33.332, 32.6926, 30.5162, 30.8941, 26.7846, 31.6134, 31.0271, 20.5294, 32.6944, 26.5027, 19.0815, 36.7792, 18.2942, 34.2152, 30.125, 29.4525, 10.3596, 9.3626, 17.693, 15.3006, 10.8624, 10.1397, 16.9202, 18.326, 9.4721, 12.2376, 8.7978, 24.3542, 15.3878, 15.4774, 14.1061, 11.3245, 9.4795, 17.4969, 18.9904, 14.696, 23.0929, 24.0281, 11.5748, 13.4537, 9.7582, 24.3246, 18.8998, 11.4168, 11.1023, 21.4363], [6.791, 8.4001, 9.177, 11.0844, 8.1016, 8.1465, 2.8075, 12.5872, 5.6045, 1.6979, 3.7646, 8.396, 2.6844, 1.5668, 1.5769, 8.0433, 1.5266, 5.7241, 1.0113, 3.5917, 8.0275, 8.2503, 12.1988, 7.286, 2.239, 2.0632, 4.5636, 9.5825, 2.2343, 0.0, 30.6275, 33.6251, 25.5871, 33.1542, 29.8819, 34.627, 32.1639, 37.1987, 40.4945, 29.7264, 29.1603, 32.5871, 21.9906, 31.6885, 34.6274, 34.1963, 31.968, 32.4212, 28.3202, 32.3715, 32.4531, 20.9632, 34.1268, 28.2149, 20.9125, 38.5146, 20.1511, 35.6826, 31.5643, 30.2558, 8.3402, 7.6227, 15.915, 13.4829, 9.5077, 9.489, 14.896, 16.5826, 9.1551, 11.7229, 6.6473, 22.7847, 13.3485, 13.7096, 11.8724, 9.25, 7.2753, 16.0832, 16.981, 12.7925, 21.8697, 21.7942, 9.4939, 11.4892, 7.5348, 22.7365, 18.5672, 9.8213, 8.8987, 19.5988], [37.4143, 25.8824, 24.5187, 30.3313, 37.083, 22.6511, 31.0944, 23.945, 35.1125, 30.3798, 26.8745, 38.9534, 29.4377, 29.3043, 29.3674, 35.5358, 29.2867, 28.8579, 29.8041, 28.2914, 35.6545, 24.2109, 18.5393, 37.5571, 31.0058, 32.3249, 27.6371, 24.4878, 29.186, 30.6275, 0.0, 13.3804, 6.4266, 3.0706, 6.5982, 4.0634, 2.6056, 9.8313, 9.9015, 3.2313, 1.4678, 2.3228, 8.6392, 12.4354, 4.8547, 3.7277, 1.3485, 2.3577, 2.8598, 11.1224, 1.8551, 15.4729, 3.5091, 5.5308, 11.7581, 9.9836, 12.6074, 5.068, 0.939, 9.9172, 38.5795, 38.2327, 46.4257, 43.9687, 40.0324, 39.0531, 44.8273, 47.1267, 38.0551, 40.8974, 33.8445, 53.4108, 43.2813, 44.2508, 39.7013, 39.2603, 34.9389, 46.6611, 46.8999, 43.1473, 52.2615, 47.8129, 39.4624, 41.7409, 36.5929, 53.3592, 46.856, 40.4484, 38.0688, 49.9767], [39.8538, 26.2841, 25.0611, 28.6608, 37.7716, 27.2067, 32.9401, 31.7743, 36.4861, 32.7209, 30.0961, 40.9995, 33.4915, 32.7522, 32.8529, 35.6999, 32.1033, 29.7252, 32.6347, 30.3617, 40.5668, 25.5523, 22.2901, 39.2366, 33.0865, 35.6438, 32.2873, 24.7934, 31.6101, 33.6251, 13.3804, 0.0, 11.1994, 11.7817, 19.8862, 14.6354, 11.2917, 7.6681, 17.2668, 10.4046, 13.5216, 12.213, 15.9046, 25.7837, 16.706, 12.6853, 13.2754, 11.9039, 12.0334, 24.5028, 13.8115, 26.1449, 14.0424, 9.1388, 13.2936, 9.6204, 13.8665, 13.858, 13.4642, 23.2013, 41.9515, 40.9042, 49.1764, 46.8424, 41.9128, 39.8713, 48.5145, 49.7589, 38.5321, 41.1739, 38.758, 55.3588, 46.9714, 46.9696, 44.7685, 42.8748, 39.7718, 48.3242, 50.5929, 46.2945, 53.1181, 54.094, 43.1177, 45.0636, 40.8465, 55.3753, 45.8067, 42.7805, 42.3103, 52.9647], [32.2896, 19.9799, 18.6143, 24.1289, 31.4399, 18.0304, 25.6833, 21.1604, 29.6282, 25.1106, 21.8329, 33.7207, 24.7786, 24.403, 24.4818, 29.7453, 24.1554, 23.1315, 24.6884, 22.8925, 31.4684, 18.4966, 13.4051, 32.1948, 25.6654, 27.4327, 23.1944, 18.5301, 23.9197, 25.5871, 6.4266, 11.1994, 0.0, 7.987, 10.784, 10.2793, 6.9239, 11.837, 15.8342, 4.2813, 5.3078, 7.6058, 4.8111, 16.4442, 11.2785, 9.1953, 7.4988, 7.3503, 3.5669, 15.603, 8.1574, 14.9527, 9.6282, 2.7259, 5.435, 12.9765, 6.3043, 10.8495, 7.2523, 13.7611, 33.7985, 33.1967, 41.5019, 39.0656, 34.7606, 33.4668, 40.2324, 42.168, 32.3702, 35.1936, 29.6333, 48.2739, 38.6729, 39.2964, 35.6342, 34.5795, 30.7073, 41.3872, 42.3253, 38.3339, 46.7973, 44.4017, 34.7997, 36.9776, 32.1344, 48.2435, 40.9104, 35.325, 33.6241, 45.1646], [39.9203, 27.9412, 26.5744, 32.0997, 39.33, 25.2914, 33.4603, 26.9402, 37.4473, 32.811, 29.3903, 41.4154, 32.0924, 31.8788, 31.9476, 37.6853, 31.774, 31.043, 32.299, 30.6574, 38.4517, 26.3951, 20.9794, 39.9571, 33.4056, 34.9102, 30.3488, 26.5019, 31.6157, 33.1542, 3.0706, 11.7817, 7.987, 0.0, 9.1378, 2.9896, 1.0686, 6.984, 7.88, 3.7458, 4.3574, 0.7575, 11.2356, 14.6989, 4.9399, 1.2687, 2.0156, 0.7606, 4.8346, 13.2142, 2.2513, 18.5408, 2.327, 6.0579, 13.4038, 6.9459, 14.2762, 2.9438, 2.4314, 12.3627, 41.2147, 40.7755, 49.021, 46.5689, 42.4781, 41.3357, 47.5297, 49.7098, 40.2769, 43.1093, 36.6321, 55.9282, 45.9778, 46.8325, 42.5323, 41.9289, 37.7238, 49.1126, 49.6107, 45.7779, 54.6223, 50.7708, 42.137, 44.3865, 39.3224, 55.8855, 48.8901, 42.9592, 40.8047, 52.615], [36.5854, 26.8738, 25.5776, 31.9551, 37.1705, 21.745, 30.9294, 20.8305, 34.9513, 30.0032, 26.2973, 38.2614, 28.1927, 28.4064, 28.4441, 35.9631, 28.7347, 29.3586, 29.2065, 28.2156, 33.569, 24.8995, 18.7111, 37.1171, 30.7236, 31.2956, 26.1882, 25.667, 28.8524, 29.8819, 6.5982, 19.8862, 10.784, 9.1378, 0.0, 7.8597, 9.0727, 16.1193, 12.5645, 9.4985, 6.4003, 8.4315, 9.765, 5.9137, 6.3791, 9.075, 7.1533, 8.6279, 8.1123, 4.8393, 6.9198, 11.0939, 7.9006, 11.2806, 14.8815, 15.8837, 15.5675, 9.427, 6.8024, 3.3232, 37.2052, 37.2449, 45.1018, 42.6571, 39.3811, 38.9855, 43.061, 45.8437, 38.2034, 41.0256, 31.8467, 52.3184, 41.5624, 43.0107, 37.3634, 37.7281, 32.9315, 45.8898, 45.0701, 41.7196, 51.7477, 44.5805, 37.9003, 40.2697, 34.8286, 52.2335, 47.4328, 39.5462, 36.2468, 48.4331], [41.4172, 29.9399, 28.5754, 34.3388, 41.1429, 26.6056, 35.1401, 27.4239, 39.1623, 34.4111, 30.8817, 42.9712, 33.3723, 33.2839, 33.3442, 39.5991, 33.3018, 32.9212, 33.8162, 32.3383, 39.4587, 28.2742, 22.5786, 41.593, 35.0444, 36.2962, 31.5339, 28.5399, 33.2184, 34.627, 4.0634, 14.6354, 10.2793, 2.9896, 7.8597, 0.0, 3.8605, 8.9391, 5.8677, 6.3292, 5.5064, 2.9035, 12.6631, 12.7999, 2.1628, 1.9513, 2.8039, 3.2341, 6.7792, 11.1827, 2.2083, 18.3651, 0.6928, 8.7664, 15.6942, 8.2791, 16.5556, 1.5676, 3.1328, 10.7608, 42.5172, 42.2198, 50.3819, 47.9236, 44.0548, 43.1092, 48.7123, 51.0891, 42.1166, 44.9592, 37.6618, 57.4023, 47.1721, 48.2155, 43.4596, 43.1751, 38.7574, 50.6793, 50.7765, 47.0845, 56.3026, 51.3387, 43.3728, 45.6695, 40.4626, 57.3469, 50.9147, 44.4479, 41.9313, 53.9052], [38.9233, 26.8872, 25.5206, 31.0319, 38.2913, 24.335, 32.4395, 26.1666, 36.4206, 31.8015, 28.3994, 40.4091, 31.136, 30.9005, 30.9707, 36.6367, 30.7759, 29.9995, 31.3023, 29.6376, 37.5439, 25.3531, 19.979, 38.9399, 32.3904, 33.9333, 29.4117, 25.4452, 30.6065, 32.1639, 2.6056, 11.2917, 6.9239, 1.0686, 9.0727, 3.8605, 0.0, 7.2265, 8.948, 2.6774, 3.6607, 0.9882, 10.295, 14.7954, 5.622, 2.3208, 2.0089, 0.6504, 3.8548, 13.3827, 2.5209, 17.9814, 3.1702, 5.0109, 12.3368, 7.4623, 13.2093, 3.9996, 2.2837, 12.3619, 40.2491, 39.7864, 48.0428, 45.5925, 41.4685, 40.301, 46.5833, 48.7284, 39.2352, 42.066, 35.7209, 54.9306, 45.0297, 45.8513, 41.6387, 40.9731, 36.811, 48.1028, 48.6666, 44.8099, 53.5964, 49.9535, 41.1829, 43.4231, 38.3876, 54.8898, 47.8312, 41.9624, 39.8717, 51.6478], [43.8019, 30.8426, 29.5146, 34.1428, 42.4722, 29.8356, 37.0379, 32.7094, 40.8658, 36.5854, 33.4771, 45.146, 36.5433, 36.0885, 36.173, 40.5883, 35.7295, 34.1831, 36.2665, 34.2947, 43.2974, 29.6681, 25.1144, 43.5241, 37.0797, 39.1023, 35.0085, 29.3404, 35.41, 37.1987, 9.8313, 7.6681, 11.837, 6.984, 16.1193, 8.9391, 7.2265, 0.0, 9.8794, 8.3808, 10.7762, 7.707, 16.3404, 21.5793, 11.0851, 7.2017, 8.9884, 7.5491, 10.278, 20.0279, 9.2062, 25.0785, 8.5747, 9.115, 16.3353, 1.9665, 17.1436, 7.6487, 9.377, 19.3192, 45.4832, 44.7584, 53.0883, 50.6725, 46.1472, 44.5478, 51.9647, 53.7323, 43.3348, 46.0984, 41.462, 59.6955, 50.4048, 50.8746, 47.4681, 46.2991, 42.533, 52.7295, 54.0594, 49.9872, 57.9192, 56.1995, 46.5248, 48.6575, 43.9228, 59.6811, 51.3174, 46.8187, 45.4121, 56.7965], [47.2848, 35.7027, 34.3362, 39.9626, 46.9751, 32.4656, 40.9957, 33.0031, 45.0139, 40.275, 36.7494, 48.8383, 39.2242, 39.1488, 39.2085, 45.4007, 39.1691, 38.7314, 39.6837, 38.1929, 45.2406, 34.081, 28.4384, 47.4552, 40.905, 42.159, 37.3709, 34.2835, 39.0819, 40.4945, 9.9015, 17.2668, 15.8342, 7.88, 12.5645, 5.8677, 8.948, 9.8794, 0.0, 11.6252, 11.3599, 8.2313, 18.5273, 16.0527, 6.2964, 6.6427, 8.5865, 8.4846, 12.4782, 14.32, 8.0552, 23.5899, 6.3933, 13.8998, 21.2656, 8.2036, 22.1366, 4.9864, 8.9628, 14.7257, 48.3682, 48.0856, 56.2389, 53.7803, 49.9213, 48.951, 54.5371, 56.9482, 47.9421, 50.7827, 43.4529, 63.2684, 53.0005, 54.0755, 49.2084, 49.0163, 44.5484, 56.5465, 56.5962, 52.9347, 62.162, 56.8984, 49.2119, 51.5163, 46.282, 63.2123, 56.6745, 50.3152, 47.7461, 59.7507], [36.4617, 24.2612, 22.8956, 28.3595, 35.7089, 22.008, 29.9121, 24.3622, 33.8741, 29.308, 25.9636, 37.9201, 28.7976, 28.4989, 28.5731, 34.0251, 28.3165, 27.405, 28.8464, 27.115, 35.3358, 22.7655, 17.5277, 36.4204, 29.8796, 31.5329, 27.1316, 22.8107, 28.1144, 29.7264, 3.2313, 10.4046, 4.2813, 3.7458, 9.4985, 6.3292, 2.6774, 8.3808, 11.6252, 0.0, 3.1172, 3.4752, 8.1092, 15.4091, 7.7499, 4.9904, 3.7654, 3.1789, 1.9289, 14.1976, 4.4516, 16.8414, 5.6432, 2.4506, 9.6687, 9.1524, 10.5415, 6.6663, 3.703, 12.8044, 37.8761, 37.3469, 45.6302, 43.1858, 38.9696, 37.7299, 44.2598, 46.3065, 36.6436, 39.4692, 33.5054, 52.4614, 42.7027, 43.4311, 39.4655, 38.6269, 34.59, 45.6012, 46.3486, 42.4272, 51.0482, 47.9812, 38.8416, 41.0542, 36.1028, 52.426, 45.1875, 39.5, 37.5906, 49.2643], [35.9473, 24.4719, 23.1099, 28.9796, 35.6374, 21.1844, 29.6368, 22.5835, 33.6572, 28.917, 25.4077, 37.4881, 27.9722, 27.8365, 27.8997, 34.1045, 27.8208, 27.4237, 28.3379, 26.8344, 34.2074, 22.7794, 17.0786, 36.0958, 29.5452, 30.8572, 26.1761, 23.0873, 27.7235, 29.1603, 1.4678, 13.5216, 5.3078, 4.3574, 6.4003, 5.5064, 3.6607, 10.7762, 11.3599, 3.1172, 0.0, 3.6499, 7.1733, 12.314, 6.0729, 5.1529, 2.8137, 3.603, 1.883, 11.1522, 3.3049, 14.3348, 4.9712, 4.9831, 10.4976, 11.1214, 11.3323, 6.5343, 2.4041, 9.6946, 37.1135, 36.765, 44.9584, 42.5016, 38.5679, 37.6028, 43.3666, 45.6591, 36.6126, 39.4557, 32.3953, 51.9433, 41.8199, 42.7832, 38.2623, 37.7963, 33.4892, 45.1959, 45.4401, 41.6812, 50.8021, 46.4252, 37.9989, 40.2755, 35.1348, 51.8916, 45.4407, 38.9812, 36.6116, 48.5112], [39.3608, 27.4976, 26.1306, 31.7344, 38.8415, 24.6897, 32.9377, 26.2296, 36.9345, 32.2703, 28.825, 40.8685, 31.4889, 31.298, 31.3652, 37.2225, 31.2175, 30.568, 31.7406, 30.1336, 37.8072, 25.9175, 20.4297, 39.427, 32.8737, 34.3271, 29.7284, 26.069, 31.075, 32.5871, 2.3228, 12.213, 7.6058, 0.7575, 8.4315, 2.9035, 0.9882, 7.707, 8.2313, 3.4752, 3.6499, 0.0, 10.6306, 14.0499, 4.6354, 1.6224, 1.2819, 0.3387, 4.3014, 12.593, 1.6297, 17.7873, 2.2107, 5.8855, 13.0401, 7.703, 13.91, 3.245, 1.6808, 11.6785, 40.6186, 40.2058, 48.4376, 45.9837, 41.936, 40.8382, 46.9148, 49.1299, 39.7956, 42.6314, 35.9903, 55.3679, 45.3644, 46.2527, 41.8779, 41.3233, 37.083, 48.57, 48.9935, 45.1838, 54.1057, 50.0749, 41.5296, 43.7879, 38.6984, 55.3226, 48.4613, 42.3989, 40.179, 52.0195], [28.7759, 17.5732, 16.2296, 22.3962, 28.5325, 14.0593, 22.4845, 16.4187, 26.5126, 21.7481, 18.2358, 30.3149, 20.8592, 20.6789, 20.7442, 27.068, 20.6476, 20.3829, 21.1648, 19.6853, 27.263, 15.7665, 9.9195, 28.9301, 22.3827, 23.7047, 19.1173, 16.2577, 20.5554, 21.9906, 8.6392, 15.9046, 4.8111, 11.2356, 9.765, 12.6631, 10.295, 16.3404, 18.5273, 8.1092, 7.1733, 10.6306, 0.0, 14.4397, 12.8903, 12.2258, 9.9777, 10.4875, 6.4498, 14.0789, 10.4737, 10.4505, 12.144, 7.4126, 5.554, 17.2532, 6.0677, 13.6923, 9.5772, 11.9234, 29.9881, 29.6002, 37.813, 35.358, 31.3954, 30.4768, 36.2944, 38.5086, 29.5208, 32.3655, 25.4368, 44.775, 34.7422, 35.6317, 31.376, 30.6948, 26.5252, 38.0228, 38.376, 34.5536, 43.6411, 39.8873, 30.9022, 33.1573, 28.0929, 44.725, 38.469, 31.8108, 29.5767, 41.389], [38.1169, 30.1364, 28.9365, 35.5049, 39.4517, 23.8162, 33.1786, 20.8744, 37.0856, 32.1124, 28.3908, 39.8704, 29.634, 30.1404, 30.1549, 38.5408, 30.7465, 32.1774, 31.1625, 30.632, 34.0385, 28.0263, 21.8255, 38.9667, 32.8849, 32.8086, 27.5387, 29.105, 31.0385, 31.6885, 12.4354, 25.7837, 16.4442, 14.6989, 5.9137, 12.7999, 14.7954, 21.5793, 16.0527, 15.4091, 12.314, 14.0499, 14.4397, 0.0, 10.8265, 14.384, 12.808, 14.2882, 14.0047, 1.7327, 12.4484, 10.9272, 13.0477, 17.1657, 19.9194, 21.0767, 20.4966, 14.3026, 12.5134, 2.6854, 38.2378, 38.6215, 46.0157, 43.6268, 41.0, 41.1012, 43.6035, 46.7822, 40.5106, 43.2595, 32.4566, 53.3337, 42.1789, 44.0384, 37.4808, 38.6036, 33.4963, 47.2823, 45.516, 42.6022, 53.2784, 43.6314, 38.744, 41.1427, 35.5657, 53.2198, 49.9219, 40.9443, 36.8905, 49.0918], [41.4125, 30.4139, 29.0588, 35.022, 41.4074, 26.525, 35.3101, 26.7229, 39.3477, 34.5172, 30.9153, 43.0106, 33.2242, 33.2356, 33.2888, 39.9581, 33.353, 33.2727, 33.8563, 32.5218, 39.0765, 28.6506, 22.7619, 41.7036, 35.1803, 36.2194, 31.3213, 29.0572, 33.332, 34.6274, 4.8547, 16.706, 11.2785, 4.9399, 6.3791, 2.1628, 5.622, 11.0851, 6.2964, 7.7499, 6.0729, 4.6354, 12.8903, 10.8265, 0.0, 4.0736, 3.9845, 4.9717, 7.7129, 9.1665, 3.2992, 17.3098, 2.6735, 10.1892, 16.5653, 10.3346, 17.4035, 3.5156, 4.0987, 8.9677, 42.3526, 42.1698, 50.2445, 47.7866, 44.1088, 43.3337, 48.4381, 50.9651, 42.4019, 45.2465, 37.3031, 57.3439, 46.9106, 48.1006, 43.0055, 42.9644, 38.3975, 50.7097, 50.485, 46.9112, 56.4192, 50.6082, 43.1535, 45.481, 40.178, 57.2782, 51.3494, 44.4279, 41.6316, 53.7047], [40.9724, 29.1135, 27.7465, 33.3215, 40.4638, 26.2812, 34.5584, 27.6607, 38.5562, 33.8878, 30.4351, 42.4841, 33.0781, 32.9009, 32.9674, 38.8424, 32.8306, 32.1893, 33.353, 31.7543, 39.3577, 27.5389, 22.0457, 41.0466, 34.493, 35.9287, 31.3046, 27.6821, 32.6926, 34.1963, 3.7277, 12.6853, 9.1953, 1.2687, 9.075, 1.9513, 2.3208, 7.2017, 6.6427, 4.9904, 5.1529, 1.6224, 12.2258, 14.384, 4.0736, 0.0, 2.4203, 1.8466, 5.9237, 12.8261, 2.272, 18.9983, 1.4148, 7.325, 14.624, 6.8088, 15.4954, 1.6788, 2.8773, 12.1812, 42.2121, 41.8133, 50.0381, 47.5834, 43.5529, 42.4606, 48.494, 50.7323, 41.4175, 44.2531, 37.5442, 56.9787, 46.945, 47.8552, 43.4151, 42.91, 38.6378, 50.1866, 50.5705, 46.7782, 55.727, 51.5375, 43.1151, 45.3795, 40.2703, 56.9325, 50.074, 44.0102, 41.7492, 53.6127], [38.7536, 27.1494, 25.7841, 31.5352, 38.3887, 23.9981, 32.4168, 25.2421, 36.4313, 31.7104, 28.2135, 40.2886, 30.7856, 30.6483, 30.7118, 36.8242, 30.6233, 30.1507, 31.1415, 29.6131, 36.9991, 25.5014, 19.8674, 38.8851, 32.3326, 33.6698, 28.9856, 25.7445, 30.5162, 31.968, 1.3485, 13.2754, 7.4988, 2.0156, 7.1533, 2.8039, 2.0089, 8.9884, 8.5865, 3.7654, 2.8137, 1.2819, 9.9777, 12.808, 3.9845, 2.4203, 0.0, 1.4829, 3.9771, 11.3787, 0.6885, 16.6265, 2.1998, 6.207, 12.8996, 8.9407, 13.7588, 3.7206, 0.4581, 10.4108, 39.9271, 39.5751, 47.7718, 45.315, 41.366, 40.3648, 46.1758, 48.4722, 39.3569, 42.1981, 35.19, 54.752, 44.6298, 45.5961, 41.0422, 40.6087, 36.2844, 47.9958, 48.2483, 44.4948, 53.5859, 49.1237, 40.8109, 43.0889, 37.941, 54.7011, 48.1248, 41.7884, 39.4167, 51.3246], [39.1907, 27.2704, 25.9033, 31.4781, 38.6345, 24.5455, 32.7472, 26.1836, 36.7391, 32.0894, 28.6579, 40.6912, 31.3461, 31.1404, 31.2087, 37.0038, 31.0454, 30.3545, 31.5696, 29.9436, 37.6948, 25.7049, 20.2532, 39.2406, 32.6881, 34.171, 29.5975, 25.8373, 30.8941, 32.4212, 2.3577, 11.9039, 7.3503, 0.7606, 8.6279, 3.2341, 0.6504, 7.5491, 8.4846, 3.1789, 3.603, 0.3387, 10.4875, 14.2882, 4.9717, 1.8466, 1.4829, 0.0, 4.1097, 12.8477, 1.9148, 17.8278, 2.5416, 5.5728, 12.7811, 7.6267, 13.6521, 3.5036, 1.8335, 11.8927, 40.471, 40.0416, 48.282, 45.8292, 41.7561, 40.6354, 46.7802, 48.9721, 39.5852, 42.4195, 35.8757, 55.1984, 45.2287, 46.0948, 41.7738, 41.1821, 36.9676, 48.3905, 48.8604, 45.035, 53.9126, 50.011, 41.3896, 43.642, 38.5702, 55.1547, 48.2288, 42.2292, 40.0521, 51.8717], [35.0857, 23.2246, 21.858, 27.5606, 34.5419, 20.4804, 28.6389, 22.5298, 32.6337, 27.9799, 24.5561, 36.5825, 27.2813, 27.0496, 27.1192, 32.9334, 26.9395, 26.2733, 27.4644, 25.8352, 33.7107, 21.6223, 16.1454, 35.1312, 28.5785, 30.0818, 25.5618, 21.8067, 26.7846, 28.3202, 2.8598, 12.0334, 3.5669, 4.8346, 8.1123, 6.7792, 3.8548, 10.278, 12.4782, 1.9289, 1.883, 4.3014, 6.4498, 14.0047, 7.7129, 5.9237, 3.9771, 4.1097, 0.0, 12.9205, 4.6162, 14.9132, 6.1529, 3.1697, 8.9275, 10.9497, 9.7842, 7.509, 3.6995, 11.3488, 36.3948, 35.9419, 44.1921, 41.741, 37.6467, 36.537, 42.7298, 44.8792, 35.4978, 38.3347, 31.8854, 51.0936, 41.176, 42.0019, 37.8168, 37.1183, 32.9743, 44.2811, 44.8137, 40.9559, 49.8058, 46.2225, 37.3283, 39.5685, 34.5381, 51.051, 44.1966, 38.1246, 36.0229, 47.7938], [38.8914, 30.3793, 29.1435, 35.6657, 40.0219, 24.3908, 33.7424, 21.9417, 37.6927, 32.7127, 28.982, 40.6282, 30.4072, 30.8377, 30.8585, 39.0215, 31.3696, 32.5682, 31.8026, 31.1389, 35.066, 28.3056, 22.0768, 39.6575, 33.4729, 33.5739, 28.3269, 29.2861, 31.6134, 32.3715, 11.1224, 24.5028, 15.603, 13.2142, 4.8393, 11.1827, 13.3827, 20.0279, 14.32, 14.1976, 11.1522, 12.593, 14.0789, 1.7327, 9.1665, 12.8261, 11.3787, 12.8477, 12.9205, 0.0, 10.9735, 11.906, 11.4656, 16.0898, 19.4403, 19.4607, 20.0703, 12.663, 11.1145, 2.2414, 39.1404, 39.4376, 46.9618, 44.5554, 41.7574, 41.7222, 44.6343, 47.7234, 41.0754, 43.8506, 33.4466, 54.2645, 43.19, 44.9533, 38.5965, 39.5456, 34.5, 48.1099, 46.5721, 43.5503, 54.0776, 44.9756, 39.694, 42.0904, 36.534, 54.1576, 50.4481, 41.7597, 37.8843, 50.1035], [39.2418, 27.7342, 26.37, 32.1577, 38.9368, 24.4541, 32.9417, 25.5164, 36.9618, 32.2204, 28.7035, 40.7879, 31.2321, 31.1203, 31.182, 37.3908, 31.1196, 30.713, 31.6356, 30.1392, 37.3877, 26.066, 20.3832, 39.4, 32.8498, 34.1371, 29.4131, 26.3367, 31.0271, 32.4531, 1.8551, 13.8115, 8.1574, 2.2513, 6.9198, 2.2083, 2.5209, 9.2062, 8.0552, 4.4516, 3.3049, 1.6297, 10.4737, 12.4484, 3.2992, 2.272, 0.6885, 1.9148, 4.6162, 10.9735, 0.0, 16.7393, 1.6756, 6.8949, 13.5436, 9.0123, 14.3999, 3.3106, 0.9282, 10.1189, 40.3763, 40.0528, 48.2317, 45.774, 41.8691, 40.9052, 46.5998, 48.9356, 39.9095, 42.752, 35.5836, 55.2334, 45.0564, 46.0607, 41.4134, 41.0464, 36.6787, 48.496, 48.6686, 44.9442, 54.1069, 49.4167, 41.2464, 43.5337, 38.3573, 55.1801, 48.7085, 42.2744, 39.83, 51.7699], [27.256, 20.672, 19.6536, 26.2177, 28.8919, 13.421, 22.6747, 10.0501, 26.466, 21.5381, 17.8742, 29.0231, 18.7926, 19.4005, 19.4049, 28.1878, 20.1368, 22.1508, 20.5162, 20.295, 23.1603, 18.4903, 12.7351, 28.2018, 22.3305, 21.9671, 16.6876, 19.9218, 20.5294, 20.9632, 15.4729, 26.1449, 14.9527, 18.5408, 11.0939, 18.3651, 17.9814, 25.0785, 23.5899, 16.8414, 14.3348, 17.7873, 10.4505, 10.9272, 17.3098, 18.9983, 16.6265, 17.8278, 14.9132, 11.906, 16.7393, 0.0, 18.