[4, 100]
[[0.0, 17.0603, 71.9731, 41.8942, 54.0137, 46.6418, 14.2891, 58.0159, 37.8829, 80.6112, 43.8732, 45.01, 85.4004, 49.3266, 78.5901, 47.6165, 43.2403, 92.6418, 32.471, 63.6886, 67.1296, 61.6581, 28.5263, 52.4944, 58.5696, 31.4661, 87.9991, 88.9655, 7.9076, 33.7955, 40.2651, 49.7304, 89.2241, 108.5836, 95.234, 45.892, 20.7704, 81.4999, 32.0085, 29.065, 89.8657, 58.0355, 49.2978, 50.3286, 67.169, 90.4295, 95.7831, 35.8451, 50.7689, 100.7512, 59.5508, 84.845, 105.2435, 94.4028, 107.1973, 57.0732, 69.5912, 77.3135, 15.5637, 88.9319, 91.0956, 61.8308, 24.5043, 69.1708, 97.1135, 92.38, 53.3321, 63.8891, 54.9093, 88.4918, 69.8648, 64.0038, 27.585, 11.6326, 65.0546, 100.1637, 40.2708, 75.7402, 93.8444, 45.1218, 74.1628, 61.84, 57.0621, 102.5416, 63.6188, 79.2403, 32.3852, 60.6497, 84.2566, 41.2146, 70.8154, 59.8837, 63.8438, 38.4733, 54.2175, 96.7325, 57.4993, 62.3275, 65.6685, 74.429], [17.0603, 0.0, 77.2356, 25.5573, 52.2419, 57.9806, 27.0, 66.6512, 49.5255, 83.5714, 43.6548, 60.285, 76.3184, 61.8173, 79.8089, 30.6041, 47.8881, 82.8536, 18.3041, 72.5977, 66.354, 46.8378, 13.6171, 61.7162, 45.6918, 14.4197, 75.5461, 84.1852, 9.4816, 48.4238, 36.3897, 51.753, 76.7207, 108.8486, 96.1771, 29.0596, 3.8839, 76.8008, 17.0961, 44.7757, 94.1923, 52.553, 63.0496, 35.7255, 75.4651, 90.6637, 90.5234, 50.7018, 37.7389, 103.8416, 55.2909, 86.4392, 93.1143, 84.2647, 107.4113, 52.4147, 57.4461, 62.7505, 13.3245, 89.2861, 78.1013, 69.5462, 8.9689, 72.1211, 92.4451, 85.7637, 41.03, 70.5185, 58.64, 90.2359, 54.7675, 50.9378, 13.7424, 7.2034, 49.9248, 88.4489, 24.5682, 76.2962, 82.9177, 30.0352, 71.9083, 57.021, 67.334, 91.0791, 65.3773, 69.1464, 17.1998, 48.2139, 86.2534, 55.2226, 71.944, 68.03, 71.5799, 53.3908, 56.3708, 99.055, 57.7686, 65.091, 66.0226, 67.8112], [71.9731, 77.2356, 0.0, 97.1766, 33.9194, 34.0335, 58.4617, 19.2457, 39.7581, 13.2305, 36.2812, 53.1545, 66.1026, 37.5208, 19.1249, 96.0593, 29.4116, 73.3642, 94.7138, 17.9736, 26.4116, 82.7778, 73.8495, 24.3011, 72.3956, 83.4272, 84.0357, 48.8199, 72.3201, 51.2891, 46.5799, 26.8877, 85.0422, 43.458, 30.3817, 88.1253, 77.675, 45.1079, 93.0066, 57.5567, 18.139, 44.8926, 43.7349, 77.1522, 14.5135, 29.3158, 54.6896, 51.7688, 70.9318, 30.0884, 40.445, 20.7604, 93.5301, 76.1057, 42.4076, 42.2203, 73.1234, 89.6141, 63.9922, 27.899, 88.8937, 14.1008, 75.0337, 10.8897, 52.9868, 58.6402, 68.7295, 9.5948, 18.966, 22.719, 88.6119, 75.1386, 71.5726, 71.3427, 86.2088, 87.798, 78.671, 21.1344, 79.673, 77.5651, 32.6941, 42.2172, 25.7394, 88.0627, 17.7634, 67.8215, 92.7964, 71.173, 18.9408, 46.4702, 18.2915, 16.6116, 13.1225, 51.5398, 22.8681, 27.851, 25.9039, 15.1104, 22.2673, 50.8901], [41.8942, 25.5573, 97.1766, 0.0, 67.1283, 82.4497, 52.4831, 89.4533, 74.2839, 101.1516, 61.1942, 85.8397, 78.2107, 86.7015, 95.7792, 9.367, 68.932, 82.9172, 11.8797, 95.4174, 80.9971, 38.877, 23.3423, 85.0168, 43.7058, 13.8962, 70.5257, 92.4539, 34.9022, 73.946, 51.5092, 70.4043, 71.4845, 122.5741, 111.1291, 16.043, 22.7502, 85.6915, 10.9801, 70.3051, 112.724, 62.8374, 88.3396, 31.533, 97.8021, 105.0349, 97.7097, 76.2402, 37.4614, 120.8611, 66.8432, 102.4985, 87.6577, 83.5502, 121.123, 63.8239, 55.1407, 53.2503, 36.9231, 103.8552, 71.562, 91.649, 22.9465, 90.2188, 100.3944, 91.1519, 41.5867, 91.8018, 78.2125, 106.2974, 44.4687, 47.416, 25.6395, 32.6615, 40.27, 84.1876, 21.7674, 91.744, 80.707, 26.5048, 84.395, 67.6232, 91.0898, 87.2081, 82.731, 69.7891, 10.299, 46.7894, 102.7448, 80.6183, 88.2527, 90.4731, 93.6342, 78.9299, 74.746, 115.4142, 74.2337, 83.4108, 81.9139, 74.6276], [54.0137, 52.2419, 33.9194, 67.1283, 0.0, 42.5166, 44.79, 37.0845, 41.0212, 34.4785, 10.4804, 60.1219, 40.7622, 48.5019, 28.6519, 64.4029, 20.1028, 48.8344, 67.3021, 41.4689, 14.1899, 48.8622, 44.6908, 36.6811, 38.5241, 54.1683, 54.2806, 35.8385, 50.8731, 51.4955, 16.085, 11.7986, 55.437, 56.6728, 44.3607, 55.9018, 51.3253, 28.5826, 65.3141, 54.929, 46.5151, 12.2593, 54.3386, 43.6077, 41.3548, 38.5774, 42.9033, 53.3485, 37.1734, 53.7752, 9.2635, 35.374, 67.2662, 51.3602, 55.2295, 9.4319, 40.4897, 56.558, 40.7608, 37.2612, 58.967, 35.7215, 47.2164, 24.5092, 43.7001, 41.4346, 34.8242, 32.9613, 18.1226, 39.1782, 54.8716, 41.5428, 42.6639, 48.3976, 52.3193, 61.3945, 46.7522, 24.674, 53.3602, 44.6966, 20.1728, 12.0499, 43.0684, 62.5691, 16.6967, 39.0609, 64.9101, 37.4513, 35.6348, 51.6056, 21.1954, 36.2298, 37.0341, 54.792, 12.6618, 48.2872, 8.0441, 18.809, 14.8178, 25.5757], [46.6418, 57.9806, 34.0335, 82.4497, 42.5166, 0.0, 32.4502, 15.039, 8.7589, 46.6084, 35.5959, 19.7727, 83.2193, 6.0315, 49.4511, 84.6021, 22.8037, 91.2736, 76.2314, 19.1118, 46.7842, 82.7713, 60.6698, 9.7559, 74.2756, 68.9191, 95.9792, 73.7052, 50.1424, 17.8755, 43.5283, 30.8218, 97.1828, 77.2467, 63.8305, 78.8097, 59.9756, 67.6404, 75.0753, 24.5715, 51.3625, 54.1634, 11.9594, 73.5326, 23.3075, 61.5119, 80.6152, 17.9459, 69.3711, 63.7926, 51.7792, 53.4632, 109.728, 93.8331, 76.1233, 51.5054, 80.1853, 94.5777, 45.5366, 59.9621, 100.482, 20.1738, 59.7023, 37.9398, 80.08, 81.6517, 69.0882, 24.4423, 27.6112, 56.1227, 90.4478, 78.809, 58.4414, 50.886, 86.6289, 103.8663, 69.7683, 49.0605, 95.8642, 71.3092, 55.538, 54.5603, 10.9621, 105.0837, 37.6451, 81.3825, 75.1542, 74.4659, 51.9744, 12.4461, 44.0047, 17.6445, 21.6911, 17.5154, 31.8844, 61.8845, 38.5489, 34.0773, 42.7702, 67.7593], [14.2891, 27.0, 58.4617, 52.4831, 44.79, 32.4502, 0.0, 43.8069, 23.7012, 67.8785, 34.31, 33.4784, 80.6043, 35.4769, 66.7105, 56.52, 30.6701, 88.3151, 44.7037, 49.4342, 56.6626, 64.0547, 33.9449, 38.2412, 58.6916, 40.0467, 86.5374, 80.5866, 18.1816, 21.4762, 33.8974, 38.2903, 87.7899, 96.8017, 83.2531, 52.7703, 29.7976, 73.2456, 43.8195, 18.6757, 76.5126, 51.3344, 36.1498, 53.027, 52.9708, 78.8735, 87.6124, 23.8024, 51.5626, 87.7707, 51.8157, 72.6794, 103.0571, 90.3697, 95.4543, 49.7858, 68.3741, 78.8005, 17.3052, 77.3343, 90.1924, 47.7512, 31.3229, 56.6216, 88.4901, 85.3167, 53.1534, 50.0465, 42.3363, 76.2066, 72.3659, 64.064, 32.1846, 19.8294, 67.7714, 97.6159, 45.2219, 64.2673, 90.6047, 48.8247, 64.4226, 54.4088, 42.7824, 99.6789, 51.7931, 75.5743, 44.0265, 60.1678, 71.9079, 28.2459, 59.142, 45.7378, 49.7484, 26.4901, 42.4948, 84.0992, 46.7489, 50.019, 54.5676, 67.8724], [58.0159, 66.6512, 19.2457, 89.4533, 37.0845, 15.039, 43.8069, 0.0, 21.9898, 32.2017, 33.7324, 33.9107, 76.053, 18.2938, 36.1904, 90.145, 21.6803, 83.9097, 84.8677, 5.972, 36.9032, 83.0885, 66.5032, 5.7889, 73.5398, 75.5817, 91.2701, 63.1026, 60.0473, 32.7693, 43.6466, 25.7856, 92.4065, 62.6849, 49.4708, 83.2702, 67.9474, 57.8607, 83.4405, 39.3266, 36.3244, 49.3437, 24.5843, 75.2658, 9.1672, 47.7376, 69.6908, 32.9737, 70.0487, 48.7709, 45.9215, 39.4013, 103.3461, 86.5864, 61.6146, 46.5155, 77.3011, 92.9084, 53.4544, 46.2306, 95.9957, 5.1773, 66.5355, 24.9812, 68.6573, 71.9659, 68.8852, 9.8121, 19.1957, 41.7619, 90.0936, 77.3916, 64.1858, 59.9658, 86.8343, 97.4731, 73.8368, 36.6076, 89.3101, 74.1933, 45.2255, 48.4418, 7.1613, 98.2906, 26.9633, 75.6995, 83.3872, 73.1032, 37.7599, 27.3718, 32.0098, 2.6409, 6.6702, 32.5158, 24.59, 47.0347, 30.8683, 23.0787, 32.4908, 60.3094], [37.8829, 49.5255, 39.7581, 74.2839, 41.0212, 8.7589, 23.7012, 21.9898, 0.0, 51.4915, 32.5209, 19.154, 81.607, 12.4441, 53.0332, 76.8504, 20.9972, 89.6829, 67.7163, 26.9482, 47.8585, 77.0998, 53.0055, 16.2071, 69.2176, 60.9181, 92.7429, 74.5928, 41.4942, 11.9409, 38.8622, 30.0514, 93.9723, 82.0143, 68.3995, 71.4618, 51.6732, 68.0373, 66.6166, 17.824, 57.6719, 51.7838, 15.5299, 67.3326, 30.922, 65.3828, 81.6485, 13.0962, 63.7101, 69.8421, 50.099, 57.791, 107.3477, 92.1391, 80.8099, 49.3226, 76.1402, 89.7385, 37.3806, 63.8092, 97.0761, 26.7602, 51.7215, 41.6471, 81.5159, 81.7483, 63.8527, 30.3184, 29.1988, 60.7879, 85.0106, 74.0245, 50.8341, 42.3829, 80.9682, 101.5424, 62.6485, 51.9484, 93.7165, 64.645, 56.606, 52.9357, 19.4194, 102.9948, 39.7226, 78.8913, 66.7227, 69.7177, 56.5127, 10.648, 46.7023, 24.372, 28.5518, 13.9944, 32.3223, 67.3351, 38.6599, 36.6011, 44.2967, 66.5968], [80.6112, 83.5714, 13.2305, 101.1516, 34.4785, 46.6084, 67.8785, 32.2017, 51.4915, 0.0, 40.3047, 66.0458, 58.6033, 50.4839, 8.7873, 98.8359, 37.3877, 65.1961, 100.167, 31.1945, 22.417, 81.6599, 78.1899, 36.8649, 71.071, 87.8036, 77.9885, 38.5702, 79.8718, 63.3021, 49.6427, 31.8238, 78.8769, 30.6489, 17.2719, 90.3786, 83.4432, 36.3583, 98.3051, 69.2822, 12.2653, 42.9774, 56.7817, 77.7365, 27.5924, 16.2369, 43.6716, 64.0007, 71.0747, 20.3029, 38.2528, 7.6564, 85.4568, 67.9143, 29.515, 40.7195, 69.6173, 86.2166, 70.7194, 14.9011, 82.8243, 27.1513, 80.0832, 11.5158, 41.4992, 48.8056, 68.2532, 22.3924, 25.7019, 9.5603, 86.5088, 72.9263, 76.0201, 78.3515, 84.7687, 79.9274, 81.1911, 12.7502, 72.0061, 79.1418, 25.3653, 39.2222, 38.8971, 79.7967, 18.4533, 61.8144, 97.9941, 69.3467, 5.7362, 59.038, 13.5892, 29.6044, 26.3212, 63.994, 27.2013, 16.231, 26.9466, 18.527, 19.8694, 44.5524], [43.8732, 43.6548, 36.2812, 61.1942, 10.4804, 35.5959, 34.31, 33.7324, 32.5209, 40.3047, 0.0, 51.6386, 49.3693, 41.6145, 36.1553, 59.779, 12.9742, 57.4181, 59.8706, 39.0335, 23.3364, 49.3635, 38.0098, 31.7605, 39.864, 47.6373, 60.4705, 46.3054, 41.2677, 42.1476, 10.4414, 9.4207, 61.6853, 65.4854, 52.5843, 51.8972, 43.2504, 39.0137, 58.0011, 45.0628, 51.5862, 19.3348, 46.9313, 41.969, 40.0117, 47.2488, 53.3576, 44.1537, 36.4221, 60.4274, 18.313, 42.7879, 74.8268, 59.8078, 64.0636, 17.0239, 44.677, 59.5996, 31.3941, 45.823, 64.9236, 33.8564, 39.7785, 29.1058, 54.1803, 51.5801, 35.1528, 32.4624, 17.5728, 46.5888, 56.3958, 43.9206, 35.7987, 39.1115, 53.1025, 69.0231, 42.419, 32.7182, 61.2218, 41.6504, 30.3712, 21.1077, 38.5229, 70.5037, 21.8907, 46.3704, 57.6899, 39.5927, 42.6458, 43.1606, 28.2894, 33.6198, 35.5628, 45.8295, 13.5627, 55.4592, 14.1476, 22.2259, 22.4385, 34.9489], [45.01, 60.285, 53.1545, 85.8397, 60.1219, 19.7727, 33.4784, 33.9107, 19.154, 66.0458, 51.6386, 0.0, 100.7562, 15.6576, 69.2085, 89.976, 40.0371, 108.8328, 77.3517, 36.4015, 66.0706, 94.3247, 66.9839, 29.3002, 87.1353, 73.5188, 111.6474, 92.9813, 51.0647, 12.1372, 57.3953, 48.9374, 112.8837, 96.5916, 83.314, 85.8525, 63.2417, 86.6589, 76.7057, 16.0017, 69.6896, 70.9282, 9.8982, 83.9786, 40.6867, 81.2105, 99.9658, 9.7257, 81.0852, 82.252, 69.2359, 73.0702, 126.4514, 111.2924, 95.5121, 68.4761, 94.7292, 107.7148, 50.3832, 79.6681, 115.9087, 39.059, 64.7031, 57.7024, 99.5837, 100.5202, 81.6592, 43.6771, 46.9726, 75.5986, 102.4379, 92.1342, 65.0468, 53.2006, 98.1727, 120.6574, 77.7469, 68.8205, 112.8543, 80.5966, 74.8523, 72.0709, 27.7976, 122.1344, 57.236, 97.9984, 76.9956, 87.8845, 71.5186, 8.5186, 63.7384, 36.5429, 40.2409, 7.0841, 50.7679, 80.8828, 57.2994, 53.7536, 62.2155, 85.6915], [85.4004, 76.3184, 66.1026, 78.2107, 40.7622, 83.2193, 80.6043, 76.053, 81.607, 58.6033, 49.3693, 100.7562, 0.0, 89.1704, 49.8161, 71.0425, 60.8338, 8.078, 84.3015, 79.3166, 40.0582, 41.7308, 63.6598, 76.7202, 34.534, 70.1553, 20.8034, 23.8151, 79.5642, 91.5119, 46.7192, 52.3984, 21.3919, 60.21, 55.4203, 62.419, 73.5777, 22.5553, 82.1375, 94.122, 69.4984, 30.0939, 95.0839, 46.6788, 77.9723, 49.4818, 24.7447, 93.5215, 41.091, 69.4802, 31.5478, 53.7339, 27.5035, 10.6184, 59.0165, 32.3567, 23.9623, 35.9875, 69.9064, 49.4011, 25.3107, 73.4336, 68.056, 55.2713, 28.4454, 16.0857, 37.0337, 69.4785, 57.0322, 56.0352, 41.1396, 31.5386, 62.8267, 75.9713, 42.545, 21.7131, 57.3804, 46.125, 13.5705, 51.9163, 33.6128, 28.7255, 82.6779, 22.2547, 49.8947, 8.6923, 81.4258, 31.4459, 55.4366, 92.2396, 47.8407, 74.6179, 74.204, 95.159, 51.9121, 63.1874, 45.3291, 53.6759, 44.4997, 15.7439], [49.3266, 61.8173, 37.5208, 86.7015, 48.5019, 6.0315, 35.4769, 18.2938, 12.4441, 50.4839, 41.6145, 15.6576, 89.1704, 0.0, 54.0278, 89.2818, 28.8351, 97.2173, 79.9286, 20.8854, 52.3116, 88.4822, 65.4153, 14.0869, 80.1218, 73.3612, 102.01, 79.1825, 53.5471, 17.5732, 49.4037, 36.7758, 103.2139, 80.9737, 67.7556, 83.7921, 64.0554, 73.2611, 78.8867, 24.338, 54.0904, 60.1873, 6.4613, 79.0709, 25.1922, 65.8516, 86.0341, 16.8194, 75.0737, 66.6409, 57.7654, 57.6087, 115.7351, 99.787, 79.9076, 57.5232, 86.1745, 100.4747, 49.8141, 64.3244, 106.5102, 23.4202, 64.1655, 42.5846, 85.3745, 87.3149, 74.8937, 28.0927, 33.1802, 60.0436, 96.2231, 84.7067, 63.2299, 54.6435, 92.3452, 109.871, 74.8855, 53.955, 101.8588, 76.6592, 61.024, 60.5384, 12.2241, 111.0708, 42.9465, 87.4018, 79.0157, 80.3666, 56.009, 10.3729, 49.02, 20.9153, 24.5834, 15.5143, 37.6588, 65.2256, 44.3386, 39.269, 48.1972, 73.6703], [78.5901, 79.8089, 19.1249, 95.7792, 28.6519, 49.4511, 66.7105, 36.1904, 53.0332, 8.7873, 36.1553, 69.2085, 49.8161, 54.0278, 0.0, 92.8434, 36.1095, 56.4396, 95.673, 36.4917, 15.1527, 74.0957, 73.241, 39.9822, 63.5086, 82.7696, 69.2604, 30.2047, 77.0149, 64.9741, 44.5288, 28.873, 70.1371, 30.0932, 16.6453, 84.1865, 79.3079, 27.6111, 93.7298, 70.484, 20.3624, 35.5985, 60.4681, 70.8793, 33.4681, 12.4098, 35.7211, 65.9771, 64.0926, 25.2445, 30.8961, 6.7276, 76.706, 59.162, 28.7439, 33.5826, 61.3779, 77.9359, 67.4068, 10.8344, 74.0892, 31.5664, 75.5356, 11.5154, 33.8867, 40.328, 61.0437, 26.6726, 24.7079, 10.5423, 78.5885, 65.0455, 71.1623, 75.1209, 77.0734, 71.1592, 75.2137, 4.3997, 63.225, 72.722, 16.6869, 31.5116, 43.265, 71.0604, 14.9794, 53.1161, 93.3593, 61.6207, 7.1577, 61.6316, 7.8804, 33.7783, 31.2382, 66.3219, 24.3781, 19.6353, 22.0625, 16.8919, 13.938, 35.8671], [47.6165, 30.6041, 96.0593, 9.367, 64.4029, 84.6021, 56.52, 90.145, 76.8504, 98.8359, 59.779, 89.976, 71.0425, 89.2818, 92.8434, 0.0, 68.9383, 75.2478, 20.7495, 96.0479, 77.7984, 30.4985, 23.9421, 86.1285, 36.5932, 16.5008, 62.0007, 86.8235, 40.0602, 77.896, 49.5804, 69.1773, 62.9114, 118.4363, 107.5792, 9.0341, 27.1146, 80.3672, 19.414, 74.9223, 110.7154, 58.5771, 91.5369, 24.7595, 98.0751, 101.3293, 91.6814, 80.2675, 31.3249, 118.0769, 62.8828, 99.5044, 78.912, 75.7029, 116.9932, 59.9192, 47.4728, 44.2505, 39.8063, 100.2416, 62.7806, 91.8464, 25.3406, 88.3031, 94.5584, 84.7003, 35.3618, 91.4988, 77.2331, 103.2561, 35.4925, 39.7215, 26.2004, 37.1669, 31.4984, 75.6558, 17.6506, 88.6584, 72.5849, 20.7647, 80.3137, 63.3048, 92.4868, 78.7175, 80.6193, 62.4691, 18.6218, 39.6681, 99.9301, 84.105, 85.5839, 90.9073, 93.7746, 82.9448, 73.276, 112.3967, 71.938, 81.7222, 79.1964, 68.8897], [43.2403, 47.8881, 29.4116, 68.932, 20.1028, 22.8037, 30.6701, 21.6803, 20.9972, 37.3877, 12.9742, 40.0371, 60.8338, 28.8351, 36.1095, 68.9383, 0.0, 68.9104, 65.5862, 27.383, 27.7561, 61.7903, 45.6733, 18.9809, 52.5986, 55.0461, 73.1818, 53.9991, 42.9875, 31.9691, 22.1496, 9.1924, 74.3833, 66.177, 52.5977, 61.7835, 48.508, 47.2448, 63.9564, 36.2026, 46.863, 31.4029, 34.4149, 53.6369, 29.1446, 48.3771, 61.0975, 33.6443, 48.5968, 57.5143, 29.2865, 42.0099, 87.0329, 71.4137, 64.8421, 28.7895, 57.6432, 72.5187, 34.607, 46.8222, 77.7009, 22.9097, 46.2846, 26.0076, 61.2242, 60.8226, 47.7011, 22.9056, 11.7061, 45.5422, 69.0597, 56.8042, 43.3544, 41.9314, 65.5849, 81.1843, 52.3095, 33.9202, 73.2362, 52.5192, 36.3078, 32.1093, 25.7743, 82.4867, 21.3196, 58.6365, 63.7964, 52.4657, 41.2504, 31.5266, 28.6971, 22.0906, 24.8381, 34.9014, 12.3855, 53.5557, 18.063, 19.3497, 24.8063, 45.6578], [92.6418, 82.8536, 73.3642, 82.9172, 48.8344, 91.2736, 88.3151, 83.9097, 89.6829, 65.1961, 57.4181, 108.8328, 8.078, 97.2173, 56.4396, 75.2478, 68.9104, 0.0, 89.7548, 87.042, 47.6177, 45.1064, 69.8832, 84.691, 39.3627, 75.8017, 18.4779, 28.3793, 86.5755, 99.5517, 54.4838, 60.4518, 18.6012, 63.7545, 60.4538, 66.9324, 79.947, 28.8389, 87.6094, 102.0937, 75.6441, 38.1173, 103.147, 51.5275, 85.5717, 54.8408, 27.3324, 101.5718, 46.5382, 74.6251, 39.6251, 59.8473, 20.2706, 2.7419, 62.6666, 40.416, 27.8007, 36.5587, 77.0973, 54.9406, 22.0738, 81.1719, 74.382, 62.6096, 31.095, 18.8043, 42.627, 77.1242, 64.9583, 61.8516, 43.0488, 35.5521, 69.2174, 82.9096, 45.2627, 14.775, 62.7457, 52.9708, 7.4143, 57.0671, 40.6946, 36.8015, 90.5905, 14.7012, 57.5427, 13.7202, 86.8687, 36.327, 61.6489, 100.3164, 55.0728, 82.4194, 81.8832, 103.2218, 59.8866, 68.4345, 53.2759, 61.3622, 52.0878, 23.6531], [32.471, 18.3041, 94.7138, 11.8797, 67.3021, 76.2314, 44.7037, 84.8677, 67.7163, 100.167, 59.8706, 77.3517, 84.3015, 79.9286, 95.673, 20.7495, 65.5862, 89.7548, 0.0, 90.825, 81.4726, 47.6131, 22.8445, 79.992, 50.4763, 14.3014, 78.9879, 96.0781, 26.5306, 65.8051, 51.2291, 68.5708, 80.0301, 123.8025, 111.6606, 24.9762, 17.0795, 88.971, 2.1727, 61.4871, 111.2161, 65.1413, 80.8496, 38.4955, 93.6124, 105.8393, 101.8527, 67.9819, 43.2642, 120.2859, 68.6396, 102.3839, 96.4408, 90.6794, 122.3521, 65.6301, 62.385, 62.8559, 31.4169, 104.5492, 80.5268, 87.6325, 20.1389, 88.8693, 104.2274, 95.9945, 47.2779, 88.3979, 75.8874, 106.202, 54.132, 54.8872, 24.7032, 25.3456, 49.6158, 92.5525, 27.0092, 91.8919, 88.3378, 32.747, 85.9852, 69.8746, 85.6379, 95.4715, 81.7597, 76.2338, 2.8865, 53.4632, 102.3915, 72.8999, 87.908, 86.1849, 89.6598, 70.6505, 73.1169, 115.195, 73.6736, 81.8848, 81.7421, 78.6701], [63.6886, 72.5977, 17.9736, 95.4174, 41.4689, 19.1118, 49.4342, 5.972, 26.9482, 31.1945, 39.0335, 36.4015, 79.3166, 20.8854, 36.4917, 96.0479, 27.383, 87.042, 90.825, 0.0, 39.5371, 88.371, 72.443, 11.1944, 78.6622, 81.5427, 95.2968, 64.8731, 65.9066, 36.9649, 49.1326, 30.6295, 96.407, 60.9967, 48.2251, 89.1018, 73.9145, 60.1396, 89.4046, 43.6826, 33.3129, 53.6821, 26.625, 80.804, 4.3091, 47.2679, 71.208, 36.8616, 75.4446, 45.8844, 49.9944, 38.7286, 106.7548, 89.7488, 60.0229, 50.8467, 81.9159, 97.7478, 59.4149, 45.8319, 100.0698, 5.8936, 72.5035, 26.0076, 69.8763, 74.1436, 74.1333, 10.1914, 23.3486, 40.6232, 95.2251, 82.3527, 70.1244, 65.8855, 92.0837, 100.9029, 79.6502, 37.609, 92.7214, 79.8843, 47.426, 52.3869, 8.668, 101.5679, 29.5391, 79.5017, 89.3539, 78.0981, 36.9132, 30.829, 33.511, 5.4145, 5.3588, 36.0499, 28.8147, 44.8675, 34.6814, 25.6885, 35.0565, 63.6073], [67.1296, 66.354, 26.4116, 80.9971, 14.1899, 46.7842, 56.6626, 36.9032, 47.8585, 22.417, 23.3364, 66.0706, 40.0582, 52.3116, 15.1527, 77.7984, 27.7561, 47.6177, 81.4726, 39.5371, 0.0, 59.2565, 58.8072, 38.6795, 48.6648, 68.2298, 57.6269, 26.9304, 64.5641, 59.412, 30.2728, 18.7833, 58.6308, 42.5051, 30.2221, 69.0927, 65.5038, 21.0432, 79.4749, 63.9402, 34.6744, 20.5971, 58.6594, 55.7364, 37.954, 24.3875, 33.8953, 60.8889, 48.9669, 40.3699, 15.8712, 21.7291, 67.5616, 50.3421, 41.0646, 18.4639, 47.5406, 64.15, 54.5824, 23.0774, 62.4859, 33.7132, 61.4009, 15.5331, 33.658, 35.1588, 45.985, 29.526, 19.1732, 25.4607, 64.1308, 50.5426, 56.8098, 62.2738, 62.3518, 61.7606, 60.1961, 10.8725, 53.5911, 57.5901, 8.7821, 16.8331, 43.8825, 62.2371, 10.0087, 41.41, 79.061, 46.9316, 22.307, 57.8002, 9.0112, 35.1573, 34.3138, 61.823, 15.5758, 34.6001, 9.9491, 13.8911, 4.4822, 24.576], [61.6581, 46.8378, 82.7778, 38.877, 48.8622, 82.7713, 64.0547, 83.0885, 77.0998, 81.6599, 49.3635, 94.3247, 41.7308, 88.4822, 74.0957, 30.4985, 61.7903, 45.1064, 47.6131, 88.371, 59.2565, 0.0, 33.4534, 80.7624, 10.5932, 35.2846, 31.6511, 60.643, 53.9917, 82.5818, 39.6622, 57.9568, 32.6228, 95.2846, 86.3667, 22.9578, 43.1072, 55.2539, 45.6227, 82.0875, 93.924, 38.6871, 92.6212, 11.3309, 89.1098, 79.9018, 64.3933, 84.9994, 13.4095, 98.716, 43.4087, 80.2419, 48.9052, 45.3778, 93.8979, 41.046, 17.7699, 15.9277, 47.646, 79.1229, 32.9197, 83.0599, 37.9528, 73.0122, 67.659, 56.6026, 14.2549, 81.1235, 65.8962, 83.6869, 8.3199, 10.4793, 34.1031, 50.1077, 3.8685, 45.3113, 22.44, 69.6966, 42.1024, 16.8029, 58.8393, 42.5841, 87.5559, 48.3325, 65.3039, 33.0385, 44.8076, 12.6831, 81.185, 86.7188, 68.1154, 82.9569, 84.6671, 87.4116, 60.764, 92.5483, 56.8763, 67.6691, 62.0666, 43.2106], [28.5263, 13.6171, 73.8495, 23.3423, 44.6908, 60.6698, 33.9449, 66.5032, 53.0055, 78.1899, 38.0098, 66.9839, 63.6598, 65.4153, 73.241, 23.9421, 45.6733, 69.8832, 22.8445, 72.443, 58.8072, 33.4534, 0.0, 62.3165, 32.1249, 9.6274, 61.9679, 73.5697, 20.6985, 54.8468, 28.7146, 47.1279, 63.1361, 101.0226, 89.0273, 18.8731, 10.2077, 66.3663, 20.7736, 52.6193, 89.5955, 42.3736, 67.8893, 22.2224, 74.6709, 83.1275, 79.5478, 57.2633, 24.1878, 98.11, 45.801, 79.9672, 79.5534, 71.1718, 99.5712, 42.7952, 43.9563, 49.3116, 16.6635, 81.8628, 64.486, 68.4829, 4.6624, 67.1059, 81.7726, 74.1334, 27.6172, 68.5031, 54.8835, 83.7833, 41.5312, 37.3369, 2.3218, 16.8938, 36.6952, 74.9541, 11.7776, 69.3538, 69.6051, 16.7076, 63.1449, 47.0824, 68.6064, 77.6252, 59.7371, 56.1649, 20.3067, 34.7113, 80.081, 60.6538, 65.5652, 67.3994, 70.4507, 59.9037, 51.5222, 92.8423, 51.3977, 60.2322, 59.3072, 56.4625], [52.4944, 61.7162, 24.3011, 85.0168, 36.6811, 9.7559, 38.2412, 5.7889, 16.2071, 36.8649, 31.7605, 29.3002, 76.7202, 14.0869, 39.9822, 86.1285, 18.9809, 84.691, 79.992, 11.1944, 38.6795, 80.7624, 62.3165, 0.0, 71.5564, 71.1992, 90.9171, 65.4048, 54.8107, 27.1671, 41.1054, 24.9458, 92.0847, 67.4963, 54.1019, 79.5608, 63.1894, 59.7154, 78.6294, 33.6479, 41.8158, 48.8208, 20.5473, 72.4118, 14.8623, 51.9135, 72.1821, 27.5077, 67.5357, 54.1727, 45.8205, 43.7835, 103.7359, 87.3219, 66.3779, 46.0381, 76.1581, 91.3495, 48.6395, 50.3737, 95.5631, 10.6498, 62.0703, 28.5137, 71.4169, 73.8215, 66.6818, 14.7063, 19.8319, 46.3903, 88.0351, 75.6811, 60.0128, 54.9094, 84.5619, 97.8553, 70.2128, 39.8704, 89.7431, 70.9497, 47.2963, 48.4818, 6.7939, 98.8509, 29.0751, 75.7081, 78.6095, 71.3523, 42.2629, 22.2015, 34.9603, 8.1945, 12.3658, 27.2411, 24.8081, 52.1477, 31.4243, 25.3212, 34.4406, 61.0401], [58.5696, 45.6918, 72.3956, 43.7058, 38.5241, 74.2756, 58.6916, 73.5398, 69.2176, 71.071, 39.864, 87.1353, 34.534, 80.1218, 63.5086, 36.5932, 52.5986, 39.3627, 50.4763, 78.6622, 48.6648, 10.5932, 32.1249, 71.5564, 0.0, 36.7479, 29.8551, 51.2442, 51.3793, 75.731, 30.7594, 48.0837, 31.0339, 85.1749, 75.9513, 27.8887, 42.3207, 45.4395, 48.3466, 75.9573, 83.3344, 28.1041, 84.635, 12.1908, 79.1979, 69.4925, 55.5386, 78.1035, 7.9577, 88.178, 32.8227, 69.6759, 47.429, 40.2083, 83.7739, 30.4949, 12.0043, 20.5795, 43.5276, 68.6794, 32.5908, 73.2283, 36.7843, 62.5153, 58.6158, 48.2316, 5.5583, 71.0803, 55.8784, 73.1394, 16.563, 5.4468, 32.0429, 47.4831, 13.8213, 42.8818, 23.5138, 59.1099, 37.9729, 17.7337, 48.3612, 31.9978, 78.3401, 45.6173, 54.8402, 26.0846, 47.5905, 3.0881, 70.6036, 79.2214, 57.5327, 73.259, 74.7721, 80.3895, 50.6476, 82.0304, 46.4968, 57.3011, 51.5071, 33.4806], [31.4661, 14.4197, 83.4272, 13.8962, 54.1683, 68.9191, 40.0467, 75.5817, 60.9181, 87.8036, 47.6373, 73.5188, 70.1553, 73.3612, 82.7696, 16.5008, 55.0461, 75.8017, 14.3014, 81.5427, 68.2298, 35.2846, 9.6274, 71.1992, 36.7479, 0.0, 65.9302, 81.8542, 23.7404, 61.4618, 38.2688, 56.7421, 67.0254, 110.2896, 98.449, 14.9428, 10.7303, 74.7943, 12.1314, 58.4215, 99.2229, 51.1353, 75.3377, 25.1407, 83.9076, 92.489, 87.5756, 63.8213, 29.2662, 107.6924, 54.8021, 89.4971, 83.5128, 76.8298, 108.8373, 51.7786, 48.742, 51.0676, 23.5922, 91.2485, 67.8568, 77.7529, 9.217, 76.7325, 89.9825, 81.6942, 33.2001, 77.9265, 64.4623, 93.3106, 42.6145, 41.4512, 11.8643, 20.697, 37.8558, 79.3414, 13.3059, 78.8423, 74.7201, 19.2242, 72.2691, 55.8982, 77.3361, 82.18, 69.3522, 62.2, 11.5013, 39.6555, 89.6413, 67.7955, 75.1252, 76.5832, 79.7381, 66.503, 61.1464, 102.3861, 60.9829, 69.8592, 68.8447, 64.3876], [87.9991, 75.5461, 84.0357, 70.5257, 54.2806, 95.9792, 86.5374, 91.2701, 92.7429, 77.9885, 60.4705, 111.6474, 20.8034, 102.01, 69.2604, 62.0007, 73.1818, 18.4779, 78.9879, 95.2968, 57.6269, 31.6511, 61.9679, 90.9171, 29.8551, 65.9302, 0.0, 44.6166, 81.0288, 101.1484, 54.4778, 65.9715, 1.2543, 80.9509, 76.0915, 54.5925, 72.1512, 42.8702, 76.9395, 102.5032, 89.3647, 42.0966, 107.4015, 40.7901, 94.5785, 70.0452, 45.0064, 103.3824, 37.8111, 90.0744, 45.3554, 73.7437, 17.6167, 17.2479, 79.7755, 44.883, 18.4113, 19.3794, 72.656, 69.873, 4.8615, 89.4319, 66.6294, 73.1597, 48.7718, 36.2682, 34.7579, 86.002, 72.1093, 76.2855, 27.2213, 24.6642, 61.8897, 77.1565, 30.5824, 13.664, 52.6411, 65.2773, 12.3611, 46.7149, 52.6294, 42.9102, 97.3486, 16.7182, 66.8185, 16.2499, 76.1407, 27.4471, 75.3316, 103.2904, 66.1637, 90.2287, 90.4951, 105.3824, 66.6828, 83.7524, 60.6156, 70.3306, 61.8201, 33.4751], [88.9655, 84.1852, 48.8199, 92.4539, 35.8385, 73.7052, 80.5866, 63.1026, 74.5928, 38.5702, 46.3054, 92.9813, 23.8151, 79.1825, 30.2047, 86.8235, 53.9991, 28.3793, 96.0781, 64.8731, 26.9304, 60.643, 73.5697, 65.4048, 51.2442, 81.8542, 44.6166, 0.0, 84.8139, 85.944, 48.8551, 44.8097, 45.1786, 36.4954, 32.0747, 77.8049, 82.3238, 7.4729, 93.9279, 90.076, 47.9658, 31.641, 85.5565, 62.1827, 62.5121, 26.5621, 7.1132, 87.533, 55.499, 46.2479, 29.4397, 32.3317, 48.1051, 30.921, 35.2676, 32.064, 43.8352, 58.5118, 74.5791, 26.7834, 49.0671, 59.313, 77.2803, 38.9385, 8.2609, 10.3325, 51.4874, 54.6836, 46.0988, 33.8916, 62.1709, 50.2097, 72.0925, 81.8096, 62.442, 42.9921, 70.6962, 27.6891, 35.7181, 66.2263, 18.1675, 27.3242, 70.2195, 42.3181, 36.3382, 30.4619, 93.3384, 48.4211, 34.2713, 84.6742, 31.3626, 61.0927, 59.5168, 88.5849, 42.2899, 40.0762, 35.9788, 40.1479, 30.9888, 17.9367], [7.9076, 9.4816, 72.3201, 34.9022, 50.8731, 50.1424, 18.1816, 60.0473, 41.4942, 79.8718, 41.2677, 51.0647, 79.5642, 53.5471, 77.0149, 40.0602, 42.9875, 86.5755, 26.5306, 65.9066, 64.5641, 53.9917, 20.6985, 54.8107, 51.3793, 23.7404, 81.0288, 84.8139, 0.0, 39.3481, 35.9921, 48.2732, 82.2408, 106.6956, 93.6106, 38.0178, 13.0102, 77.3461, 25.7102, 35.4122, 89.8341, 53.3925, 54.32, 42.6771, 69.0724, 88.4606, 91.4628, 41.5704, 43.495, 100.1592, 55.4173, 83.4786, 98.408, 88.2176, 105.2818, 52.7507, 62.6623, 69.7333, 10.2413, 87.0111, 83.9666, 63.3891, 16.6026, 68.3564, 93.0405, 87.5039, 46.2753, 64.8865, 54.351, 87.2129, 62.1537, 56.7837, 19.8899, 3.9107, 57.33, 93.4543, 32.4075, 73.841, 87.3849, 37.36, 70.9975, 57.5004, 60.0059, 95.9205, 62.1904, 73.0211, 25.961, 53.5955, 83.0766, 46.373, 69.1482, 61.6611, 65.4264, 44.252, 52.8814, 95.7602, 55.3163, 61.3684, 63.6032, 69.4682], [33.7955, 48.4238, 51.2891, 73.946, 51.4955, 17.8755, 21.4762, 32.7693, 11.9409, 63.3021, 42.1476, 12.1372, 91.5119, 17.5732, 64.9741, 77.896, 31.9691, 99.5517, 65.8051, 36.9649, 59.412, 82.5818, 54.8468, 27.1671, 75.731, 61.4618, 101.1484, 85.944, 39.3481, 0.0, 46.6742, 41.1591, 102.3947, 93.8785, 80.2847, 73.7152, 51.2737, 79.212, 65.0555, 6.8062, 68.9799, 61.4376, 15.7677, 72.088, 41.1803, 77.3219, 93.0324, 2.4399, 69.4375, 81.2983, 60.2897, 69.6968, 116.475, 101.9153, 92.6863, 59.171, 83.8326, 96.2883, 38.2528, 75.7486, 105.2743, 37.8062, 52.5985, 53.5824, 93.0452, 92.7136, 70.2127, 41.7402, 41.0213, 72.6519, 90.7537, 80.8342, 52.9112, 41.2845, 86.4142, 110.75, 65.6372, 63.856, 103.1201, 68.5754, 68.1045, 63.1208, 28.5829, 112.3954, 51.5583, 88.1122, 65.3081, 76.6391, 68.3911, 7.7306, 58.5995, 35.3149, 39.4389, 5.0593, 43.8363, 79.0223, 49.9682, 48.5052, 55.9976, 76.9322], [40.2651, 36.3897, 46.5799, 51.5092, 16.085, 43.5283, 33.8974, 43.6466, 38.8622, 49.6427, 10.4414, 57.3953, 46.7192, 49.4037, 44.5288, 49.5804, 22.1496, 54.4838, 51.2291, 49.1326, 30.2728, 39.6622, 28.7146, 41.1054, 30.7594, 38.2688, 54.4778, 48.8551, 35.9921, 46.6742, 0.0, 19.8251, 55.7253, 72.7253, 60.4329, 41.5454, 35.296, 41.3827, 49.2528, 48.2178, 61.2923, 17.8217, 54.1014, 31.6805, 50.3154, 54.6593, 55.582, 48.9222, 26.4486, 69.4298, 19.4298, 51.2541, 70.1103, 56.6025, 71.2794, 16.8312, 37.3394, 51.0746, 25.7508, 53.3462, 58.6104, 44.1201, 31.1322, 38.8068, 57.0655, 52.18, 25.6684, 42.8848, 28.0006, 55.0708, 47.0642, 35.3095, 26.6372, 33.1313, 43.4725, 64.4867, 32.0999, 40.6763, 57.1478, 31.2094, 35.5229, 21.5993, 47.8978, 66.3442, 31.236, 42.0557, 48.8614, 30.9738, 51.3733, 49.1854, 36.857, 43.7359, 45.8749, 50.9726, 23.7293, 64.128, 22.7365, 32.1474, 30.5932, 34.3448], [49.7304, 51.753, 26.8877, 70.4043, 11.7986, 30.8218, 38.2903, 25.7856, 30.0514, 31.8238, 9.4207, 48.9374, 52.3984, 36.7758, 28.873, 69.1773, 9.1924, 60.4518, 68.5708, 30.6295, 18.7833, 57.9568, 47.1279, 24.9458, 48.0837, 56.7421, 65.9715, 44.8097, 48.2732, 41.1591, 19.8251, 0.0, 67.1399, 58.8604, 45.5179, 61.3178, 51.7149, 38.0616, 66.7661, 45.3323, 42.6472, 23.8751, 42.71, 51.1084, 31.1537, 40.7492, 51.9103, 42.8136, 45.3142, 52.1119, 21.0372, 35.2327, 79.0532, 63.0135, 57.4795, 21.0959, 51.5251, 67.1589, 38.9239, 39.2357, 70.6202, 25.1447, 48.6101, 20.3724, 52.0783, 51.6984, 43.7022, 23.2837, 8.1862, 38.9481, 64.6404, 51.7237, 44.8786, 46.5866, 61.6155, 73.1792, 51.8393, 26.0724, 65.1276, 51.0072, 27.1987, 23.7821, 31.4366, 74.3176, 13.9385, 50.8566, 66.4977, 47.4696, 34.8037, 40.461, 21.0859, 25.2529, 26.7135, 44.0126, 4.6298, 47.5126, 8.9293, 13.348, 16.2875, 36.9692], [89.2241, 76.7207, 85.0422, 71.4845, 55.437, 97.1828, 87.7899, 92.4065, 93.9723, 78.8769, 61.6853, 112.8837, 21.3919, 103.2139, 70.1371, 62.9114, 74.3833, 18.6012, 80.0301, 96.407, 58.6308, 32.6228, 63.1361, 92.0847, 31.0339, 67.0254, 1.2543, 45.1786, 82.2408, 102.3947, 55.7253, 67.1399, 0.0, 81.4419, 76.7631, 55.5764, 73.3143, 43.6093, 77.9881, 103.7561, 90.2027, 43.2667, 108.6166, 41.889, 95.6616, 70.7502, 45.385, 104.6274, 38.9913, 90.7745, 46.4868, 74.5554, 16.4926, 17.2023, 80.2787, 46.0475, 19.642, 19.9688, 73.8891, 70.601, 3.9685, 90.5384, 67.7982, 74.1615, 49.1557, 36.6591, 35.9669, 87.0844, 73.2385, 77.0603, 27.9818, 25.8162, 63.074, 78.3664, 31.4545, 12.7525, 53.7439, 66.1788, 12.1573, 47.8176, 53.5278, 44.0238, 98.5053, 15.8502, 67.8674, 17.2256, 77.1872, 28.6519, 76.1598, 104.5233, 67.1309, 91.3506, 91.5901, 106.6246, 67.8173, 84.4602, 61.7259, 71.3957, 62.8431, 34.401], [108.5836, 108.8486, 43.458, 122.5741, 56.6728, 77.2467, 96.8017, 62.6849, 82.0143, 30.6489, 65.4854, 96.5916, 60.21, 80.9737, 30.0932, 118.4363, 66.177, 63.7545, 123.8025, 60.9967, 42.5051, 95.2846, 101.0226, 67.4963, 85.1749, 110.2896, 80.9509, 36.4954, 106.6956, 93.8785, 72.7253, 58.8604, 81.4419, 0.0, 13.6721, 109.4781, 107.998, 40.2805, 121.7718, 99.7436, 29.2925, 59.8829, 87.1879, 94.7465, 57.0135, 18.2379, 36.4641, 94.6266, 87.8266, 18.6943, 55.7367, 24.3571, 82.004, 66.0151, 1.4525, 58.7524, 79.4815, 94.7919, 96.8788, 19.6878, 85.2655, 57.557, 103.807, 40.6812, 32.7415, 44.9749, 84.1691, 52.9205, 54.659, 21.2273, 97.824, 85.1325, 99.1006, 104.5946, 97.5426, 77.6041, 101.1781, 32.8793, 71.1602, 97.7318, 38.1908, 55.1357, 69.1423, 76.2776, 45.0507, 66.8898, 121.3261, 82.6604, 25.5084, 89.6822, 37.7769, 60.0587, 56.5156, 94.6426, 54.4302, 16.5409, 51.3816, 46.8677, 43.0924, 52.2601], [95.234, 96.1771, 30.3817, 111.1291, 44.3607, 63.8305, 83.2531, 49.4708, 68.3995, 17.2719, 52.5843, 83.314, 55.4203, 67.7556, 16.6453, 107.5792, 52.5977, 60.4538, 111.6606, 48.2251, 30.2221, 86.3667, 89.0273, 54.1019, 75.9513, 98.449, 76.0915, 32.0747, 93.6106, 80.2847, 60.4329, 45.5179, 76.7631, 13.6721, 0.0, 98.738, 95.5273, 33.3995, 109.6748, 86.1032, 19.1974, 49.1853, 74.0462, 84.6047, 44.4212, 6.4669, 34.71, 81.0764, 77.6979, 14.1787, 44.7308, 10.6853, 80.0385, 62.9889, 12.4205, 47.6685, 71.7611, 87.8171, 83.9317, 7.3531, 80.7068, 44.4036, 91.56, 27.0094, 31.5329, 42.046, 74.2843, 39.6634, 41.0304, 7.7155, 89.8092, 76.6105, 87.0199, 91.6509, 88.9684, 75.0366, 90.0837, 19.881, 67.7804, 87.0759, 27.6624, 44.606, 56.1159, 74.2393, 31.6171, 60.8142, 109.269, 73.688, 11.8972, 76.2416, 24.4725, 46.8684, 43.5041, 81.1547, 41.0183, 8.1627, 38.4372, 33.2595, 30.1586, 44.5765], [45.892, 29.0596, 88.1253, 16.043, 55.9018, 78.8097, 52.7703, 83.2702, 71.4618, 90.3786, 51.8972, 85.8525, 62.419, 83.7921, 84.1865, 9.0341, 61.7835, 66.9324, 24.9762, 89.1018, 69.0927, 22.9578, 18.8731, 79.5608, 27.8887, 14.9428, 54.5925, 77.8049, 38.0178, 73.7152, 41.5454, 61.3178, 55.5764, 109.4781, 98.738, 0.0, 25.2113, 71.3337, 23.1093, 71.4309, 102.3519, 49.6546, 86.5465, 15.8607, 90.8962, 92.4595, 82.712, 76.1336, 22.3131, 109.4308, 54.0131, 90.8188, 71.8501, 67.5269, 108.0367, 51.0702, 39.1376, 37.8942, 35.5253, 91.3929, 55.8156, 84.6513, 21.7345, 80.0313, 85.5625, 75.8178, 26.3714, 84.012, 69.4516, 94.5513, 29.1577, 31.3989, 20.8318, 34.5933, 24.6857, 68.2433, 9.5076, 79.9636, 64.665, 11.7552, 71.3908, 54.3629, 86.077, 71.2428, 72.2919, 53.9188, 22.2771, 30.9762, 91.299, 79.433, 77.0301, 83.8635, 86.5356, 78.7709, 65.2695, 103.6877, 63.57, 73.573, 70.6428, 59.8741], [20.7704, 3.8839, 77.675, 22.7502, 51.3253, 59.9756, 29.7976, 67.9474, 51.6732, 83.4432, 43.2504, 63.2417, 73.5777, 64.0554, 79.3079, 27.1146, 48.508, 79.947, 17.0795, 73.9145, 65.5038, 43.1072, 10.2077, 63.1894, 42.3207, 10.7303, 72.1512, 82.3238, 13.0102, 51.2737, 35.296, 51.7149, 73.3143, 107.998, 95.5273, 25.2113, 0.0, 74.9956, 15.5159, 47.9246, 94.3224, 50.7738, 65.5912, 32.0679, 76.6199, 89.8799, 88.5311, 53.5935, 34.391, 103.6477, 53.7606, 85.984, 89.745, 81.285, 106.5543, 50.8277, 54.164, 59.0309, 14.5624, 88.536, 74.607, 70.6071, 5.5833, 72.0685, 90.5723, 83.501, 37.8141, 71.3212, 58.8962, 89.7949, 50.9846, 47.5036, 10.7512, 10.094, 46.144, 85.1612, 20.766, 75.6685, 79.7887, 26.3159, 70.6788, 55.3434, 69.0068, 87.8324, 65.1123, 66.2274, 15.44, 44.9189, 85.8906, 57.8735, 71.4785, 69.2022, 72.6304, 56.2826, 56.2967, 98.705, 57.247, 65.0576, 65.4321, 65.64], [81.4999, 76.8008, 45.1079, 85.6915, 28.5826, 67.6404, 73.2456, 57.8607, 68.0373, 36.3583, 39.0137, 86.6589, 22.5553, 73.2611, 27.6111, 80.3672, 47.2448, 28.8389, 88.971, 60.1396, 21.0432, 55.2539, 66.3663, 59.7154, 45.4395, 74.7943, 42.8702, 7.4729, 77.3461, 79.212, 41.3827, 38.0616, 43.6093, 40.2805, 33.3995, 71.3337, 74.9956, 0.0, 86.8294, 83.1479, 46.9728, 24.2486, 79.5646, 55.8992, 58.1371, 27.2211, 14.3724, 80.8734, 49.1036, 47.246, 21.9672, 31.1908, 49.0988, 31.556, 38.938, 24.5991, 39.204, 54.7517, 67.1101, 27.0052, 47.5741, 54.4178, 70.003, 34.6471, 15.7004, 14.118, 45.1799, 49.9824, 40.081, 33.4973, 57.5437, 44.9712, 64.8405, 74.3542, 57.3553, 43.5838, 63.9255, 24.2788, 35.7324, 59.6632, 12.7138, 19.8686, 64.8876, 43.4499, 30.8978, 27.4153, 86.2556, 42.759, 32.9225, 78.2741, 26.9781, 56.0147, 54.8244, 82.0263, 35.8944, 40.9097, 29.3895, 34.7826, 25.3824, 12.0481], [32.0085, 17.0961, 93.0066, 10.9801, 65.3141, 75.0753, 43.8195, 83.4405, 66.6166, 98.3051, 58.0011, 76.7057, 82.1375, 78.8867, 93.7298, 19.414, 63.9564, 87.6094, 2.1727, 89.4046, 79.4749, 45.6227, 20.7736, 78.6294, 48.3466, 12.1314, 76.9395, 93.9279, 25.7102, 65.0555, 49.2528, 66.7661, 77.9881, 121.7718, 109.6748, 23.1093, 15.5159, 86.8294, 0.0, 60.9118, 109.4129, 63.0259, 79.9632, 36.3921, 92.1335, 103.8314, 99.6912, 67.2651, 41.1088, 118.3956, 66.5505, 100.4452, 94.4127, 88.5448, 120.321, 63.5382, 60.2675, 60.9451, 29.9975, 102.5485, 78.5242, 86.1229, 18.2281, 87.0356, 102.0731, 93.8231, 45.117, 86.8038, 74.1463, 104.2635, 52.2413, 52.788, 22.6754, 24.2438, 47.6903, 90.4899, 24.8647, 89.926, 86.2282, 30.6228, 83.9179, 67.7646, 84.3534, 93.4001, 79.8831, 74.0796, 0.8349, 51.3271, 100.4731, 72.0572, 85.98, 84.7138, 88.146, 69.9426, 71.2965, 113.271, 71.752, 80.063, 79.7949, 76.507], [29.065, 44.7757, 57.5567, 70.3051, 54.929, 24.5715, 18.6757, 39.3266, 17.824, 69.2822, 45.0628, 16.0017, 94.122, 24.338, 70.484, 74.9223, 36.2026, 102.0937, 61.4871, 43.6826, 63.9402, 82.0875, 52.6193, 33.6479, 75.9573, 58.4215, 102.5032, 90.076, 35.4122, 6.8062, 48.2178, 45.3323, 103.7561, 99.7436, 86.1032, 71.4309, 47.9246, 83.1479, 60.9118, 0.0, 75.3918, 64.0603, 21.973, 71.258, 47.8717, 82.8806, 97.1871, 7.7798, 69.2349, 87.6272, 63.3725, 75.4602, 118.327, 104.3665, 98.5221, 61.9778, 84.7802, 96.3733, 35.9789, 81.3045, 106.4551, 44.2967, 49.8944, 59.2214, 97.4103, 96.3551, 70.401, 48.0699, 46.1302, 78.5272, 90.3569, 81.2063, 50.8548, 37.8312, 85.8651, 112.6882, 63.8638, 69.1038, 105.25, 67.3015, 72.5085, 66.1705, 35.3573, 114.4865, 56.6313, 90.1687, 61.2319, 77.1242, 74.2352, 14.231, 63.8218, 41.8332, 45.9848, 10.0166, 48.431, 85.1583, 54.2496, 53.7915, 60.7777, 80.0108], [89.8657, 94.1923, 18.139, 112.724, 46.5151, 51.3625, 76.5126, 36.3244, 57.6719, 12.2653, 51.5862, 69.6896, 69.4984, 54.0904, 20.3624, 110.7154, 46.863, 75.6441, 111.2161, 33.3129, 34.6744, 93.924, 89.5955, 41.8158, 83.3344, 99.2229, 89.3647, 47.9658, 89.8341, 68.9799, 61.2923, 42.6472, 90.2027, 29.2925, 19.1974, 102.3519, 94.3224, 46.9728, 109.4129, 75.3918, 0.0, 55.2425, 59.9379, 89.9274, 29.0709, 22.147, 52.06, 69.2836, 83.2946, 12.5727, 50.5177, 15.7989, 95.7852, 78.3189, 28.6232, 52.9786, 81.6976, 98.2737, 81.1073, 21.4896, 94.1665, 31.2028, 91.244, 22.5052, 49.3218, 58.2947, 80.5055, 27.3567, 35.5837, 14.2042, 98.7252, 85.149, 87.3834, 88.6163, 97.0243, 90.4189, 93.0936, 24.6549, 82.6779, 91.2116, 36.9939, 51.4596, 41.8933, 90.0453, 30.0983, 73.3114, 109.1409, 81.596, 14.0643, 63.6578, 25.8432, 33.7221, 29.6956, 68.8264, 38.13, 12.8016, 38.7876, 29.3777, 32.0703, 56.1124], [58.0355, 52.553, 44.8926, 62.8374, 12.2593, 54.1634, 51.3344, 49.3437, 51.7838, 42.9774, 19.3348, 70.9282, 30.0939, 60.1873, 35.5985, 58.5771, 31.4029, 38.1173, 65.1413, 53.6821, 20.5971, 38.6871, 42.3736, 48.8208, 28.1041, 51.1353, 42.0966, 31.641, 53.3925, 61.4376, 17.8217, 23.8751, 43.2667, 59.8829, 49.1853, 49.6546, 50.7738, 24.2486, 63.0259, 64.0603, 55.2425, 0.0, 65.814, 35.4839, 53.42, 42.8498, 38.1156, 63.4716, 28.6154, 60.5953, 4.7266, 41.9572, 55.6504, 40.4822, 58.4368, 2.8356, 28.4635, 44.7884, 43.201, 41.8323, 46.7508, 47.9005, 45.8536, 34.6379, 39.9019, 34.3615, 25.45, 44.9405, 30.3372, 45.5505, 43.8793, 30.325, 40.746, 50.272, 41.8532, 49.8148, 41.3097, 31.2191, 41.9365, 37.9404, 21.7378, 4.7873, 55.2769, 51.2124, 27.1439, 27.2339, 62.4921, 26.5126, 42.7415, 62.4316, 29.4288, 48.4706, 49.1517, 65.1642, 24.8704, 54.5994, 19.4052, 30.0114, 23.4432, 16.5667], [49.2978, 63.0496, 43.7349, 88.3396, 54.3386, 11.9594, 36.1498, 24.5843, 15.5299, 56.7817, 46.9313, 9.8982, 95.0839, 6.4613, 60.4681, 91.5369, 34.4149, 103.147, 80.8496, 26.625, 58.6594, 92.6212, 67.8893, 20.5473, 84.635, 75.3377, 107.4015, 85.5565, 54.32, 15.7677, 54.1014, 42.71, 108.6166, 87.1879, 74.0462, 86.5465, 65.5912, 79.5646, 79.9632, 21.973, 59.9379, 65.814, 0.0, 82.8506, 30.886, 72.2482, 92.4297, 14.2058, 79.2264, 72.5089, 63.5911, 63.9682, 121.4471, 105.6914, 86.1424, 63.2026, 91.2069, 105.1138, 51.7629, 70.7262, 111.8371, 29.6503, 66.233, 49.0363, 91.8029, 93.5924, 79.3052, 34.3964, 39.4997, 66.341, 100.5099, 89.3712, 65.784, 55.8473, 96.4897, 115.5966, 77.9011, 60.4162, 107.6324, 80.0794, 67.3915, 66.3885, 18.1124, 116.8714, 49.3644, 93.0476, 80.1577, 85.0486, 62.3424, 8.1025, 55.4781, 27.178, 30.6918, 12.0963, 43.8427, 71.3135, 50.5082, 45.7061, 54.5825, 79.6728], [50.3286, 35.7255, 77.1522, 31.533, 43.6077, 73.5326, 53.027, 75.2658, 67.3326, 77.7365, 41.969, 83.9786, 46.6788, 79.0709, 70.8793, 24.7595, 53.6369, 51.5275, 38.4955, 80.804, 55.7364, 11.3309, 22.2224, 72.4118, 12.1908, 25.1407, 40.7901, 62.1827, 42.6771, 72.088, 31.6805, 51.1084, 41.889, 94.7465, 84.6047, 15.8607, 32.0679, 55.8992, 36.3921, 71.258, 89.9274, 35.4839, 82.8506, 0.0, 81.969, 78.2219, 66.9321, 74.52, 6.9243, 96.0158, 40.0853, 77.3554, 58.3794, 52.307, 93.318, 37.3068, 23.9189, 27.0961, 36.4065, 77.2564, 42.82, 75.7887, 26.7851, 68.1164, 69.8423, 59.9624, 10.7197, 74.3742, 59.2616, 80.9924, 19.588, 16.3976, 22.7873, 38.7879, 14.8423, 54.2181, 11.8569, 66.5435, 49.8443, 5.9332, 56.9927, 39.9992, 79.1668, 57.081, 60.303, 38.2709, 35.6173, 15.266, 78.0369, 76.6042, 64.1764, 75.4123, 77.5229, 76.9931, 54.4828, 90.067, 51.5991, 62.1542, 57.8689, 44.2495], [67.169, 75.4651, 14.5135, 97.8021, 41.3548, 23.3075, 52.9708, 9.1672, 30.922, 27.5924, 40.0117, 40.6867, 77.9723, 25.1922, 33.4681, 98.0751, 29.1446, 85.5717, 93.6124, 4.3091, 37.954, 89.1098, 74.6709, 14.8623, 79.1979, 83.9076, 94.5785, 62.5121, 69.0724, 41.1803, 50.3154, 31.1537, 95.6616, 57.0135, 44.4212, 90.8962, 76.6199, 58.1371, 92.1335, 47.8717, 29.0709, 53.42, 30.886, 81.969, 0.0, 43.7837, 68.6664, 41.1246, 76.3841, 41.6433, 49.4994, 35.2064, 105.4679, 88.2958, 56.0711, 50.5965, 81.8286, 97.8844, 62.2039, 42.3872, 99.3873, 6.2455, 74.9602, 23.59, 67.1621, 72.015, 74.855, 8.5774, 23.3689, 36.8938, 95.7382, 82.6704, 72.3491, 68.8766, 92.7675, 99.6439, 81.4072, 34.9681, 91.4635, 81.3473, 45.4524, 51.7552, 12.977, 100.1824, 28.085, 78.6157, 92.0521, 78.4691, 33.3286, 35.1256, 31.2361, 7.4366, 4.4507, 40.3454, 28.7447, 40.7815, 34.1208, 24.3641, 33.4873, 62.3508], [90.4295, 90.6637, 29.315