[4, 10]
[[0.0, 55.6972, 26.6792, 21.2229, 65.4812, 28.5978, 43.8398, 77.2984, 24.3877, 57.6395], [55.6972, 0.0, 43.9408, 57.0773, 100.2277, 80.4711, 95.6619, 77.1115, 72.0576, 87.1967], [26.6792, 43.9408, 0.0, 14.2653, 57.3421, 40.0064, 54.0271, 52.5748, 50.9988, 45.3103], [21.2229, 57.0773, 14.2653, 0.0, 47.9157, 25.8963, 39.7668, 56.9575, 44.4263, 37.9806], [65.4812, 100.2277, 57.3421, 47.9157, 0.0, 43.9228, 39.8062, 53.1035, 82.012, 13.9462], [28.5978, 80.4711, 40.0064, 25.8963, 43.9228, 0.0, 15.4761, 74.9914, 38.6253, 41.4707], [43.8398, 95.6619, 54.0271, 39.7668, 39.8062, 15.4761, 0.0, 81.268, 49.763, 42.4768], [77.2984, 77.1115, 52.5748, 56.9575, 53.1035, 74.9914, 81.268, 0.0, 101.2751, 41.6225], [24.3877, 72.0576, 50.9988, 44.4263, 82.012, 38.6253, 49.763, 101.2751, 0.0, 77.0728], [57.6395, 87.1967, 45.3103, 37.9806, 13.9462, 41.4707, 42.4768, 41.6225, 77.0728, 0.0]]
[[0.0, 24.9084, 18.5564, 66.6515, 99.8, 92.5617, 39.7466, 47.8164, 58.3999, 11.6617], [24.9084, 0.0, 6.4339, 71.1764, 100.6073, 78.99, 26.5475, 62.5909, 49.0229, 22.5474], [18.5564, 6.4339, 0.0, 68.3482, 98.9324, 81.1919, 27.6641, 57.5018, 49.5798, 16.6475], [66.6515, 71.1764, 68.3482, 0.0, 34.011, 59.4266, 50.5316, 30.8942, 37.4809, 56.3323], [99.8, 100.6073, 98.9324, 34.011, 0.0, 57.3956, 76.2201, 63.361, 56.1135, 88.9296], [92.5617, 78.99, 81.1919, 59.4266, 57.3956, 0.0, 53.7221, 84.2235, 34.9439, 81.3226], [39.7466, 26.5475, 27.6641, 50.5316, 76.2201, 53.7221, 0.0, 53.1834, 22.5102, 29.4521], [47.8164, 62.5909, 57.5018, 30.8942, 63.361, 84.2235, 53.1834, 0.0, 53.2099, 41.3674], [58.3999, 49.0229, 49.5798, 37.4809, 56.1135, 34.9439, 22.5102, 53.2099, 0.0, 46.9073], [11.6617, 22.5474, 16.6475, 56.3323, 88.9296, 81.3226, 29.4521, 41.3674, 46.9073, 0.0]]
[[0.0, 29.6116, 37.87, 2.9752, 47.1252, 83.6516, 44.2823, 60.37, 88.6646, 66.2208], [29.6116, 0.0, 11.2867, 32.1076, 47.4456, 56.167, 46.3542, 30.9724, 66.117, 45.5277], [37.87, 11.2867, 0.0, 39.9331, 42.716, 45.9948, 42.4092, 23.5317, 54.8373, 50.1437], [2.9752, 32.1076, 39.9331, 0.0, 46.3504, 85.5074, 43.3913, 62.6964, 89.81, 69.1955], [47.1252, 47.4456, 42.716, 46.3504, 0.0, 68.2384, 3.4376, 60.6643, 59.5985, 92.3448], [83.6516, 56.167, 45.9948, 85.5074, 68.2384, 0.0, 70.2228, 28.1392, 24.5475, 68.988], [44.2823, 46.3542, 42.4092, 43.3913, 3.4376, 70.2228, 0.0, 61.3414, 62.4404, 91.5761], [60.37, 30.9724, 23.5317, 62.6964, 60.6643, 28.1392, 61.3414, 0.0, 46.1031, 44.174], [88.6646, 66.117, 54.8373, 89.81, 59.5985, 24.5475, 62.4404, 46.1031, 0.0, 90.0021], [66.2208, 45.5277, 50.1437, 69.1955, 92.3448, 68.988, 91.5761, 44.174, 90.0021, 0.0]]
[[0.0, 31.866, 84.5129, 42.7931, 39.2123, 40.4129, 46.679, 31.652, 81.6607, 36.0203], [31.866, 0.0, 78.0024, 45.3285, 45.7249, 63.4216, 49.9902, 61.6646, 104.2562, 67.6755], [84.5129, 78.0024, 0.0, 42.1551, 46.8673, 69.6075, 39.1312, 87.5667, 83.6008, 107.8817], [42.7931, 45.3285, 42.1551, 0.0, 5.709, 34.6474, 4.6891, 48.1907, 66.7324, 66.9096], [39.2123, 45.7249, 46.8673, 5.709, 0.0, 29.1336, 7.7654, 42.5438, 62.8814, 61.5452], [40.4129, 63.4216, 69.6075, 34.6474, 29.1336, 0.0, 34.3419, 20.4921, 41.6156, 42.2454], [46.679, 49.9902, 39.1312, 4.6891, 7.7654, 34.3419, 0.0, 49.5405, 63.8451, 69.043], [31.652, 61.6646, 87.5667, 48.1907, 42.5438, 20.4921, 49.5405, 0.0, 54.4678, 21.7594], [81.6607, 104.2562, 83.6008, 66.7324, 62.8814, 41.6156, 63.8451, 54.4678, 0.0, 71.7069], [36.0203, 67.6755, 107.8817, 66.9096, 61.5452, 42.2454, 69.043, 21.7594, 71.7069, 0.0]]
