[4, 60]
[[0.0, 81.6314, 46.448, 69.6491, 50.7829, 27.8097, 87.9368, 32.9523, 64.4312, 42.82, 56.7079, 53.3951, 81.9456, 67.6901, 98.3961, 96.9329, 74.5734, 70.8661, 46.8983, 37.8525, 20.5543, 99.9581, 86.444, 83.6044, 98.6596, 82.0912, 90.5256, 67.8963, 68.237, 68.7068, 52.8847, 94.6543, 43.614, 34.3612, 70.522, 58.9819, 15.7467, 10.4698, 93.1258, 35.9638, 82.5105, 80.433, 17.7958, 95.6697, 21.7219, 51.0516, 37.1221, 57.184, 107.4521, 30.1477, 92.6041, 76.4404, 64.7066, 26.253, 70.1214, 86.7038, 68.762, 63.4882, 61.5936, 36.5895], [81.6314, 0.0, 74.7669, 16.06, 61.2717, 57.9732, 57.0601, 66.9994, 31.6927, 57.9038, 47.5426, 36.0652, 2.858, 38.6609, 71.2574, 66.078, 41.3582, 54.4504, 55.5992, 85.4093, 90.1878, 48.2888, 22.6183, 70.784, 21.1088, 13.1416, 79.8922, 77.7223, 30.8892, 56.0922, 67.2099, 42.9221, 54.6468, 57.0647, 34.1976, 23.9881, 92.4792, 71.1783, 19.1714, 57.2495, 18.7452, 44.9252, 67.9492, 25.4493, 75.082, 32.395, 62.2062, 69.3102, 31.9251, 59.1516, 31.5175, 10.3234, 31.6421, 59.0496, 39.7764, 75.3257, 30.2443, 75.6423, 20.4667, 55.3373], [46.448, 74.7669, 0.0, 71.4662, 81.269, 54.5159, 50.2786, 68.2316, 44.459, 17.5225, 28.6104, 38.9132, 73.4291, 41.2087, 56.6875, 56.8266, 91.2655, 94.7575, 19.1772, 15.5417, 34.5371, 68.1965, 90.673, 40.1691, 82.9099, 82.4154, 45.4414, 21.6423, 46.8984, 31.0129, 10.573, 64.6235, 70.5984, 62.3505, 46.0943, 62.2929, 42.2413, 42.5072, 76.3477, 22.1536, 85.7692, 48.2962, 32.1123, 75.6001, 24.7264, 58.9821, 69.1875, 12.9772, 87.9466, 25.6255, 68.3593, 65.3434, 76.96, 30.9317, 86.7221, 42.2907, 47.6446, 17.351, 56.6865, 23.8689], [69.6491, 16.06, 71.4662, 0.0, 45.2127, 44.0469, 65.3224, 51.6365, 34.2646, 53.9514, 47.6045, 33.4149, 18.1351, 42.7161, 79.9845, 75.2158, 28.1158, 39.8674, 52.7499, 79.6631, 80.8898, 60.7322, 19.273, 76.2601, 37.1597, 12.522, 85.7219, 78.8702, 35.2791, 59.4344, 65.7792, 54.9062, 38.8139, 42.0342, 39.5201, 10.8172, 81.998, 59.4115, 34.6718, 51.1848, 14.4431, 52.6922, 58.0995, 40.512, 66.6735, 18.6519, 46.632, 68.7727, 47.9547, 51.5029, 44.7779, 19.7569, 16.0547, 49.9816, 25.4933, 80.9231, 34.8781, 76.0219, 15.3997, 49.2181], [50.7829, 61.2717, 81.269, 45.2127, 0.0, 27.2252, 99.7313, 18.0743, 66.7823, 67.0908, 71.4808, 58.3832, 63.2806, 74.6348, 113.8391, 110.1438, 30.7883, 21.5492, 68.9007, 80.8627, 70.138, 101.5801, 52.1958, 104.572, 82.3709, 53.5744, 113.7052, 97.9306, 69.7833, 86.3539, 81.4909, 95.519, 10.9812, 19.1035, 74.01, 40.0931, 66.5237, 45.0284, 79.5601, 59.9898, 50.597, 87.9307, 52.0614, 84.9804, 62.7101, 34.0354, 13.7491, 85.8696, 93.1515, 55.6625, 87.4562, 63.0219, 30.4733, 50.3876, 27.9005, 108.9427, 69.8039, 93.8215, 50.1413, 58.7298], [27.8097, 57.9732, 54.5159, 44.0469, 27.2252, 0.0, 80.3594, 14.8285, 49.9367, 41.7589, 49.4776, 39.3727, 58.8962, 56.1549, 93.418, 90.5152, 46.8796, 44.579, 44.299, 53.6696, 44.6614, 86.9345, 59.3848, 81.8827, 77.2229, 56.0746, 90.5132, 72.4507, 53.5887, 64.1622, 55.8609, 81.0383, 17.4714, 8.1514, 57.1378, 34.0863, 42.6631, 19.3503, 72.578, 34.1708, 55.7707, 69.9473, 24.9167, 76.4565, 35.6272, 25.6706, 14.6891, 60.3728, 87.1015, 29.1692, 75.8386, 55.0916, 37.0773, 23.6185, 42.3755, 85.9453, 53.8716, 68.1752, 39.8184, 33.2432], [87.9368, 57.0601, 50.2786, 65.3224, 99.7313, 80.3594, 0.0, 94.8718, 33.2326, 45.2734, 31.7146, 41.6401, 54.3639, 25.0977, 14.6866, 10.4151, 93.1433, 103.1065, 41.098, 65.8174, 82.8552, 20.9109, 79.4806, 17.8736, 51.1307, 69.7775, 24.8173, 36.4514, 30.8316, 19.853, 39.8436, 20.5209, 89.3128, 85.2749, 26.4189, 62.9139, 89.4851, 79.7147, 45.6262, 52.0083, 75.1527, 12.6345, 70.1835, 40.9252, 69.0526, 66.3485, 92.7917, 37.6115, 50.3127, 57.9608, 30.9801, 47.4758, 79.2584, 62.7134, 89.8917, 21.2492, 31.0361, 37.7806, 52.2848, 51.5756], [32.9523, 66.9994, 68.2316, 51.6365, 18.0743, 14.8285, 94.8718, 0.0, 63.684, 56.3978, 64.2366, 53.5226, 68.4025, 70.371, 108.1077, 105.0946, 45.8661, 39.1539, 59.064, 65.4982, 52.804, 100.42, 63.5864, 96.7111, 87.373, 62.4487, 105.3309, 86.9089, 67.2063, 78.9653, 70.329, 94.4405, 14.2315, 10.3702, 70.9781, 43.2731, 48.6901, 28.4036, 83.3778, 48.7137, 60.8563, 84.1505, 36.9728, 87.8825, 47.151, 35.2025, 5.6286, 74.8693, 97.7219, 43.4176, 88.3271, 65.9326, 40.4549, 37.7279, 42.0277, 100.7707, 67.4195, 82.584, 51.1207, 47.8989], [64.4312, 31.6927, 44.459, 34.2646, 66.7823, 49.9367, 33.2326, 63.684, 0.0, 29.1533, 16.1435, 11.1546, 29.8611, 8.6163, 47.7266, 43.6202, 60.9982, 70.1354, 25.8697, 56.9995, 66.6122, 37.0391, 51.4069, 42.073, 38.8125, 41.9739, 51.5649, 46.112, 3.8264, 25.2913, 35.9624, 31.2235, 56.6224, 53.6103, 7.3271, 29.9898, 71.0176, 54.5786, 32.3422, 31.4653, 46.591, 21.1517, 47.4036, 32.8215, 51.0386, 33.1371, 60.9109, 37.7329, 45.2383, 35.7046, 28.2538, 21.5758, 46.6448, 38.3103, 57.412, 46.7383, 4.3323, 43.9502, 19.6781, 29.9514], [42.82, 57.9038, 17.5225, 53.9514, 67.0908, 41.7589, 45.2734, 56.3978, 29.1533, 0.0, 15.4967, 21.8401, 56.7673, 28.3604, 55.6691, 54.1136, 74.2729, 78.6754, 4.2529, 27.9359, 39.0908, 59.3169, 73.1732, 41.6495, 67.9445, 65.0155, 49.561, 30.8651, 32.23, 25.8871, 14.4175, 54.6788, 56.1541, 48.8865, 32.607, 44.8143, 44.8537, 35.3879, 61.4932, 7.8102, 68.2759, 39.1003, 25.2534, 61.7102, 24.1946, 41.8963, 56.2366, 18.784, 74.1696, 13.7401, 55.7838, 48.89, 59.7943, 19.3176, 69.7969, 45.2627, 32.9453, 26.7313, 39.2755, 8.5162], [56.7079, 47.5426, 28.6104, 47.6045, 71.4808, 49.4776, 31.7146, 64.2366, 16.1435, 15.4967, 0.0, 14.7897, 45.8653, 13.0624, 44.0123, 41.4528, 72.0313, 79.0741, 11.4012, 42.0944, 54.5807, 43.9585, 65.9684, 33.0918, 54.2995, 56.8959, 42.2709, 31.2658, 18.305, 14.9064, 19.8192, 39.2053, 60.6136, 55.2047, 17.6771, 40.709, 60.1718, 48.1042, 47.7383, 20.8403, 61.0574, 23.899, 38.9156, 47.1878, 39.5291, 40.8086, 62.7977, 21.7871, 59.6084, 26.5623, 40.607, 37.6072, 57.266, 31.056, 67.9503, 37.4797, 19.052, 28.5395, 32.2087, 20.121], [53.3951, 36.0652, 38.9132, 33.4149, 58.3832, 39.3727, 41.6401, 53.5226, 11.1546, 21.8401, 14.7897, 0.0, 34.981, 16.849, 55.497, 52.0011, 57.2416, 64.5265, 19.7745, 49.471, 56.7526, 47.9741, 52.2747, 46.8996, 47.5805, 43.6525, 56.3007, 45.7727, 14.9801, 28.7507, 32.4102, 42.2506, 47.7853, 43.7171, 17.9587, 25.9467, 60.6355, 43.4613, 41.4014, 21.9866, 47.3445, 30.6304, 36.619, 42.8826, 41.1746, 26.3082, 51.1925, 35.3646, 55.0958, 25.3783, 39.2091, 27.2622, 42.4769, 27.4247, 53.1708, 51.448, 15.4467, 42.7169, 18.12, 20.2315], [81.9456, 2.858, 73.4291, 18.1351, 63.2806, 58.8962, 54.3639, 68.4025, 29.8611, 56.7673, 45.8653, 34.981, 0.0, 36.512, 68.5077, 63.3091, 44.0656, 57.035, 54.3006, 84.4389, 89.8748, 45.4325, 25.4382, 68.3042, 19.167, 15.997, 77.3601, 75.7266, 28.8031, 53.9037, 65.6182, 40.0653, 56.3363, 58.356, 31.9337, 25.1784, 92.4127, 71.4777, 16.6577, 56.4808, 21.6024, 42.3065, 67.8373, 22.804, 74.6444, 33.4981, 63.7238, 67.5776, 29.881, 58.6582, 28.6713, 8.2874, 33.9681, 58.8318, 42.3734, 72.8242, 28.1348, 73.7562, 20.4235, 54.594], [67.6901, 38.6609, 41.2087, 42.7161, 74.6348, 56.1549, 25.0977, 70.371, 8.6163, 28.3604, 13.0624, 16.849, 36.512, 0.0, 39.3875, 35.512, 69.6114, 78.679, 24.3946, 55.108, 67.2819, 32.278, 59.3498, 33.5458, 42.1053, 49.7759, 43.019, 39.3673, 7.8205, 17.4421, 31.6144, 27.0136, 64.2508, 60.5442, 5.0439, 38.5776, 72.512, 58.3741, 35.5323, 32.6741, 54.6079, 13.794, 50.1001, 34.394, 51.9927, 41.3583, 67.9924, 32.4762, 46.7444, 37.8457, 27.5446, 28.3403, 55.256, 41.4777, 66.0264, 38.21, 8.4282, 37.754, 28.292, 31.5532], [98.3961, 71.2574, 56.6875, 79.9845, 113.8391, 93.418, 14.6866, 108.1077, 47.7266, 55.6691, 44.0123, 55.497, 68.5077, 39.3875, 0.0, 5.4761, 107.829, 117.7397, 51.7591, 71.9186, 90.8357, 29.0597, 93.7942, 16.9677, 63.3227, 84.1228, 17.5696, 38.3671, 45.467, 29.9439, 47.0898, 31.3399, 103.2823, 98.7771, 41.0548, 77.5401, 98.0641, 90.9444, 58.3867, 63.0237, 89.5558, 27.3155, 80.9225, 53.0083, 78.2649, 80.745, 106.3446, 43.7397, 60.7257, 69.0882, 43.164, 61.9005, 93.9314, 74.2463, 104.5744, 16.9295, 45.6922, 41.1692, 66.9379, 62.9162], [96.9329, 66.078, 56.8266, 75.2158, 110.1438, 90.5152, 10.4151, 105.0946, 43.6202, 54.1136, 41.4528, 52.0011, 63.3091, 35.512, 5.4761, 0.0, 103.167, 113.3571, 50.0575, 72.2662, 90.4813, 23.7228, 88.6533, 18.6936, 57.8485, 79.0064, 21.6013, 39.9463, 41.1257, 28.2312, 46.8131, 25.8648, 99.711, 95.5728, 36.7206, 73.189, 97.4675, 89.0836, 52.9392, 61.2046, 84.4713, 22.7607, 79.29, 47.5347, 77.3395, 76.7484, 103.1058, 43.8611, 55.312, 67.2332, 37.6991, 56.8596, 89.4286, 72.1974, 100.009, 19.9175, 41.296, 42.2718, 62.5239, 60.9348], [74.5734, 41.3582, 91.2655, 28.1158, 30.7883, 46.8796, 93.1433, 45.8661, 60.9982, 74.2729, 72.0313, 57.2416, 44.0656, 69.6114, 107.829, 103.167, 0.0, 14.1834, 74.3254, 95.8322, 90.9866, 88.6262, 24.2804, 102.9465, 61.1457, 29.588, 112.4536, 102.6822, 62.6068, 85.3769, 87.8551, 82.8815, 31.9985, 40.4401, 66.9697, 31.4331, 89.5276, 66.0728, 60.4318, 69.254, 24.7352, 80.5148, 69.2229, 66.8007, 79.5709, 32.3794, 40.2863, 91.5255, 71.8103, 67.295, 72.3164, 47.641, 14.774, 63.6608, 4.6747, 107.6017, 62.2958, 99.2858, 41.32, 67.4484], [70.8661, 54.4504, 94.7575, 39.8674, 21.5492, 44.579, 103.1065, 39.1539, 70.1354, 78.6754, 79.0741, 64.5265, 57.035, 78.679, 117.7397, 113.3571, 14.1834, 0.0, 79.4654, 97.0874, 89.1558, 100.5112, 38.4626, 111.2788, 74.7784, 43.372, 120.739, 108.5478, 72.2773, 93.249, 92.8578, 94.6215, 27.3753, 36.8627, 76.6904, 40.2, 86.4449, 63.7655, 73.6214, 72.6391, 38.7651, 90.5967, 68.9667, 79.8362, 79.6695, 38.2665, 34.0901, 96.878, 85.5307, 69.579, 84.6406, 59.6148, 24.1819, 65.0935, 14.6771, 115.8759, 72.0741, 104.8198, 50.8334, 71.0214], [46.8983, 55.5992, 19.1772, 52.7499, 68.9007, 44.299, 41.098, 59.064, 25.8697, 4.2529, 11.4012, 19.7745, 54.3006, 24.3946, 51.7591, 50.0575, 74.3254, 79.4654, 0.0, 31.1747, 43.2688, 55.0959, 71.8391, 38.1834, 64.6645, 63.3865, 46.4008, 29.2263, 28.7327, 21.871, 13.5314, 50.5059, 57.9238, 51.1057, 28.7978, 44.1385, 49.1004, 39.1896, 58.1646, 11.2898, 66.9171, 34.8629, 29.2346, 58.1101, 28.4434, 42.0102, 58.567, 17.4126, 70.5664, 17.357, 51.9044, 46.2699, 59.6888, 22.7105, 69.9368, 41.9723, 29.4628, 25.3663, 37.718, 11.4414], [37.8525, 85.4093, 15.5417, 79.6631, 80.8627, 53.6696, 65.8174, 65.4982, 56.9995, 27.9359, 42.0944, 49.471, 84.4389, 55.108, 71.9186, 72.2662, 95.8322, 97.0874, 31.1747, 0.0, 21.2727, 83.4685, 98.8842, 55.1837, 95.8118, 91.4405, 59.59, 35.1413, 59.9061, 46.4477, 26.028, 79.6744, 70.9459, 61.8205, 59.7639, 69.5663, 29.4869, 37.3945, 89.3271, 28.5333, 94.1031, 63.3908, 28.8148, 89.2215, 18.3472, 64.6302, 67.6837, 28.4207, 101.6652, 28.7487, 82.6043, 76.6995, 82.3622, 32.2275, 91.1704, 56.8915, 60.637, 31.3513, 65.9624, 30.5004], [20.5543, 90.1878, 34.5371, 80.8898, 70.138, 44.6614, 82.8552, 52.804, 66.6122, 39.0908, 54.5807, 56.7526, 89.8748, 67.2819, 90.8357, 90.4813, 90.9866, 89.1558, 43.2688, 21.2727, 0.0, 98.3327, 99.2298, 74.5957, 104.2874, 93.3497, 79.9214, 55.7332, 70.1228, 63.0042, 43.7553, 93.7681, 61.8181, 52.3073, 71.2155, 70.1091, 8.2472, 25.3917, 98.1531, 35.1485, 94.8275, 78.0571, 22.8184, 99.3812, 15.5946, 63.2774, 56.392, 47.221, 111.7263, 31.4767, 94.3757, 83.0886, 79.3563, 31.192, 86.3672, 76.8271, 70.7799, 51.6589, 69.7428, 36.6915], [99.9581, 48.2888, 68.1965, 60.7322, 101.5801, 86.9345, 20.9109, 100.42, 37.0391, 59.3169, 43.9585, 47.9741, 45.4325, 32.278, 29.0597, 23.7228, 88.6262, 100.5112, 55.0959, 83.4685, 98.3327, 0.0, 70.5765, 38.6399, 35.6442, 61.3963, 44.4116, 56.9496, 33.3472, 37.296, 57.6338, 6.0622, 92.1579, 90.1982, 30.0201, 61.8925, 104.1228, 90.6303, 31.8233, 64.6115, 67.0105, 20.2964, 82.3205, 25.6166, 83.4689, 67.6032, 97.2898, 56.3124, 31.7646, 70.0094, 16.8971, 41.009, 76.3838, 73.7557, 86.2251, 41.5569, 33.0679, 57.8038, 51.4763, 63.6409], [86.444, 22.6183, 90.673, 19.273, 52.1958, 59.3848, 79.4806, 63.5864, 51.4069, 73.1732, 65.9684, 52.2747, 25.4382, 59.3498, 93.7942, 88.6533, 24.2804, 38.4626, 71.8391, 98.8842, 99.2298, 70.5765, 0.0, 92.4344, 38.9295, 9.7221, 101.7173, 97.1171, 51.5666, 76.6426, 84.6808, 65.384, 49.4865, 55.4198, 55.4001, 29.4712, 99.722, 76.5638, 39.7315, 70.4373, 4.9305, 67.1604, 76.4199, 46.334, 85.443, 35.9862, 58.0633, 87.4795, 49.102, 70.5682, 53.6911, 32.0557, 23.1395, 68.7064, 25.061, 97.045, 51.0242, 94.5063, 34.1614, 68.472], [83.6044, 70.784, 40.1691, 76.2601, 104.572, 81.8827, 17.8736, 96.7111, 42.073, 41.6495, 33.0918, 46.8996, 68.3042, 33.5458, 16.9677, 18.6936, 102.9465, 111.2788, 38.1834, 55.1837, 74.5957, 38.6399, 92.4344, 0.0, 67.881, 82.7516, 9.5072, 21.444, 41.0845, 18.2451, 31.1335, 38.3261, 93.7023, 88.0565, 37.0623, 71.6374, 82.0538, 76.9478, 61.9847, 49.3677, 87.8029, 26.604, 66.5891, 57.9032, 62.7849, 73.1799, 95.6385, 27.3802, 67.9243, 55.3801, 48.0957, 60.6248, 88.4143, 60.8672, 99.2092, 4.6654, 41.5583, 24.2168, 61.6844, 49.6235], [98.6596, 21.1088, 82.9099, 37.1597, 82.3709, 77.2229, 51.1307, 87.373, 38.8125, 67.9445, 54.2995, 47.5805, 19.167, 42.1053, 63.3227, 57.8485, 61.1457, 74.7784, 64.6645, 95.8118, 104.2874, 35.6442, 38.9295, 67.881, 0.0, 31.5703, 75.8584, 80.2654, 36.0389, 57.6033, 73.6704, 32.0406, 75.4915, 77.2267, 37.075, 44.1017, 107.7673, 88.2335, 6.5771, 69.5101, 36.7353, 41.5636, 83.2976, 10.3154, 88.7332, 52.2611, 82.7938, 74.5414, 10.846, 72.8269, 20.2364, 22.3344, 52.6487, 74.0635, 60.148, 71.9203, 35.2957, 79.2989, 37.5909, 67.7977], [82.0912, 13.1416, 82.4154, 12.522, 53.5744, 56.0746, 69.7775, 62.4487, 41.9739, 65.0155, 56.8959, 43.6525, 15.997, 49.7759, 84.1228, 79.0064, 29.588, 43.372, 63.3865, 91.4405, 93.3497, 61.3963, 9.7221, 82.7516, 31.5703, 0.0, 92.0171, 87.8968, 41.972, 67.1285, 75.941, 56.0618, 48.8967, 53.3482, 45.7432, 23.3364, 94.5198, 71.8929, 31.3188, 62.9072, 5.6144, 57.4406, 70.5793, 37.8528, 78.9967, 31.0415, 57.1701, 78.5567, 42.2243, 63.6258, 44.5759, 22.3351, 23.1126, 62.3538, 28.8757, 87.3554, 41.413, 85.4166, 25.7403, 60.9403], [90.5256, 79.8922, 45.4414, 85.7219, 113.7052, 90.5132, 24.8173, 105.3309, 51.5649, 49.561, 42.2709, 56.3007, 77.3601, 43.019, 17.5696, 21.6013, 112.4536, 120.739, 46.4008, 59.59, 79.9214, 44.4116, 101.7173, 9.5072, 75.8584, 92.0171, 0.0, 24.4784, 50.5028, 27.5661, 37.641, 45.1361, 102.7985, 96.9045, 46.4209, 81.1411, 87.6827, 84.4815, 70.1888, 57.3624, 97.1219, 35.252, 73.9814, 65.7038, 69.2368, 82.6009, 104.4665, 33.407, 75.0293, 63.2723, 55.7752, 69.8078, 97.9189, 68.8783, 108.7139, 4.865, 50.9593, 28.3017, 71.1876, 57.7996], [67.8963, 77.7223, 21.6423, 78.8702, 97.9306, 72.4507, 36.4514, 86.9089, 46.112, 30.8651, 31.2658, 45.7727, 75.7266, 39.3673, 38.3671, 39.9463, 102.6822, 108.5478, 29.2263, 35.1413, 55.7332, 56.9496, 97.1171, 21.444, 80.2654, 87.8968, 24.4784, 0.0, 46.9383, 22.6636, 16.5907, 55.0548, 86.9771, 79.7258, 44.2416, 71.6592, 63.6465, 63.1133, 73.83, 38.2834, 92.2236, 39.8469, 52.531, 71.2443, 46.2236, 70.6906, 87.0237, 12.093, 82.7078, 43.5174, 62.2864, 67.4699, 87.9228, 49.237, 98.4356, 22.1683, 47.6224, 4.4452, 63.4739, 39.3252], [68.237, 30.8892, 46.8984, 35.2791, 69.7833, 53.5887, 30.8316, 67.2063, 3.8264, 32.23, 18.305, 14.9801, 28.8031, 7.8205, 45.467, 41.1257, 62.6068, 72.2773, 28.7327, 59.9061, 70.1228, 33.3472, 51.5666, 41.0845, 36.0389, 41.972, 50.5028, 46.9383, 0.0, 25.2536, 37.9489, 27.4853, 59.78, 57.0721, 4.4132, 32.0824, 74.6606, 58.401, 29.4973, 34.9829, 46.8475, 18.4114, 51.1588, 29.4994, 54.5742, 35.9179, 64.3095, 39.336, 41.9535, 39.3782, 24.5136, 20.5816, 48.5019, 42.0922, 59.1977, 45.7363, 0.7471, 45.0988, 21.4768, 33.5262], [68.7068, 56.0922, 31.0129, 59.4344, 86.3539, 64.1622, 19.853, 78.9653, 25.2913, 25.8871, 14.9064, 28.7507, 53.9037, 17.4421, 29.9439, 28.2312, 85.3769, 93.249, 21.871, 46.4477, 63.0042, 37.296, 76.6426, 18.2451, 57.6033, 67.1285, 27.5661, 22.6636, 25.2536, 0.0, 20.4439, 34.1624, 75.5053, 70.0678, 22.0104, 53.9555, 69.6574, 61.0221, 51.1673, 33.0997, 71.8533, 18.0263, 51.0987, 48.677, 49.2967, 55.0586, 77.6597, 19.0723, 60.348, 39.1585, 39.9772, 45.7691, 70.7214, 44.3058, 81.5021, 22.7263, 25.8702, 21.9619, 44.405, 32.9729], [52.8847, 67.2099, 10.573, 65.7792, 81.4909, 55.8609, 39.8436, 70.329, 35.9624, 14.4175, 19.8192, 32.4102, 65.6182, 31.6144, 47.0898, 46.8131, 87.8551, 92.8578, 13.5314, 26.028, 43.7553, 57.6338, 84.6808, 31.1335, 73.6704, 75.941, 37.641, 16.5907, 37.9489, 20.4439, 0.0, 54.1331, 70.5632, 63.1698, 36.614, 57.52, 51.0104, 47.1747, 67.0933, 21.6977, 79.7503, 37.8051, 36.5956, 65.9153, 31.711, 55.5396, 70.4437, 4.5643, 78.1537, 26.9699, 58.3016, 57.3837, 73.2079, 32.6971, 83.468, 33.9026, 38.6934, 12.3471, 50.5302, 22.7887], [94.6543, 42.9221, 64.6235, 54.9062, 95.519, 81.0383, 20.5209, 94.4405, 31.2235, 54.6788, 39.2053, 42.2506, 40.0653, 27.0136, 31.3399, 25.8648, 82.8815, 94.6215, 50.5059, 79.6744, 93.7681, 6.0622, 65.384, 38.3261, 32.0406, 56.0618, 45.1361, 55.0548, 27.4853, 34.1624, 54.1331, 0.0, 86.1009, 84.2013, 24.3527, 55.8576, 99.3251, 85.1867, 27.4877, 59.6092, 61.6672, 16.3291, 77.1081, 21.7487, 78.7115, 61.5411, 91.2688, 53.2186, 29.9015, 64.858, 12.1592, 35.2405, 70.4708, 68.411, 80.3954, 41.7593, 27.1724, 55.4651, 45.4211, 58.5467], [43.614, 54.6468, 70.5984, 38.8139, 10.9812, 17.4714, 89.3128, 14.2315, 56.6224, 56.1541, 60.6136, 47.7853, 56.3363, 64.2508, 103.2823, 99.711, 31.9985, 27.3753, 57.9238, 70.9459, 61.8181, 92.1579, 49.4865, 93.7023, 75.4915, 48.8967, 102.7985, 86.9771, 59.78, 75.5053, 70.5632, 86.1009, 0.0, 9.5141, 63.9131, 31.817, 59.1102, 36.4288, 72.0595, 49.1283, 46.944, 77.7143, 42.3136, 77.076, 53.0447, 24.7029, 8.6226, 74.9252, 86.0971, 44.973, 78.703, 54.9642, 26.4133, 39.8385, 27.9712, 98.0488, 59.8535, 82.8848, 41.1016, 47.8274], [34.3612, 57.0647, 62.3505, 42.0342, 19.1035, 8.1514, 85.2749, 10.3702, 53.6103, 48.8865, 55.2047, 43.7171, 58.356, 60.5442, 98.7771, 95.5728, 40.4401, 36.8627, 51.1057, 61.8205, 52.3073, 90.1982, 55.4198, 88.0565, 77.2267, 53.3482, 96.9045, 79.7258, 57.0721, 70.0678, 63.1698, 84.2013, 9.5141, 0.0, 60.9265, 33.1793, 49.7282, 26.9164, 73.1142, 41.4986, 52.272, 74.281, 33.0632, 77.548, 43.7648, 24.9758, 7.593, 67.6328, 87.5005, 36.8287, 77.9641, 55.641, 32.4297, 31.4206, 36.1254, 92.2501, 57.2605, 75.5149, 40.7646, 40.4013], [70.522, 34.1976, 46.0943, 39.5201, 74.01, 57.1378, 26.4189, 70.9781, 7.3271, 32.607, 17.6771, 17.9587, 31.9337, 5.0439, 41.0548, 36.7206, 66.9697, 76.6904, 28.7978, 59.7639, 71.2155, 30.0201, 55.4001, 37.0623, 37.075, 45.7432, 46.4209, 44.2416, 4.4132, 22.0104, 36.614, 24.3527, 63.9131, 60.9265, 0.0, 36.4953, 76.1437, 60.9089, 30.5, 36.2677, 50.7447, 14.0334, 53.1583, 29.5321, 55.7848, 40.2248, 68.2364, 37.52, 41.9364, 41.0946, 23.2005, 23.889, 52.9033, 44.2749, 63.5888, 41.6943, 4.6741, 42.7348, 25.8857, 34.9803], [58.9819, 23.9881, 62.2929, 10.8172, 40.0931, 34.0863, 62.9139, 43.2731, 29.9898, 44.8143, 40.709, 25.9467, 25.1784, 38.5776, 77.5401, 73.189, 31.4331, 40.2, 44.1385, 69.5663, 70.1091, 61.8925, 29.4712, 71.6374, 44.1017, 23.3364, 81.1411, 71.6592, 32.0824, 53.9555, 57.52, 55.8576, 31.817, 33.1793, 36.4953, 0.0, 71.1844, 48.6881, 40.3106, 41.2832, 24.8511, 50.4367, 47.3062, 45.2611, 56.0289, 8.4257, 38.7407, 60.8865, 54.5161, 41.1141, 47.3689, 23.1524, 16.7808, 39.3042, 27.5747, 76.2808, 31.8933, 68.4616, 10.7204, 39.3335], [15.7467, 92.4792, 42.2413, 81.998, 66.5237, 42.6631, 89.4851, 48.6901, 71.0176, 44.8537, 60.1718, 60.6355, 92.4127, 72.512, 98.0641, 97.4675, 89.5276, 86.4449, 49.1004, 29.4869, 8.2472, 104.1228, 99.722, 82.0538, 107.7673, 94.5198, 87.6827, 63.6465, 74.6606, 69.6574, 51.0104, 99.3251, 59.1102, 49.7282, 76.1437, 71.1844, 0.0, 23.5446, 101.8202, 39.8849, 95.523, 83.9481, 24.589, 103.5131, 20.6614, 63.8009, 52.8439, 54.6909, 115.7178, 35.3286, 99.1233, 86.0736, 78.8337, 33.7389, 84.9939, 84.455, 75.281, 59.5004, 72.0407, 41.185], [10.4698, 71.1783, 42.5072, 59.4115, 45.0284, 19.3503, 79.7147, 28.4036, 54.5786, 35.3879, 48.1042, 43.4613, 71.4777, 58.3741, 90.9444, 89.0836, 66.0728, 63.7655, 39.1896, 37.3945, 25.3917, 90.6303, 76.5638, 76.9478, 88.2335, 71.8929, 84.4815, 63.1133, 58.401, 61.0221, 47.1747, 85.1867, 36.4288, 26.9164, 60.9089, 48.6881, 23.5446, 0.0, 82.7458, 27.923, 72.5107, 71.472, 10.5926, 85.407, 19.1794, 40.8938, 31.3529, 51.6712, 97.1093, 21.8653, 82.6217, 65.9927, 55.3251, 17.0638, 61.5118, 80.3811, 58.8955, 58.6688, 51.1241, 28.1598], [93.1258, 19.1714, 76.3477, 34.6718, 79.5601, 72.578, 45.6262, 83.3778, 32.3422, 61.4932, 47.7383, 41.4014, 16.6577, 35.5323, 58.3867, 52.9392, 60.4318, 73.6214, 58.1646, 89.3271, 98.1531, 31.8233, 39.7315, 61.9847, 6.5771, 31.3188, 70.1888, 73.83, 29.4973, 51.1673, 67.0933, 27.4877, 72.0595, 73.1142, 30.5, 40.3106, 101.8202, 82.7458, 0.0, 63.2516, 36.8109, 35.494, 77.4391, 6.6039, 82.5756, 48.1764, 79.017, 67.9779, 14.5361, 66.7349, 15.3392, 17.516, 50.6058, 68.1866, 58.9466, 66.125, 28.7559, 72.797, 32.7608, 61.5708], [35.9638, 57.2495, 22.1536, 51.1848, 59.9898, 34.1708, 52.0083, 48.7137, 31.4653, 7.8102, 20.8403, 21.9866, 56.4808, 32.6741, 63.0237, 61.2046, 69.254, 72.6391, 11.2898, 28.5333, 35.1485, 64.6115, 70.4373, 49.3677, 69.5101, 62.9072, 57.3624, 38.2834, 34.9829, 33.0997, 21.6977, 59.6092, 49.1283, 41.4986, 36.2677, 41.2832, 39.8849, 27.923, 63.2516, 0.0, 65.6277, 44.7141, 18.1815, 64.2562, 19.5919, 37.1387, 48.7469, 26.2021, 76.6307, 6.0683, 59.3262, 49.0709, 55.1217, 11.5203, 64.6791, 53.04, 35.6353, 34.0307, 37.4854, 1.9684], [82.5105, 18.7452, 85.7692, 14.4431, 50.597, 55.7707, 75.1527, 60.8563, 46.591, 68.2759, 61.0574, 47.3445, 21.6024, 54.6079, 89.5558, 84.4713, 24.7352, 38.7651, 66.9171, 94.1031, 94.8275, 67.0105, 4.9305, 87.8029, 36.7353, 5.6144, 97.1219, 92.2236, 46.8475, 71.8533, 79.7503, 61.6672, 46.944, 52.272, 50.7447, 24.8511, 95.523, 72.5107, 36.8109, 65.6277, 0.0, 62.7487, 72.0091, 43.3704, 80.8784, 31.7221, 55.4219, 82.5532, 47.2471, 65.8742, 50.1893, 27.677, 20.5772, 64.1497, 24.5834, 92.4258, 46.3205, 89.5932, 29.2322, 63.6609], [80.433, 44.9252, 48.2962, 52.6922, 87.9307, 69.9473, 12.6345, 84.1505, 21.1517, 39.1003, 23.899, 30.6304, 42.3065, 13.794, 27.3155, 22.7607, 80.5148, 90.5967, 34.8629, 63.3908, 78.0571, 20.2964, 67.1604, 26.604, 41.5636, 57.4406, 35.252, 39.8469, 18.4114, 18.0263, 37.8051, 16.3291, 77.7143, 74.281, 14.0334, 50.4367, 83.9481, 71.472, 35.494, 44.7141, 62.7487, 0.0, 62.6772, 31.8949, 63.2867, 54.2377, 81.6983, 36.9913, 42.9278, 50.3136, 22.5282, 35.1055, 66.6813, 54.4374, 77.2886, 30.9122, 18.5513, 39.7628, 39.7639, 43.8857], [17.7958, 67.9492, 32.1123, 58.0995, 52.0614, 24.9167, 70.1835, 36.9728, 47.4036, 25.2534, 38.9156, 36.619, 67.8373, 50.1001, 80.9225, 79.29, 69.2229, 68.9667, 29.2346, 28.8148, 22.8184, 82.3205, 76.4199, 66.5891, 83.2976, 70.5793, 73.9814, 52.531, 51.1588, 51.0987, 36.5956, 77.1081, 42.3136, 33.0632, 53.1583, 47.3062, 24.589, 10.5926, 77.4391, 18.1815, 72.0091, 62.6772, 0.0, 79.4183, 10.7354, 40.4931, 38.8891, 41.084, 91.4911, 12.3654, 75.6573, 61.5016, 56.9339, 9.257, 64.5583, 69.9355, 51.7273, 48.0873, 47.4915, 18.8034], [95.6697, 25.4493, 75.6001, 40.512, 84.9804, 76.4565, 40.9252, 87.8825, 32.8215, 61.7102, 47.1878, 42.8826, 22.804, 34.394, 53.0083, 47.5347, 66.8007, 79.8362, 58.1101, 89.2215, 99.3812, 25.6166, 46.334, 57.9032, 10.3154, 37.8528, 65.7038, 71.2443, 29.4994, 48.677, 65.9153, 21.7487, 77.076, 77.548, 29.5321, 45.2611, 103.5131, 85.407, 6.6039, 64.2562, 43.3704, 31.8949, 79.4183, 0.0, 83.7914, 52.7933, 83.7302, 66.3638, 12.46, 68.2133, 9.9575, 22.1127, 56.5416, 70.175, 65.1772, 61.852, 28.7977, 70.5836, 36.8215, 62.6904], [21.7219, 75.082, 24.7264, 66.6735, 62.7101, 35.6272, 69.0526, 47.151, 51.0386, 24.1946, 39.5291, 41.1746, 74.6444, 51.9927, 78.2649, 77.3395, 79.5709, 79.6695, 28.4434, 18.3472, 15.5946, 83.4689, 85.443, 62.7849, 88.7332, 78.9967, 69.2368, 46.2236, 54.5742, 49.2967, 31.711, 78.7115, 53.0447, 43.7648, 55.7848, 56.0289, 20.6614, 19.1794, 82.5756, 19.5919, 80.8784, 63.2867, 10.7354, 83.7914, 0.0, 49.8575, 49.4077, 35.8306, 96.1321, 16.0158, 78.8973, 67.6868, 66.8792, 16.7369, 74.8978, 65.607, 55.2246, 41.8343, 54.7231, 21.1013], [51.0516, 32.395, 58.9821, 18.6519, 34.0354, 25.6706, 66.3485, 35.2025, 33.1371, 41.8963, 40.8086, 26.3082, 33.4981, 41.3583, 80.745, 76.7484, 32.3794, 38.2665, 42.0102, 64.6302, 63.2774, 67.6032, 35.9862, 73.1799, 52.2611, 31.0415, 82.6009, 70.6906, 35.9179, 55.0586, 55.5396, 61.5411, 24.7029, 24.9758, 40.2248, 8.4257, 63.8009, 40.8938, 48.1764, 37.1387, 31.7221, 54.2377, 40.4931, 52.7933, 49.8575, 0.0, 30.9375, 59.3069, 62.5308, 35.8833, 54.0125, 30.7576, 17.9907, 33.1943, 27.9371, 77.7447, 35.8915, 67.1457, 16.4038, 35.2773], [37.1221, 62.2062, 69.1875, 46.632, 13.7491, 14.6891, 92.7917, 5.6286, 60.9109, 56.2366, 62.7977, 51.1925, 63.7238, 67.9924, 106.3446, 103.1058, 40.2863, 34.0901, 58.567, 67.6837, 56.392, 97.2898, 58.0633, 95.6385, 82.7938, 57.1701, 104.4665, 87.0237, 64.3095, 77.6597, 70.4437, 91.2688, 8.6226, 7.593, 68.2364, 38.7407, 52.8439, 31.3529, 79.017, 48.7469, 55.4219, 81.6983, 38.8891, 83.7302, 49.4077, 30.9375, 0.0, 74.9342, 93.2563, 43.8507, 84.6401, 61.673, 34.9526, 38.3067, 36.4118, 99.8212, 64.4699, 82.7764, 47.1607, 47.729], [57.184, 69.3102, 12.9772, 68.7727, 85.8696, 60.3728, 37.6115, 74.8693, 37.7329, 18.784, 21.7871, 35.3646, 67.5776, 32.4762, 43.7397, 43.8611, 91.5255, 96.878, 17.4126, 28.4207, 47.221, 56.3124, 87.4795, 27.3802, 74.5414, 78.5567, 33.407, 12.093, 39.336, 19.0723, 4.5643, 53.2186, 74.9252, 67.6328, 37.52, 60.8865, 54.6909, 51.6712, 67.9779, 26.2021, 82.5532, 36.9913, 41.084, 66.3638, 35.8306, 59.3069, 74.9342, 0.0, 78.4299, 31.5285, 58.2998, 59.2992, 76.8217, 37.2564, 87.1899, 29.8512, 40.0689, 7.985, 53.4235, 27.2325], [107.4521, 31.9251, 87.9466, 47.9547, 93.1515, 87.1015, 50.3127, 97.7219, 45.2383, 74.1696, 59.6084, 55.0958, 29.881, 46.7444, 60.7257, 55.312, 71.8103, 85.5307, 70.5664, 101.6652, 111.7263, 31.7646, 49.102, 67.9243, 10.846, 42.2243, 75.0293, 82.7078, 41.9535, 60.348, 78.1537, 29.9015, 86.0971, 87.5005, 41.9364, 54.5161, 115.7178, 97.1093, 14.5361, 76.6307, 47.2471, 42.9278, 91.4911, 12.46, 96.1321, 62.5308, 93.2563, 78.4299, 0.0, 80.468, 20.4217, 32.0153, 63.4938, 82.2353, 70.9241, 71.5532, 41.2487, 82.3096, 47.2892, 75.0384], [30.1477, 59.1516, 25.6255, 51.5029, 55.6625, 29.1692, 57.9608, 43.4176, 35.7046, 13.7401, 26.5623, 25.3783, 58.6582, 37.8457, 69.0882, 67.2332, 67.295, 69.579, 17.357, 28.7487, 31.4767, 70.0094, 70.5682, 55.3801, 72.8269, 63.6258, 63.2723, 43.5174, 39.3782, 39.1585, 26.9699, 64.858, 44.973, 36.8287, 41.0946, 41.1141, 35.3286, 21.8653, 66.7349, 6.0683, 65.8742, 50.3136, 12.3654, 68.2133, 16.0158, 35.8833, 43.8507, 31.5285, 80.468, 0.0, 63.8792, 51.672, 53.6379, 5.7287, 62.6539, 58.9994, 39.9856, 39.1734, 38.8818, 6.4418], [92.6041, 31.5175, 68.3593, 44.7779, 87.4562, 75.8386, 30.9801, 88.3271, 28.2538, 55.7838, 40.607, 39.2091, 28.6713, 27.5446, 43.164, 37.6991, 72.3164, 84.6406, 51.9044, 82.6043, 94.3757, 16.8971, 53.6911, 48.0957, 20.2364, 44.5759, 55.7752, 62.2864, 24.5136, 39.9772, 58.3016, 12.1592, 78.703, 77.9641, 23.2005, 47.3689, 99.1233, 82.6217, 15.3392, 59.3262, 50.1893, 22.5282, 75.6573, 9.9575, 78.8973, 54.0125, 84.6401, 58.2998, 20.4217, 63.8792, 0.0, 25.0821, 60.7075, 66.5525, 70.1655, 51.9751, 23.9316, 61.9348, 37.6091, 57.9461], [76.4404, 10.3234, 65.3434, 19.7569, 63.0219, 55.0916, 47.4758, 65.9326, 21.5758, 48.89, 37.6072, 27.2622, 8.2874, 28.3403, 61.9005, 56.8596, 47.641, 59.6148, 46.2699, 76.6995, 83.0886, 41.009, 32.0557, 60.6248, 22.3344, 22.3351, 69.8078, 67.4699, 20.5816, 45.7691, 57.3837, 35.2405, 54.9642, 55.641, 23.889, 23.1524, 86.0736, 65.9927, 17.516, 49.0709, 27.677, 35.1055, 61.5016, 22.1127, 67.6868, 30.7576, 61.673, 59.2992, 32.0153, 51.672, 25.0821, 0.0, 35.6267, 52.3431, 45.2332, 65.1947, 19.9293, 65.4725, 15.3059, 47.2297], [64.7066, 31.6421, 76.96, 16.0547, 30.4733, 37.0773, 79.2584, 40.4549, 46.6448, 59.7943, 57.266, 42.4769, 33.9681, 55.256, 93.9314, 89.4286, 14.774, 24.1819, 59.6888, 82.3622, 79.3563, 76.3838, 23.1395, 88.4143, 52.6487, 23.1126, 97.9189, 87.9228, 48.5019, 70.7214, 73.2079, 70.4708, 26.4133, 32.4297, 52.9033, 16.7808, 78.8337, 55.3251, 50.6058, 55.1217, 20.5772, 66.6813, 56.9339, 56.5416, 66.8792, 17.9907, 34.9526, 76.8217, 63.4938, 53.6379, 60.7075, 35.6267, 0.0, 50.4916, 10.795, 93.0594, 48.2474, 84.5538, 27.0405, 53.2661], [26.253, 59.0496, 30.9317, 49.9816, 50.3876, 23.6185, 62.7134, 37.7279, 38.3103, 19.3176, 31.056, 27.4247, 58.8318, 41.4777, 74.2463, 72.1974, 63.6608, 65.0935, 22.7105, 32.2275, 31.192, 73.7557, 68.7064, 60.8672, 74.0635, 62.3538, 68.8783, 49.237, 42.0922, 44.3058, 32.6971, 68.411, 39.8385, 31.4206, 44.2749, 39.3042, 33.7389, 17.0638, 68.1866, 11.5203, 64.1497, 54.4374, 9.257, 70.175, 16.7369, 33.1943, 38.3067, 37.2564, 82.2353, 5.7287, 66.5525, 52.3431, 50.4916, 0.0, 58.992, 64.5598, 42.6414, 44.885, 38.5866, 11.3397], [70.1214, 39.7764, 86.7221, 25.4933, 27.9005, 42.3755, 89.8917, 42.0277, 57.412, 69.7969, 67.9503, 53.1708, 42.3734, 66.0264, 104.5744, 100.009, 4.6747, 14.6771, 69.9368, 91.1704, 86.3672, 86.2251, 25.061, 99.2092, 60.148, 28.8757, 108.7139, 98.4356, 59.1977, 81.5021, 83.468, 80.3954, 27.9712, 36.1254, 63.5888, 27.5747, 84.9939, 61.5118, 58.9466, 64.6791, 24.5834, 77.2886, 64.5583, 65.1772, 74.8978, 27.9371, 36.4118, 87.1899, 70.9241, 62.6539, 70.1655, 45.2332, 10.795, 58.992, 0.0, 103.8544, 58.9231, 94.9849, 37.7727, 62.8855], [86.7038, 75.3257, 42.2907, 80.9231, 108.9427, 85.9453, 21.2492, 100.7707, 46.7383, 45.2627, 37.4797, 51.448, 72.8242, 38.21, 16.9295, 19.9175, 107.6017, 115.8759, 41.9723, 56.8915, 76.8271, 41.5569, 97.045, 4.6654, 71.9203, 87.3554, 4.865, 22.1683, 45.7363, 22.7263, 33.9026, 41.7593, 98.0488, 92.2501, 41.6943, 76.2808, 84.455, 80.3811, 66.125, 53.04, 92.4258, 30.9122, 69.9355, 61.852, 65.607, 77.7447, 99.8212, 29.8512, 71.5532, 58.9994, 51.9751, 65.1947, 93.0594, 64.5598, 103.8544, 0.0, 46.205, 25.5636, 66.3463, 53.4021], [68.762, 30.2443, 47.6446, 34.8781, 69.8039, 53.8716, 31.0361, 67.4195, 4.3323, 32.9453, 19.052, 15.4467, 28.1348, 8.4282, 45.6922, 41.296, 62.2958, 72.0741, 29.4628, 60.637, 70.7799, 33.0679, 51.0242, 41.5583, 35.2957, 41.413, 50.9593, 47.6224, 0.7471, 25.8702, 38.6934, 27.1724, 59.8535, 57.2605, 4.6741, 31.8933, 75.281, 58.8955, 28.7559, 35.6353, 46.3205, 18.5513, 51.7273, 28.7977, 55.2246, 35.8915, 64.4699, 40.0689, 41.2487, 39.9856, 23.9316, 19.9293, 48.2474, 42.6414, 58.9231, 46.205, 0.0, 45.8065, 21.2488, 34.1643], [63.4882, 75.6423, 17.351, 76.0219, 93.8215, 68.1752, 37.7806, 82.584, 43.9502, 26.7313, 28.5395, 42.7169, 73.7562, 37.754, 41.1692, 42.2718, 99.2858, 104.8198, 25.3663, 31.3513, 51.6589, 57.8038, 94.5063, 24.2168, 79.2989, 85.4166, 28.3017, 4.4452, 45.0988, 21.9619, 12.3471, 55.4651, 82.8848, 75.5149, 42.7348, 68.4616, 59.5004, 58.6688, 72.797, 34.0307, 89.5932, 39.7628, 48.0873, 70.5836, 41.8343, 67.1457, 82.7764, 7.985, 82.3096, 39.1734, 61.9348, 65.4725, 84.5538, 44.885, 94.9849, 25.5636, 45.8065, 0.0, 60.6282, 35.1351], [61.5936, 20.4667, 56.6865, 15.3997, 50.1413, 39.8184, 52.2848, 51.1207, 19.6781, 39.2755, 32.2087, 18.12, 20.4235, 28.292, 66.9379, 62.5239, 41.32, 50.8334, 37.718, 65.9624, 69.7428, 51.4763, 34.1614, 61.6844, 37.5909, 25.7403, 71.1876, 63.4739, 21.4768, 44.405, 50.5302, 45.4211, 41.1016, 40.7646, 25.8857, 10.7204, 72.0407, 51.1241, 32.7608, 37.4854, 29.2322, 39.7639, 47.4915, 36.8215, 54.7231, 16.4038, 47.1607, 53.4235, 47.2892, 38.8818, 37.6091, 15.3059, 27.0405, 38.5866, 37.7727, 66.3463, 21.2488, 60.6282, 0.0, 35.5321], [36.5895, 55.3373, 23.8689, 49.2181, 58.7298, 33.2432, 51.5756, 47.8989, 29.9514, 8.5162, 20.121, 20.2315, 54.594, 31.5532, 62.9162, 60.9348, 67.4484, 71.0214, 11.4414, 30.5004, 36.6915, 63.6409, 68.472, 49.6235, 67.7977, 60.9403, 57.7996, 39.3252, 33.5262, 32.9729, 22.7887, 58.5467, 47.8274, 40.4013, 34.9803, 39.3335, 41.185, 28.1598, 61.5708, 1.9684, 63.6609, 43.8857, 18.8034, 62.6904, 21.1013, 35.2773, 47.729, 27.2325, 75.0384, 6.4418, 57.9461, 47.2297, 53.2661, 11.3397, 62.8855, 53.4021, 34.1643, 35.1351, 35.5321, 0.0]]
