[4, 70]
[[0.0, 72.8973, 65.8272, 68.3612, 72.2262, 70.5751, 7.3392, 47.1077, 53.818, 72.6771, 48.3123, 86.9125, 22.553, 59.3606, 65.4486, 13.5515, 35.2157, 69.3328, 35.3699, 20.2311, 46.9026, 36.2699, 56.4127, 22.0315, 62.4628, 80.7828, 14.0253, 104.6702, 39.7403, 77.6304, 24.8031, 50.4645, 15.1828, 57.2652, 89.016, 33.2585, 73.5236, 52.5493, 84.5588, 22.4295, 37.9255, 77.0518, 7.4531, 31.9357, 55.9873, 32.332, 22.48, 52.9676, 41.6725, 74.4459, 53.6701, 99.6345, 73.7429, 21.2825, 24.0773, 26.1173, 47.3053, 14.8613, 31.9907, 37.482, 28.4324, 24.0927, 71.2686, 64.3692, 36.2588, 37.9604, 72.7582, 84.6561, 29.2943, 17.478], [72.8973, 0.0, 53.5065, 11.3837, 40.9537, 5.5303, 67.3815, 67.919, 46.448, 25.806, 24.6975, 29.0763, 77.2133, 42.5992, 45.8011, 86.0147, 39.8277, 68.7018, 68.2994, 91.4127, 78.9444, 43.2767, 17.267, 84.228, 83.7531, 51.0621, 59.0661, 42.191, 40.1921, 7.3098, 86.8128, 70.36, 67.3024, 64.3669, 38.5314, 79.648, 40.0411, 20.4805, 23.0913, 95.2541, 56.2667, 47.6144, 80.0322, 67.4703, 62.4031, 66.7561, 95.3741, 33.6666, 33.7083, 44.953, 72.8687, 42.0631, 1.6636, 68.3075, 81.2719, 47.7743, 52.8414, 87.1862, 76.0463, 36.5631, 61.7597, 77.8103, 20.9853, 68.3043, 37.8711, 38.6581, 44.1126, 18.8349, 75.1187, 83.6135], [65.8272, 53.5065, 0.0, 60.439, 86.8312, 56.7589, 58.5286, 26.7927, 80.9608, 30.2504, 44.6779, 40.6901, 83.8392, 11.9845, 87.1631, 73.3906, 39.6761, 15.3328, 86.2157, 74.6599, 37.7456, 33.7173, 51.99, 61.382, 34.4334, 17.1732, 55.1758, 54.6036, 63.7973, 51.1837, 62.493, 26.5735, 51.5694, 16.1207, 35.2017, 47.895, 86.724, 48.9012, 43.4129, 84.3027, 28.1817, 15.0898, 69.5673, 83.4467, 15.2947, 83.1766, 83.004, 69.1456, 56.4143, 14.4555, 26.9539, 46.8008, 52.6818, 77.0467, 86.9634, 45.9086, 18.5682, 73.8741, 45.2201, 53.9181, 38.3275, 85.188, 70.4637, 16.2457, 54.394, 36.3042, 89.4925, 47.8477, 86.9503, 82.9817], [68.3612, 11.3837, 60.439, 0.0, 29.8262, 5.8545, 63.6655, 71.0192, 35.5641, 35.4446, 22.7595, 40.371, 69.6896, 48.811, 34.4176, 81.8199, 38.534, 75.1833, 59.1497, 87.7985, 81.3231, 43.5479, 12.67, 82.2576, 88.0662, 60.3925, 55.1072, 53.4027, 32.0403, 18.6182, 85.0133, 73.8606, 65.0731, 69.2964, 49.5691, 79.8698, 29.0409, 17.1409, 34.4472, 90.3048, 58.028, 56.6607, 75.7288, 58.6993, 67.2344, 57.9398, 90.7014, 23.3211, 27.0526, 53.781, 76.7089, 53.4468, 13.0461, 60.858, 73.7382, 45.0236, 56.452, 83.0719, 76.3087, 30.9074, 61.7824, 70.1194, 10.4053, 74.0821, 32.16, 38.3772, 32.9545, 30.1871, 66.7399, 77.1621], [72.2262, 40.9537, 86.8312, 29.8262, 0.0, 35.5115, 70.3197, 91.311, 19.8131, 64.8827, 42.8676, 70.0205, 63.8674, 74.8518, 9.3838, 85.2802, 54.8972, 100.5371, 48.0959, 92.371, 99.7592, 61.7162, 34.8768, 91.4194, 109.6579, 89.2979, 62.3914, 81.6726, 33.4234, 47.8534, 94.3839, 94.6775, 75.2124, 92.6176, 79.3856, 94.1267, 1.854, 38.0267, 63.9775, 90.9447, 76.9731, 85.3674, 79.4442, 49.4455, 90.5032, 48.6145, 92.1185, 20.9126, 35.7843, 82.342, 97.9582, 82.6794, 42.5782, 56.5354, 67.4168, 57.0628, 78.5298, 86.6501, 90.8974, 40.3775, 77.1314, 63.6246, 20.1031, 98.4711, 40.9621, 56.5484, 3.1816, 59.3012, 57.9696, 74.2485], [70.5751, 5.5303, 56.7589, 5.8545, 35.5115, 0.0, 65.4319, 69.2867, 41.1507, 30.3802, 23.1646, 34.5656, 73.4951, 45.4346, 40.272, 83.8855, 38.8699, 71.7644, 63.813, 89.5713, 79.9855, 43.115, 14.1769, 83.1618, 85.7615, 55.5452, 56.9692, 47.6131, 36.07, 12.7781, 85.8347, 71.9338, 66.0633, 66.6372, 43.8908, 79.6335, 34.6464, 18.1336, 28.6105, 92.7812, 56.925, 51.943, 77.8384, 63.157, 64.6179, 62.4207, 93.0333, 28.5758, 30.1887, 49.1611, 74.6181, 47.5929, 7.192, 64.6066, 77.5556, 46.1872, 54.4048, 85.0977, 76.042, 33.5232, 61.589, 74.015, 15.6786, 71.0115, 34.8197, 38.1803, 38.6603, 24.3399, 70.9988, 80.4096], [7.3392, 67.3815, 58.5286, 63.6655, 70.3197, 65.4319, 0.0, 40.6068, 52.8914, 65.7772, 42.6854, 80.0998, 27.9819, 52.0377, 64.2638, 18.739, 28.7128, 62.4104, 38.247, 24.1527, 41.5364, 29.1812, 51.3797, 21.2722, 56.7464, 73.4447, 8.5821, 97.8562, 37.0768, 71.7492, 24.2384, 44.0759, 8.9338, 50.3571, 81.9222, 29.0629, 71.4808, 47.302, 77.9544, 28.8045, 30.7306, 69.7199, 13.002, 34.7782, 49.0052, 35.0178, 28.4662, 50.2535, 37.6648, 67.1248, 47.3872, 92.6558, 68.1279, 24.6209, 30.1387, 19.8273, 40.0313, 19.8519, 27.1767, 33.1673, 21.5127, 29.5076, 67.4424, 57.5255, 32.0417, 31.2328, 71.1609, 78.2904, 33.7824, 24.5602], [47.1077, 67.919, 26.7927, 71.0192, 91.311, 69.2867, 40.6068, 0.0, 79.8287, 51.0912, 49.5579, 64.2505, 68.4654, 29.2425, 88.8403, 51.0878, 36.5527, 23.3357, 75.8417, 50.7371, 11.7514, 29.6059, 59.4488, 36.62, 18.6379, 43.9445, 41.0101, 79.9582, 61.2071, 68.2239, 37.1651, 3.7121, 31.9404, 11.9977, 60.7822, 21.6451, 91.7501, 55.1844, 65.3874, 61.5855, 14.5103, 41.7482, 48.6489, 72.564, 11.844, 72.554, 59.8966, 70.9222, 56.0713, 40.5771, 7.2565, 72.5718, 67.6816, 63.7676, 70.7453, 37.2694, 15.1586, 51.254, 19.5332, 51.9513, 19.4783, 69.9708, 79.4299, 18.0641, 51.7729, 34.7717, 93.3518, 68.6142, 73.5572, 64.4792], [53.818, 46.448, 80.9608, 35.5641, 19.8131, 41.1507, 52.8914, 79.8287, 0.0, 65.266, 36.7872, 74.0519, 44.0574, 69.2534, 11.7116, 66.4507, 43.7732, 92.958, 28.5161, 73.687, 86.7277, 50.8729, 33.1701, 74.1629, 98.4664, 87.1738, 45.6605, 88.5951, 18.625, 53.74, 77.1277, 83.4269, 58.932, 83.4242, 81.9265, 78.9721, 21.4743, 34.0925, 68.6278, 71.5033, 65.3387, 82.9764, 60.7975, 29.6777, 81.3586, 28.8441, 72.7866, 13.3131, 24.7257, 79.7993, 86.8959, 87.7684, 48.0735, 36.871, 47.607, 43.1096, 69.052, 67.8238, 76.0233, 28.1308, 63.3066, 43.8127, 30.0885, 90.0067, 28.1385, 46.3576, 19.5027, 65.101, 38.2383, 54.5369], [72.6771, 25.806, 30.2504, 35.4446, 64.8827, 30.3802, 65.7772, 51.0912, 65.266, 0.0, 30.7074, 14.5042, 84.0444, 22.0142, 67.9001, 83.9895, 37.8092, 45.5012, 80.1569, 87.686, 62.8313, 36.737, 32.1497, 77.1669, 63.6642, 25.2562, 59.0203, 32.1579, 52.5494, 21.7099, 79.196, 52.5258, 62.2889, 44.1138, 17.6055, 68.0457, 64.2762, 31.4692, 14.3143, 94.5094, 43.6517, 21.8859, 78.6803, 78.3171, 42.4834, 77.7784, 93.9511, 52.0089, 44.4558, 19.393, 54.1943, 27.0548, 24.5683, 75.5995, 87.8755, 46.9224, 36.5579, 84.895, 64.6255, 44.5821, 52.3071, 85.044, 45.8262, 46.2736, 45.6574, 34.7819, 67.9179, 17.8458, 84.3787, 87.2702], [48.3123, 24.6975, 44.6779, 22.7595, 42.8676, 23.1646, 42.6854, 49.5579, 36.7872, 30.7074, 0.0, 42.6746, 54.9663, 32.772, 42.4989, 61.3381, 15.82, 57.7905, 49.5253, 66.7236, 59.2335, 20.9496, 10.2327, 59.9978, 67.4224, 50.534, 34.4064, 59.7376, 21.9331, 29.3936, 62.6775, 52.687, 42.9043, 49.8059, 48.2699, 57.1155, 43.0223, 5.7528, 38.7514, 70.7208, 35.8716, 46.3079, 55.3784, 47.8247, 47.6918, 47.2505, 70.7655, 24.4903, 13.8059, 43.122, 55.7947, 56.5417, 25.459, 46.1969, 58.9514, 23.1248, 35.8989, 62.5008, 53.5594, 14.1331, 39.0313, 55.7918, 30.0123, 55.6058, 15.3185, 15.6908, 45.3072, 37.5521, 54.3425, 60.0367], [86.9125, 29.0763, 40.6901, 40.371, 70.0205, 34.5656, 80.0998, 64.2505, 74.0519, 14.5042, 42.6746, 0.0, 97.2489, 35.0443, 74.671, 98.4111, 51.8263, 55.0696, 91.9836, 102.1797, 75.9851, 51.1705, 41.3571, 91.634, 75.08, 29.6881, 73.1325, 17.7591, 63.7423, 22.2919, 93.6318, 65.2928, 76.7804, 56.0195, 10.4564, 82.142, 69.0722, 41.9904, 6.1985, 108.8741, 57.8789, 28.0683, 93.0419, 90.4356, 54.6337, 89.8383, 108.36, 60.7964, 55.8914, 26.9599, 66.5684, 13.9658, 27.4438, 88.6224, 101.1584, 60.9769, 50.2739, 99.3331, 78.7762, 56.8076, 66.74, 98.1678, 49.9843, 56.8962, 57.9832, 48.9532, 73.1837, 11.694, 97.0025, 101.0932], [22.553, 77.2133, 83.8392, 69.6896, 63.8674, 73.4951, 27.9819, 68.4654, 44.0574, 84.0444, 54.9663, 97.2489, 0.0, 75.416, 55.3793, 28.8773, 47.059, 89.5965, 17.4002, 35.9776, 69.2929, 50.9953, 59.9573, 43.4242, 84.6791, 97.0351, 28.7429, 114.6049, 37.6596, 83.3179, 45.8701, 71.9873, 36.8851, 77.6515, 101.4283, 55.8068, 65.5047, 57.2836, 93.6732, 29.5992, 57.4005, 92.9948, 25.5412, 14.9065, 76.1362, 15.6806, 31.4759, 48.8728, 43.5076, 90.0842, 75.3341, 110.8676, 78.4373, 8.9059, 4.0611, 38.7212, 65.9667, 30.0613, 54.5047, 41.1271, 49.1079, 1.5415, 69.2521, 84.9057, 39.8514, 50.4976, 63.4278, 92.4422, 7.9841, 11.5045], [59.3606, 42.5992, 11.9845, 48.811, 74.8518, 45.4346, 52.0377, 29.2425, 69.2534, 22.0142, 32.772, 35.0443, 75.416, 0.0, 75.2237, 68.6081, 29.397, 26.3779, 76.159, 70.9945, 40.9919, 24.4276, 40.0254, 58.8729, 42.022, 21.6554, 47.3192, 51.2478, 52.4665, 41.1476, 60.4938, 30.5249, 46.3406, 22.3795, 32.5884, 47.6684, 74.7558, 36.9184, 36.2315, 79.5083, 24.2799, 17.7422, 64.0853, 73.5745, 20.6228, 73.2373, 78.5117, 57.2601, 44.8746, 15.0881, 32.1991, 44.3068, 41.9358, 68.0402, 78.7986, 36.7641, 15.5313, 69.2841, 44.4643, 42.6916, 34.1816, 76.6784, 58.7031, 25.7078, 43.2748, 25.8906, 77.5084, 39.7787, 77.7734, 75.8781], [65.4486, 45.8011, 87.1631, 34.4176, 9.3838, 40.272, 64.2638, 88.8403, 11.7116, 67.9001, 42.4989, 74.671, 55.3793, 75.2237, 0.0, 78.1509, 52.3215, 100.1103, 39.1487, 85.3743, 96.4751, 59.3697, 36.2652, 85.5241, 107.4109, 91.3973, 56.7698, 87.5911, 28.4887, 53.0099, 88.493, 92.3448, 69.9271, 91.3434, 83.4787, 89.5935, 11.2319, 38.5053, 68.83, 83.1715, 74.3446, 87.3193, 72.4744, 40.7229, 89.2429, 39.9013, 84.4781, 18.2366, 32.7831, 84.2029, 95.7389, 87.8639, 47.4637, 48.4687, 58.7973, 53.0261, 77.0275, 79.5241, 86.5236, 36.9465, 73.3105, 55.0372, 26.1333, 97.5933, 37.2568, 54.4677, 8.1172, 64.5827, 49.1494, 66.0677], [13.5515, 86.0147, 73.3906, 81.8199, 85.2802, 83.8855, 18.739, 51.0878, 66.4507, 83.9895, 61.3381, 98.4111, 28.8773, 68.6081, 78.1509, 0.0, 47.3984, 74.3209, 44.9169, 7.3914, 47.6681, 47.2525, 69.7547, 16.983, 63.4901, 89.3875, 26.954, 116.1394, 53.1796, 90.4787, 18.6327, 53.9284, 22.2704, 62.4566, 99.6524, 32.5219, 86.6354, 65.7949, 96.4904, 10.9349, 45.2782, 85.9393, 6.1066, 41.7161, 61.5585, 42.2843, 9.9844, 66.3741, 55.2135, 83.5856, 56.6689, 110.6559, 86.7961, 31.3139, 28.4669, 38.5662, 54.9518, 1.3732, 32.7332, 50.9817, 35.0762, 30.2217, 84.8188, 69.102, 49.7708, 49.7831, 85.6562, 96.966, 36.76, 18.7786], [35.2157, 39.8277, 39.6761, 38.534, 54.8972, 38.8699, 28.7128, 36.5527, 43.7732, 37.8092, 15.82, 51.8263, 47.059, 29.397, 52.3215, 47.3984, 0.0, 49.8033, 46.7721, 52.1347, 44.9628, 7.1033, 25.8979, 44.4107, 55.0917, 50.5815, 21.3194, 69.5628, 25.3749, 43.4568, 47.0269, 40.0288, 27.5012, 39.7199, 54.7616, 41.4637, 55.4279, 21.4006, 49.3432, 57.4629, 22.1081, 46.4235, 41.7087, 44.1801, 37.6777, 43.8403, 57.179, 34.3731, 19.5384, 43.3987, 43.4175, 64.8637, 40.3479, 39.1438, 50.7115, 9.1518, 25.3841, 48.4517, 37.9417, 15.6441, 23.4449, 48.2011, 45.0668, 46.4699, 15.6975, 3.5285, 56.8499, 49.5782, 48.6597, 49.4847], [69.3328, 68.7018, 15.3328, 75.1833, 100.5371, 71.7644, 62.4104, 23.3357, 92.958, 45.5012, 57.7905, 55.0696, 89.5965, 26.3779, 100.1103, 74.3209, 49.8033, 0.0, 94.5853, 74.0647, 30.9107, 42.9885, 65.9739, 59.8943, 22.0406, 27.6043, 61.0811, 67.4537, 75.005, 66.5143, 60.289, 21.0271, 54.2242, 12.068, 48.3028, 44.4587, 100.5636, 62.5227, 58.2951, 84.8921, 32.2396, 27.501, 71.584, 91.5414, 13.4608, 91.3917, 83.2256, 81.9017, 68.2339, 28.1251, 19.3361, 59.3263, 67.9223, 83.8609, 92.2597, 54.0906, 24.7647, 74.5296, 42.7273, 65.0987, 40.9178, 91.0483, 85.0137, 5.2999, 65.3503, 46.8225, 103.0623, 62.9369, 93.8261, 86.8107], [35.3699, 68.2994, 86.2157, 59.1497, 48.0959, 63.813, 38.247, 75.8417, 28.5161, 80.1569, 49.5253, 91.9836, 17.4002, 76.159, 39.1487, 44.9169, 46.7721, 94.5853, 0.0, 52.2566, 79.0662, 52.5173, 51.6775, 57.3917, 93.5146, 97.0802, 34.9837, 108.5164, 28.4345, 75.0813, 60.1225, 79.5321, 46.7696, 83.1922, 97.7548, 67.308, 49.8338, 50.1378, 87.5682, 46.9114, 62.8203, 92.8647, 40.4992, 3.4724, 81.4046, 3.3007, 48.6926, 36.3756, 36.0967, 89.7604, 83.0457, 105.9252, 69.7272, 14.0931, 20.1848, 40.601, 69.9226, 46.2067, 65.3005, 35.5901, 56.567, 16.6539, 56.6102, 90.4281, 34.5608, 50.2692, 47.2658, 85.3683, 10.1463, 28.8639], [20.2311, 91.4127, 74.6599, 87.7985, 92.371, 89.5713, 24.1527, 50.7371, 73.687, 87.686, 66.7236, 102.1797, 35.9776, 70.9945, 85.3743, 7.3914, 52.1347, 74.0647, 52.2566, 0.0, 45.6774, 51.1295, 75.5321, 14.3587, 61.2437, 91.1464, 32.6917, 119.8161, 59.9594, 95.5366, 14.8694, 53.213, 25.4002, 62.5095, 102.7442, 30.4608, 93.6956, 71.4381, 100.6327, 11.9706, 47.0074, 87.9105, 12.9276, 49.0782, 61.8453, 49.6546, 9.7409, 73.1933, 61.5227, 85.7426, 55.6286, 113.9917, 92.1088, 38.7027, 35.2531, 43.6607, 56.5849, 6.0616, 31.4761, 57.1485, 36.8619, 37.2701, 91.2552, 68.7784, 55.9786, 54.2075, 92.8166, 101.45, 43.9174, 25.3689], [46.9026, 78.9444, 37.7456, 81.3231, 99.7592, 79.9855, 41.5364, 11.7514, 86.7277, 62.8313, 59.2335, 75.9851, 69.2929, 40.9919, 96.4751, 47.6681, 44.9628, 30.9107, 79.0662, 45.6774, 0.0, 38.4933, 69.3528, 31.363, 15.8482, 54.6877, 44.2706, 91.5553, 68.2152, 79.5982, 31.0094, 11.1733, 32.6299, 21.8631, 72.3043, 15.2519, 100.3488, 64.9608, 77.1323, 57.3206, 23.3654, 52.8296, 46.6077, 75.6542, 22.4515, 75.7716, 55.3184, 79.011, 64.047, 51.8885, 11.6392, 84.0736, 78.7961, 65.9805, 70.978, 43.6195, 26.6302, 47.5228, 15.1521, 59.6154, 23.5324, 70.8326, 89.2458, 25.8012, 59.23, 43.8156, 101.583, 80.3097, 75.3168, 63.4663], [36.2699, 43.2767, 33.7173, 43.5479, 61.7162, 43.115, 29.1812, 29.6059, 50.8729, 36.737, 20.9496, 51.1705, 50.9953, 24.4276, 59.3697, 47.2525, 7.1033, 42.9885, 52.5173, 51.1295, 38.4933, 0.0, 31.1745, 41.7316, 48.0754, 46.0412, 23.2586, 68.8886, 32.4373, 45.9165, 44.1126, 33.0287, 25.772, 32.6746, 52.7522, 36.5188, 62.183, 26.7018, 49.5091, 57.804, 15.2958, 42.0204, 41.988, 49.7294, 30.6483, 49.4627, 57.2153, 41.348, 26.5955, 39.1546, 36.3857, 63.4992, 43.5539, 43.6603, 54.4131, 12.358, 18.3899, 48.1637, 32.927, 22.7461, 18.5052, 52.2519, 50.8811, 39.501, 22.7732, 5.3258, 63.7463, 50.5455, 53.4596, 51.9778], [56.4127, 17.267, 51.99, 12.67, 34.8768, 14.1769, 51.3797, 59.4488, 33.1701, 32.1497, 10.2327, 41.3571, 59.9573, 40.0254, 36.2652, 69.7547, 25.8979, 65.9739, 51.6775, 75.5321, 69.3528, 31.1745, 0.0, 69.6335, 77.0306, 55.1323, 42.8758, 57.0769, 23.2874, 23.5403, 72.3748, 62.4735, 52.4587, 58.8778, 48.7964, 67.3056, 34.7343, 4.5057, 36.3537, 78.6044, 45.9893, 51.0617, 63.6959, 50.6102, 56.7758, 49.9258, 78.8631, 19.8765, 16.45, 47.9553, 65.486, 55.2653, 18.4838, 51.0515, 64.0146, 32.433, 45.3652, 70.9768, 63.7582, 19.417, 49.2309, 60.5708, 19.9816, 64.2602, 20.7212, 25.9235, 37.6183, 33.7336, 58.0484, 66.4299], [22.0315, 84.228, 61.382, 82.2576, 91.4194, 83.1618, 21.2722, 36.62, 74.1629, 77.1669, 59.9978, 91.634, 43.4242, 58.8729, 85.5241, 16.983, 44.4107, 59.8943, 57.3917, 14.3587, 31.363, 41.7316, 69.6335, 0.0, 47.0227, 78.1899, 29.0527, 109.0068, 58.0417, 87.4955, 2.9697, 38.9574, 17.1897, 48.5094, 91.2087, 16.121, 92.5279, 65.2628, 90.7234, 25.9785, 34.594, 75.1774, 17.9925, 53.9639, 47.9728, 54.3635, 23.9556, 71.0797, 57.6817, 73.2159, 41.299, 102.7185, 84.7055, 43.2992, 43.9222, 37.248, 43.8477, 16.5641, 17.1903, 52.9893, 24.954, 44.9093, 87.193, 54.5978, 52.0033, 45.7362, 92.3479, 92.1572, 50.7955, 34.8952], [62.4628, 83.7531, 34.4334, 88.0662, 109.6579, 85.7615, 56.7464, 18.6379, 98.4664, 63.6642, 67.4224, 75.08, 84.6791, 42.022, 107.4109, 63.4901, 55.0917, 22.0406, 93.5146, 61.2437, 15.8482, 48.0754, 77.0306, 47.0227, 0.0, 49.3488, 58.531, 88.7451, 79.8451, 83.0312, 46.4358, 15.0684, 47.8153, 19.6427, 69.3915, 30.9961, 110.0348, 72.9162, 77.459, 73.0004, 33.1369, 48.6864, 62.4337, 90.1619, 21.4653, 90.2144, 70.9412, 89.4231, 74.629, 48.7083, 11.7015, 80.7528, 83.2994, 80.8612, 86.5262, 55.816, 31.6806, 63.3173, 30.9793, 70.5619, 37.0013, 86.2132, 96.9576, 18.5345, 70.4008, 53.1371, 111.7717, 81.507, 90.4095, 79.2257], [80.7828, 51.0621, 17.1732, 60.3925, 89.2979, 55.5452, 73.4447, 43.9445, 87.1738, 25.2562, 50.534, 29.6881, 97.0351, 21.6554, 91.3973, 89.3875, 50.5815, 27.6043, 97.0802, 91.1464, 54.6877, 46.0412, 55.1323, 78.1899, 49.3488, 0.0, 68.9651, 40.0018, 71.8669, 46.5944, 79.4257, 43.5319, 67.2399, 32.846, 21.2798, 65.0368, 88.8361, 53.2406, 34.2896, 100.3221, 44.1935, 4.2542, 85.1737, 94.6456, 32.2989, 94.2624, 99.1665, 74.3425, 63.8858, 7.4351, 43.5407, 31.8054, 49.8145, 89.5451, 100.4427, 58.3375, 34.5653, 89.9663, 62.3002, 62.5037, 54.4064, 98.2833, 70.7975, 30.8967, 63.2705, 47.0532, 92.2407, 39.6889, 99.1975, 97.4707], [14.0253, 59.0661, 55.1758, 55.1072, 62.3914, 56.9692, 8.5821, 41.0101, 45.6605, 59.0203, 34.4064, 73.1325, 28.7429, 47.3192, 56.7698, 26.954, 21.3194, 61.0811, 34.9837, 32.6917, 44.2706, 23.2586, 42.8758, 29.0527, 58.531, 68.9651, 0.0, 90.8763, 28.9919, 63.654, 32.0105, 44.6735, 13.3291, 49.2603, 75.674, 33.8986, 63.482, 38.8573, 70.6256, 36.4405, 28.8433, 65.0456, 20.972, 31.6409, 47.6482, 31.6836, 36.3818, 42.0438, 29.1213, 62.2657, 48.162, 86.0512, 59.8641, 22.8795, 31.7877, 12.1721, 37.2252, 28.143, 31.3319, 24.5943, 21.6134, 30.1387, 58.8908, 56.5403, 23.4809, 24.2393, 63.3909, 70.6427, 32.7999, 28.7195], [104.6702, 42.191, 54.6036, 53.4027, 81.6726, 47.6131, 97.8562, 79.9582, 88.5951, 32.1579, 59.7376, 17.7591, 114.6049, 51.2478, 87.5911, 116.1394, 69.5628, 67.4537, 108.5164, 119.8161, 91.5553, 68.8886, 57.0769, 109.0068, 88.7451, 40.0018, 90.8763, 0.0, 80.1017, 34.8818, 110.9188, 80.565, 94.427, 70.6086, 19.4019, 98.8622, 80.454, 58.3873, 21.0094, 126.6247, 74.8914, 40.0783, 110.7926, 107.1663, 69.4942, 106.5344, 126.0954, 75.6261, 72.4947, 40.1529, 81.4047, 8.268, 40.5482, 105.8988, 118.5498, 78.7146, 66.7537, 117.0506, 95.5885, 73.8211, 84.0609, 115.478, 61.7263, 70.2213, 75.0373, 66.7102, 84.8472, 23.5315, 114.0243, 118.7389], [39.7403, 40.1921, 63.7973, 32.0403, 33.4234, 36.07, 37.0768, 61.2071, 18.625, 52.5494, 21.9331, 63.7423, 37.6596, 52.4665, 28.4887, 53.1796, 25.3749, 75.005, 28.4345, 59.9594, 68.2152, 32.4373, 23.2874, 58.0417, 79.8451, 71.8669, 28.9919, 80.1017, 0.0, 46.7862, 61.0014, 64.8113, 41.8116, 65.0946, 70.0306, 61.1382, 34.491, 21.7718, 59.1833, 60.2644, 46.7236, 67.6142, 47.1501, 27.3305, 63.0521, 26.6403, 61.043, 13.2452, 8.1289, 64.4325, 68.2868, 77.7058, 41.5505, 28.8623, 41.7036, 24.6226, 50.7542, 54.5237, 58.0422, 9.9274, 44.898, 38.0792, 32.323, 71.8173, 9.6822, 28.1879, 34.5599, 56.9368, 34.9491, 45.64], [77.6304, 7.3098, 51.1837, 18.6182, 47.8534, 12.7781, 71.7492, 68.2239, 53.74, 21.7099, 29.3936, 22.2919, 83.3179, 41.1476, 53.0099, 90.4787, 43.4568, 66.5143, 75.0813, 95.5366, 79.5982, 45.9165, 23.5403, 87.4955, 83.0312, 46.5944, 63.654, 34.8818, 46.7862, 0.0, 89.9628, 70.3563, 70.881, 63.4266, 32.1653, 81.6667, 46.8488, 26.0739, 16.1623, 100.057, 57.6573, 43.486, 84.5925, 74.1162, 61.566, 73.4212, 100.0342, 40.8904, 39.8941, 41.0923, 72.5963, 34.9032, 5.6682, 74.4224, 87.3646, 51.9451, 53.0679, 91.6009, 78.078, 42.3106, 64.1268, 83.9841, 27.7641, 66.6703, 43.6107, 41.7757, 51.0277, 11.573, 81.5869, 89.2074], [24.8031, 86.8128, 62.493, 85.0133, 94.3839, 85.8347, 24.2384, 37.1651, 77.1277, 79.196, 62.6775, 93.6318, 45.8701, 60.4938, 88.493, 18.6327, 47.0269, 60.289, 60.1225, 14.8694, 31.0094, 44.1126, 72.3748, 2.9697, 46.4358, 79.4257, 32.0105, 110.9188, 61.0014, 89.9628, 0.0, 39.2725, 19.9903, 49.1368, 92.9457, 15.9731, 95.4893, 67.9863, 92.863, 26.7861, 36.2381, 76.5189, 20.3426, 56.7066, 48.7226, 57.121, 24.6089, 74.0288, 60.5806, 74.6467, 41.412, 104.5153, 87.2626, 46.0308, 46.2067, 40.0328, 45.293, 18.03, 17.6335, 55.8797, 26.8921, 47.3388, 90.0505, 54.9897, 54.9042, 48.2459, 95.3165, 94.4146, 53.3397, 36.9834], [50.4645, 70.36, 26.5735, 73.8606, 94.6775, 71.9338, 44.0759, 3.7121, 83.4269, 52.5258, 52.687, 65.2928, 71.9873, 30.5249, 92.3448, 53.9284, 40.0288, 21.0271, 79.5321, 53.213, 11.1733, 33.0287, 62.4735, 38.9574, 15.0684, 43.5319, 44.6735, 80.565, 64.8113, 70.3563, 39.2725, 0.0, 35.3343, 10.7706, 61.2605, 23.4364, 95.0857, 58.2642, 66.755, 64.2849, 18.0882, 41.6595, 51.735, 76.248, 11.2788, 76.2429, 62.5204, 74.3748, 59.5642, 40.7601, 3.5452, 73.0086, 70.0554, 67.3987, 74.2077, 40.9539, 17.5404, 54.0315, 21.7672, 55.4954, 23.1041, 73.4979, 82.4496, 15.7329, 55.3426, 38.1315, 96.7575, 70.2116, 77.1652, 67.7727], [15.1828, 67.3024, 51.5694, 65.0731, 75.2124, 66.0633, 8.9338, 31.9404, 58.932, 62.2889, 42.9043, 76.7804, 36.8851, 46.3406, 69.9271, 22.2704, 27.5012, 54.2242, 46.7696, 25.4002, 32.6299, 25.772, 52.4587, 17.1897, 47.8153, 67.2399, 13.3291, 94.427, 41.8116, 70.881, 19.9903, 35.3343, 0.0, 42.1585, 77.5452, 20.7837, 76.2191, 48.1051, 75.2781, 33.1694, 23.397, 63.7278, 18.0011, 43.3183, 40.9434, 43.5016, 32.2026, 54.5715, 40.7393, 61.3363, 38.5904, 88.6869, 67.8465, 33.3956, 38.9156, 20.0584, 33.0142, 22.9827, 18.5421, 36.0094, 13.4603, 38.4152, 70.083, 49.2217, 35.0822, 29.1702, 76.3579, 76.2444, 42.6914, 32.6263], [57.2652, 64.3669, 16.1207, 69.2964, 92.6176, 66.6372, 50.3571, 11.9977, 83.4242, 44.1138, 49.8059, 56.0195, 77.6515, 22.3795, 91.3434, 62.4566, 39.7199, 12.068, 83.1922, 62.5095, 21.8631, 32.6746, 58.8778, 48.5094, 19.6427, 32.846, 49.2603, 70.6086, 65.0946, 63.4266, 49.1368, 10.7706, 42.1585, 0.0, 51.2212, 33.63, 92.82, 55.0114, 58.0555, 73.1144, 20.4628, 31.1733, 59.5795, 80.077, 2.1145, 79.9642, 71.5153, 73.1221, 58.8525, 30.5264, 10.834, 62.8809, 63.8491, 72.1065, 80.26, 42.9821, 14.3744, 62.7114, 31.5044, 55.3154, 28.8555, 79.1138, 78.5776, 7.2809, 55.4169, 37.0778, 94.9534, 61.9581, 82.0527, 74.7429], [89.016, 38.5314, 35.2017, 49.5691, 79.3856, 43.8908, 81.9222, 60.7822, 81.9265, 17.6055, 48.2699, 10.4564, 101.4283, 32.5884, 83.4787, 99.6524, 54.7616, 48.3028, 97.7548, 102.7442, 72.3043, 52.7522, 48.7964, 91.2087, 69.3915, 21.2798, 75.674, 19.4019, 70.0306, 32.1653, 92.9457, 61.2605, 77.5452, 51.2212, 0.0, 80.2171, 78.5368, 48.6599, 16.504, 110.3794, 56.7158, 20.8135, 94.6265, 95.9224, 50.1384, 95.3838, 109.6357, 68.6135, 61.9679, 20.7517, 62.0284, 11.7973, 36.9568, 93.0669, 105.216, 63.7461, 48.0975, 100.4632, 77.0452, 62.1862, 66.3069, 102.4614, 59.5137, 50.8857, 63.2628, 51.5456, 82.5217, 22.1128, 101.9377, 104.2035], [33.2585, 79.648, 47.895, 79.8698, 94.1267, 79.6335, 29.0629, 21.6451, 78.9721, 68.0457, 57.1155, 82.142, 55.8068, 47.6684, 89.5935, 32.5219, 41.4637, 44.4587, 67.308, 30.4608, 15.2519, 36.5188, 67.3056, 16.121, 30.9961, 65.0368, 33.8986, 98.8622, 61.1382, 81.6667, 15.9731, 23.4364, 20.7837, 33.63, 80.2171, 0.0, 94.9664, 62.8, 82.1859, 42.0687, 24.4722, 62.4652, 31.9214, 63.8401, 33.4344, 64.0715, 40.0747, 73.2304, 58.605, 60.9022, 25.4513, 91.9661, 79.8191, 53.6146, 57.0884, 37.1208, 32.1371, 32.3236, 3.6017, 53.8906, 18.089, 57.345, 86.4589, 39.1681, 53.2078, 41.5329, 95.5566, 84.4734, 62.4003, 49.0011], [73.5236, 40.0411, 86.724, 29.0409, 1.854, 34.6464, 71.4808, 91.7501, 21.4743, 64.2762, 43.0223, 69.0722, 65.5047, 74.7558, 11.2319, 86.6354, 55.4279, 100.5636, 49.8338, 93.6956, 100.3488, 62.183, 34.7343, 92.5279, 110.0348, 88.8361, 63.482, 80.454, 34.491, 46.8488, 95.4893, 95.0857, 76.2191, 92.82, 78.5368, 94.9664, 0.0, 38.0441, 62.998, 92.425, 77.463, 84.9401, 80.7724, 51.138, 90.7055, 50.3058, 93.5716, 21.7451, 36.4885, 81.937, 98.3405, 81.6072, 41.6504, 58.0958, 69.0788, 57.8656, 78.797, 88.0037, 91.7091, 41.1315, 77.8527, 65.2819, 19.09, 98.5888, 41.7636, 56.9785, 4.5583, 58.2422, 59.6769, 75.8188], [52.5493, 20.4805, 48.9012, 17.1409, 38.0267, 18.1336, 47.302, 55.1844, 34.0925, 31.4692, 5.7528, 41.9904, 57.2836, 36.9184, 38.5053, 65.7949, 21.4006, 62.5227, 50.1378, 71.4381, 64.9608, 26.7018, 4.5057, 65.2628, 72.9162, 53.2406, 38.8573, 58.3873, 21.7718, 26.0739, 67.9863, 58.2642, 48.1051, 55.0114, 48.6599, 62.8, 38.0441, 0.0, 37.4309, 74.8467, 41.5959, 49.0859, 59.7652, 48.7996, 52.9017, 48.1577, 75.0267, 21.1036, 14.1389, 45.9307, 61.326, 55.9562, 21.4897, 48.4011, 61.3231, 28.1262, 41.3008, 66.9969, 59.2526, 16.2383, 44.7254, 57.9836, 24.2944, 60.5921, 17.5403, 21.4355, 40.6169, 35.4315, 55.8883, 63.221], [84.5588, 23.0913, 43.4129, 34.4472, 63.9775, 28.6105, 77.9544, 65.3874, 68.6278, 14.3143, 38.7514, 6.1985, 93.6732, 36.2315, 68.83, 96.4904, 49.3432, 58.2951, 87.5682, 100.6327, 77.1323, 49.5091, 36.3537, 90.7234, 77.459, 34.2896, 70.6256, 21.0094, 59.1833, 16.1623, 92.863, 66.755, 75.2781, 58.0555, 16.504, 82.1859, 62.998, 37.4309, 0.0, 106.7546, 57.7341, 32.125, 90.9514, 86.1767, 56.5106, 85.5504, 106.3745, 55.4463, 51.5119, 30.5367, 68.3219, 19.1548, 21.4418, 84.9376, 97.6347, 58.4607, 50.8629, 97.472, 78.7314, 52.8176, 66.0437, 94.5257, 43.9085, 59.6438, 54.0381, 46.7279, 67.1469, 5.6656, 93.0157, 98.0959], [22.4295, 95.2541, 84.3027, 90.3048, 90.9447, 92.7812, 28.8045, 61.5855, 71.5033, 94.5094, 70.7208, 108.8741, 29.5992, 79.5083, 83.1715, 10.9349, 57.4629, 84.8921, 46.9114, 11.9706, 57.3206, 57.804, 78.6044, 25.9785, 73.0004, 100.3221, 36.4405, 126.6247, 60.2644, 100.057, 26.7861, 64.2849, 33.1694, 73.1144, 110.3794, 42.0687, 92.425, 74.8467, 106.7546, 0.0, 56.2078, 96.8678, 15.8322, 44.1263, 72.2822, 44.8272, 2.5031, 73.1846, 63.3434, 94.5021, 66.8817, 121.2903, 96.1271, 34.8036, 27.7053, 48.4439, 65.8813, 10.4501, 42.7477, 59.4152, 46.0009, 30.5819, 92.4513, 79.6425, 58.1509, 60.0371, 90.9803, 107.0047, 37.4636, 18.0978], [37.9255, 56.2667, 28.1817, 58.028, 76.9731, 56.925, 30.7306, 14.5103, 65.3387, 43.6517, 35.8716, 57.8789, 57.4005, 24.2799, 74.3446, 45.2782, 22.1081, 32.2396, 62.8203, 47.0074, 23.3654, 15.2958, 45.9893, 34.594, 33.1369, 44.1935, 28.8433, 74.8914, 46.7236, 57.6573, 36.2381, 18.0882, 23.397, 20.4628, 56.7158, 24.4722, 77.463, 41.5959, 57.7341, 56.2078, 0.0, 40.9035, 41.3887, 59.6689, 18.8073, 59.5755, 54.9933, 56.4758, 41.5902, 38.7658, 21.5682, 68.3216, 56.2658, 51.6571, 60.1606, 23.1144, 9.6736, 45.812, 20.9976, 37.4422, 10.2186, 58.8408, 65.8834, 27.7406, 37.2647, 20.5749, 78.9552, 60.0147, 61.612, 55.2908], [77.0518, 47.6144, 15.0898, 56.6607, 85.3674, 51.943, 69.7199, 41.7482, 82.9764, 21.8859, 46.3079, 28.0683, 92.9948, 17.7422, 87.3193, 85.9393, 46.4235, 27.501, 92.8647, 87.9105, 52.8296, 42.0204, 51.0617, 75.1774, 48.6864, 4.2542, 65.0456, 40.0783, 67.6142, 43.486, 76.5189, 41.6595, 63.7278, 31.1733, 20.8135, 62.4652, 84.9401, 49.0859, 32.125, 96.8678, 40.9035, 0.0, 81.603, 90.4468, 30.3818, 90.0581, 95.7698, 70.1815, 59.6369, 3.1878, 41.9915, 32.0687, 46.4256, 85.4407, 96.4335, 54.2793, 31.3702, 86.5535, 59.607, 58.2508, 51.081, 94.2304, 67.0577, 30.1537, 59.02, 42.8967, 88.2879, 37.3242, 95.0635, 93.6202], [7.4531, 80.0322, 69.5673, 75.7288, 79.4442, 77.8384, 13.002, 48.6489, 60.7975, 78.6803, 55.3784, 93.0419, 25.5412, 64.0853, 72.4744, 6.1066, 41.7087, 71.584, 40.4992, 12.9276, 46.6077, 41.988, 63.6959, 17.9925, 62.4337, 85.1737, 20.972, 110.7926, 47.1501, 84.5925, 20.3426, 51.735, 18.0011, 59.5795, 94.6265, 31.9214, 80.7724, 59.7652, 90.9514, 15.8322, 41.3887, 81.603, 0.0, 37.1786, 58.5162, 37.6814, 15.4802, 60.3635, 49.1069, 79.1418, 54.6979, 105.4845, 80.836, 26.5634, 25.9307, 32.7641, 51.0151, 7.4082, 31.4573, 44.8797, 31.3405, 27.0015, 78.7208, 66.4529, 43.6666, 44.2253, 79.8932, 91.2823, 33.1139, 17.1427], [31.9357, 67.4703, 83.4467, 58.6993, 49.4455, 63.157, 34.7782, 72.564, 29.6777, 78.3171, 47.8247, 90.4356, 14.9065, 73.5745, 40.7229, 41.7161, 44.1801, 91.5414, 3.4724, 49.0782, 75.6542, 49.7294, 50.6102, 53.9639, 90.1619, 94.6456, 31.6409, 107.1663, 27.3305, 74.1162, 56.7066, 76.248, 43.3183, 80.077, 95.9224, 63.8401, 51.138, 48.7996, 86.1767, 44.1263, 59.6689, 90.4468, 37.1786, 0.0, 78.3115, 0.8357, 45.8293, 36.3646, 34.6729, 87.3639, 79.7546, 104.3441, 68.8545, 10.6817, 18.0979, 37.6801, 66.9328, 43.0199, 61.8445, 33.755, 53.2446, 14.3848, 56.7698, 87.3264, 32.6603, 47.6961, 48.8173, 84.1743, 8.6006, 26.1941], [55.9873, 62.4031, 15.2947, 67.2344, 90.5032, 64.6179, 49.0052, 11.844, 81.3586, 42.4834, 47.6918, 54.6337, 76.1362, 20.6228, 89.2429, 61.5585, 37.6777, 13.4608, 81.4046, 61.8453, 22.4515, 30.6483, 56.7758, 47.9728, 21.4653, 32.2989, 47.6482, 69.4942, 63.0521, 61.566, 48.7226, 11.2788, 40.9434, 2.1145, 50.1384, 33.4344, 90.7055, 52.9017, 56.5106, 72.2822, 18.8073, 30.3818, 58.5162, 78.3115, 0.0, 78.1866, 70.7361, 71.0195, 56.7708, 29.5394, 11.9551, 61.8505, 61.9055, 70.4602, 78.8041, 41.1007, 12.3076, 61.855, 31.1253, 53.2582, 27.555, 77.589, 76.4895, 9.0315, 53.3721, 35.0055, 92.8403, 60.3157, 80.4179, 73.4617], [32.332, 66.7561, 83.1766, 57.9398, 48.6145, 62.4207, 35.0178, 72.554, 28.8441, 77.7784, 47.2505, 89.8383, 15.6806, 73.2373, 39.9013, 42.2843, 43.8403, 91.3917, 3.3007, 49.6546, 75.7716, 49.4627, 49.9258, 54.3635, 90.2144, 94.2624, 31.6836, 106.5344, 26.6403, 73.4212, 57.121, 76.2429, 43.5016, 79.9642, 95.3838, 64.0715, 50.3058, 48.1577, 85.5504, 44.8272, 59.5755, 90.0581, 37.6814, 0.8357, 78.1866, 0.0, 46.5111, 35.5626, 34.04, 86.9686, 79.7549, 103.7543, 68.1462, 11.1361, 18.91, 37.4664, 66.7553, 43.5942, 62.0376, 33.2032, 53.2697, 15.1857, 55.9605, 87.2066, 32.1224, 47.3509, 47.9936, 83.5147, 9.4357, 26.9268], [22.48, 95.3741, 83.004, 90.7014, 92.1185, 93.0333, 28.4662, 59.8966, 72.7866, 93.9511, 70.7655, 108.36, 31.4759, 78.5117, 84.4781, 9.9844, 57.179, 83.2256, 48.6926, 9.7409, 55.3184, 57.2153, 78.8631, 23.9556, 70.9412, 99.1665, 36.3818, 126.0954, 61.043, 100.0342, 24.6089, 62.5204, 32.2026, 71.5153, 109.6357, 40.0747, 93.5716, 75.0267, 106.3745, 2.5031, 54.9933, 95.7698, 15.4802, 45.8293, 70.7361, 46.5111, 0.0, 74.0581, 63.8263, 93.4555, 65.0513, 120.6377, 96.2098, 36.2649, 29.7711, 48.2437, 64.6585, 9.2275, 40.8894, 59.794, 44.7748, 32.5193, 93.1188, 77.9607, 58.5448, 59.6488, 92.2302, 106.7562, 39.3968, 20.019], [52.9676, 33.6666, 69.1456, 23.3211, 20.9126, 28.5758, 50.2535, 70.9222, 13.3131, 52.0089, 24.4903, 60.7964, 48.8728, 57.2601, 18.2366, 66.3741, 34.3731, 81.9017, 36.3756, 73.1933, 79.011, 41.348, 19.8765, 71.0797, 89.4231, 74.3425, 42.0438, 75.6261, 13.2452, 40.8904, 74.0288, 74.3748, 54.5715, 73.1221, 68.6135, 73.2304, 21.7451, 21.1036, 55.4463, 73.1846, 56.4758, 70.1815, 60.3635, 36.3646, 71.0195, 35.5626, 74.0581, 0.0, 14.9641, 67.0213, 77.7305, 74.5623, 35.2533, 40.4541, 52.8067, 36.151, 58.8233, 67.7233, 69.989, 19.4824, 56.2394, 49.0378, 20.4569, 79.3568, 20.0496, 36.3455, 22.5744, 52.0969, 44.7609, 57.8602], [41.6725, 33.7083, 56.4143, 27.0526, 35.7843, 30.1887, 37.6648, 56.0713, 24.7257, 44.4558, 13.8059, 55.8914, 43.5076, 44.8746, 32.7831, 55.2135, 19.5384, 68.2339, 36.0967, 61.5227, 64.047, 26.5955, 16.45, 57.6817, 74.629, 63.8858, 29.1213, 72.4947, 8.1289, 39.8941, 60.5806, 59.5642, 40.7393, 58.8525, 61.9679, 58.605, 36.4885, 14.1389, 51.5119, 63.3434, 41.5902, 59.6369, 49.1069, 34.6729, 56.7708, 34.04, 63.8263, 14.9641, 0.0, 56.4512, 62.9558, 69.8401, 34.9323, 34.6017, 47.5652, 21.4959, 44.4832, 56.5035, 55.2936, 4.7538, 41.3645, 44.1247, 29.7785, 65.3379, 5.6802, 21.7968, 37.5366, 49.5625, 41.7816, 50.244], [74.4459, 44.953, 14.4555, 53.781, 82.342, 49.1611, 67.1248, 40.5771, 79.7993, 19.393, 43.122, 26.9599, 90.0842, 15.0881, 84.2029, 83.5856, 43.3987, 28.1251, 89.7604, 85.7426, 51.8885, 39.1546, 47.9553, 73.2159, 48.7083, 7.4351, 62.2657, 40.1529, 64.4325, 41.0923, 74.6467, 40.7601, 61.3363, 30.5264, 20.7517, 60.9022, 81.937, 45.9307, 30.5367, 94.5021, 38.7658, 3.1878, 79.1418, 87.3639, 29.5394, 86.9686, 93.4555, 67.0213, 56.4512, 0.0, 41.3545, 32.356, 43.8107, 82.465, 93.5534, 51.363, 29.3702, 84.2309, 57.9469, 55.0844, 48.8815, 91.3068, 64.1661, 30.2615, 55.8611, 39.8755, 85.2477, 35.5391, 92.0546, 90.8944], [53.6701, 72.8687, 26.9539, 76.7089, 97.9582, 74.6181, 47.3872, 7.2565, 86.8959, 54.1943, 55.7947, 66.5684, 75.3341, 32.1991, 95.7389, 56.6689, 43.4175, 19.3361, 83.0457, 55.6286, 11.6392, 36.3857, 65.486, 41.299, 11.7015, 43.5407, 48.162, 81.4047, 68.2868, 72.5963, 41.412, 3.5452, 38.5904, 10.834, 62.0284, 25.4513, 98.3405, 61.326, 68.3219, 66.8817, 21.5682, 41.9915, 54.6979, 79.7546, 11.9551, 79.7549, 65.0513, 77.7305, 62.9558, 41.3545, 0.0, 73.7053, 72.5063, 70.8516, 77.4975, 44.4871, 20.2598, 56.7154, 24.1665, 58.9275, 26.5689, 76.8494, 85.4435, 14.1738, 58.794, 41.4359, 100.0703, 71.9777, 80.5941, 70.9083], [99.6345, 42.0631, 46.8008, 53.4468, 82.6794, 47.5929, 92.6558, 72.5718, 87.7684, 27.0548, 56.5417, 13.9658, 110.8676, 44.3068, 87.8639, 110.6559, 64.8637, 59.3263, 105.9252, 113.9917, 84.0736, 63.4992, 55.2653, 102.7185, 80.7528, 31.8054, 86.0512, 8.268, 77.7058, 34.9032, 104.5153, 73.0086, 88.6869, 62.8809, 11.7973, 91.9661, 81.6072, 55.9562, 19.1548, 121.2903, 68.3216, 32.0687, 105.4845, 104.3441, 61.8505, 103.7543, 120.6377, 74.5623, 69.8401, 32.356, 73.7053, 0.0, 40.4009, 102.3102, 114.7425, 73.9717, 59.8332, 111.5101, 88.7704, 70.6665, 77.7778, 111.8219, 62.5773, 62.2187, 71.8256, 61.8134, 85.8594, 23.3808, 110.8188, 114.3203], [73.7429, 1.6636, 52.6818, 13.0461, 42.5782, 7.192, 68.1279, 67.6816, 48.0735, 24.5683, 25.459, 27.4438, 78.4373, 41.9358, 47.4637, 86.7961, 40.3479, 67.9223, 69.7272, 92.1088, 78.7961, 43.5539, 18.4838, 84.7055, 83.2994, 49.8145, 59.8641, 40.5482, 41.5505, 5.6682, 87.2626, 70.0554, 67.8465, 63.8491, 36.9568, 79.8191, 41.6504, 21.4897, 21.4418, 96.1271, 56.2658, 46.4256, 80.836, 68.8545, 61.9055, 68.1462, 96.2098, 35.2533, 34.9323, 43.8107, 72.5063, 40.4009, 0.0, 69.5319, 82.4935, 48.45, 52.5667, 87.9553, 76.2179, 37.6587, 61.9989, 79.0545, 22.5796, 67.6411, 38.9661, 39.0442, 45.7401, 17.1739, 76.4496, 84.6954], [21.2825, 68.3075, 77.0467, 60.858, 56.5354, 64.6066, 24.6209, 63.7676, 36.871, 75.5995, 46.1969, 88.6224, 8.9059, 68.0402, 48.4687, 31.3139, 39.1438, 83.8609, 14.0931, 38.7027, 65.9805, 43.6603, 51.0515, 43.2992, 80.8612, 89.5451, 22.8795, 105.8988, 28.8623, 74.4224, 46.0308, 67.3987, 33.3956, 72.1065, 93.0669, 53.6146, 58.0958, 48.4011, 84.9376, 34.8036, 51.6571, 85.4407, 26.5634, 10.6817, 70.4602, 11.1361, 36.2649, 40.4541, 34.6017, 82.465, 70.8516, 102.3102, 69.5319, 0.0, 12.9648, 31.3025, 59.666, 32.6438, 51.7973, 32.2782, 44.2951, 9.6021, 60.7169, 79.3874, 31.0114, 42.641, 56.3731, 83.6156, 9.9741, 17.7306], [24.0773, 81.2719, 86.9634, 73.7382, 67.4168, 77.5556, 30.1387, 70.7453, 47.607, 87.8755, 58.9514, 101.1584, 4.0611, 78.7986, 58.7973, 28.4669, 50.7115, 92.2597, 20.1848, 35.2531, 70.978, 54.4131, 64.0146, 43.9222, 86.5262, 100.4427, 31.7877, 118.5498, 41.7036, 87.3646, 46.2067, 74.2077, 38.9156, 80.26, 105.216, 57.0884, 69.0788, 61.3231, 97.6347, 27.7053, 60.1606, 96.4335, 25.9307, 18.0979, 78.8041, 18.91, 29.7711, 52.8067, 47.5652, 93.5534, 77.4975, 114.7425, 82.4935, 12.9648, 0.0, 42.2184, 68.9236, 29.5439, 56.0185, 45.1519, 51.5391, 3.8138, 73.2117, 87.4854, 43.8724, 54.1196, 66.8782, 96.449, 10.1278, 9.94], [26.1173, 47.7743, 45.9086, 45.0236, 57.0628, 46.1872, 19.8273, 37.2694, 43.1096, 46.9224, 23.1248, 60.9769, 38.7212, 36.7641, 53.0261, 38.5662, 9.1518, 54.0906, 40.601, 43.6607, 43.6195, 12.358, 32.433, 37.248, 55.816, 58.3375, 12.1721, 78.7146, 24.6226, 51.9451, 40.0328, 40.9539, 20.0584, 42.9821, 63.7461, 37.1208, 57.8656, 28.1262, 58.4607, 48.4439, 23.1144, 54.2793, 32.7641, 37.6801, 41.1007, 37.4664, 48.2437, 36.151, 21.4959, 51.363, 44.4871, 73.9717, 48.45, 31.3025, 42.2184, 0.0, 29.3571, 39.6682, 33.8435, 16.771, 20.2864, 39.9512, 50.1958, 50.1261, 16.1037, 12.2011, 58.5975, 58.5621, 41.1171, 40.4577], [47.3053, 52.8414, 18.5682, 56.452, 78.5298, 54.4048, 40.0313, 15.1586, 69.052, 36.5579, 35.8989, 50.2739, 65.9667, 15.5313, 77.0275, 54.9518, 25.3841, 24.7647, 69.9226, 56.5849, 26.6302, 18.3899, 45.3652, 43.8477, 31.6806, 34.5653, 37.2252, 66.7537, 50.7542, 53.0679, 45.293, 17.5404, 33.0142, 14.3744, 48.0975, 32.1371, 78.797, 41.3008, 50.8629, 65.8813, 9.6736, 31.3702, 51.0151, 66.9328, 12.3076, 66.7553, 64.6585, 58.8233, 44.4832, 29.3702, 20.2598, 59.8332, 52.5667, 59.666, 68.9236, 29.3571, 0.0, 55.4828, 28.949, 40.9511, 19.8862, 67.3632, 65.278, 21.1115, 41.0728, 22.7034, 80.7976, 53.7882, 69.6362, 64.5454], [14.8613, 87.1862, 73.8741, 83.0719, 86.6501, 85.0977, 19.8519, 51.254, 67.8238, 84.895, 62.5008, 99.3331, 30.0613, 69.2841, 79.5241, 1.3732, 48.4517, 74.5296, 46.2067, 6.0616, 47.5228, 48.1637, 70.9768, 16.5641, 63.3173, 89.9663, 28.143, 117.0506, 54.5237, 91.6009, 18.03, 54.0315, 22.9827, 62.7114, 100.4632, 32.3236, 88.0037, 66.9969, 97.472, 10.4501, 45.812, 86.5535, 7.4082, 43.0199, 61.855, 43.5942, 9.2275, 67.7233, 56.5035, 84.2309, 56.7154, 111.5101, 87.9553, 32.6438, 29.5439, 39.6682, 55.4828, 0.0, 32.6856, 52.2519, 35.5967, 31.3875, 86.1287, 69.2941, 51.0461, 50.7878, 87.0287, 98.0016, 37.9682, 19.7782], [31.9907, 76.0463, 45.2201, 76.3087, 90.8974, 76.042, 27.1767, 19.5332, 76.0233, 64.6255, 53.5594, 78.7762, 54.5047, 44.4643, 86.5236, 32.7332, 37.9417, 42.7273, 65.3005, 31.4761, 15.1521, 32.927, 63.7582, 17.1903, 30.9793, 62.3002, 31.3319, 95.5885, 58.0422, 78.078, 17.6335, 21.7672, 18.5421, 31.5044, 77.0452, 3.6017, 91.7091, 59.2526, 78.7314, 42.7477, 20.9976, 59.607, 31.4573, 61.8445, 31.1253, 62.0376, 40.8894, 69.989, 55.2936, 57.9469, 24.1665, 88.7704, 76.2179, 51.7973, 56.0185, 33.8435, 28.949, 32.6856, 0.0, 50.5969, 14.5283, 56.0461, 82.9683, 37.4282, 49.9464, 37.9578, 92.3772, 80.961, 60.8326, 48.334], [37.482, 36.5631, 53.9181, 30.9074, 40.3775, 33.5232, 33.1673, 51.9513, 28.1308, 44.5821, 14.1331, 56.8076, 41.1271, 42.6916, 36.9465, 50.9817, 15.6441, 65.0987, 35.5901, 57.1485, 59.6154, 22.7461, 19.417, 52.9893, 70.5619, 62.5037, 24.5943, 73.8211, 9.9274, 42.3106, 55.8797, 55.4954, 36.0094, 55.3154, 62.1862, 53.8906, 41.1315, 16.2383, 52.8176, 59.4152, 37.4422, 58.2508, 44.8797, 33.755, 53.2582, 33.2032, 59.794, 19.4824, 4.7538, 55.0844, 58.9275, 70.6665, 37.6587, 32.2782, 45.1519, 16.771, 40.9511, 52.2519, 50.5969, 0.0, 36.7577, 41.8787, 34.3246, 61.9706, 1.308, 18.305, 42.0341, 51.3416, 40.2183, 47.0505], [28.4324, 61.7597, 38.3275, 61.7824, 77.1314, 61.589, 21.5127, 19.4783, 63.3066, 52.3071, 39.0313, 66.74, 49.1079, 34.1816, 73.3105, 35.0762, 23.4449, 40.9178, 56.567, 36.8619, 23.5324, 18.5052, 49.2309, 24.954, 37.0013, 54.4064, 21.6134, 84.0609, 44.898, 64.1268, 26.8921, 23.1041, 13.4603, 28.8555, 66.3069, 18.089, 77.8527, 44.7254, 66.0437, 46.0009, 10.2186, 51.081, 31.3405, 53.2446, 27.555, 53.2697, 44.7748, 56.2394, 41.3645, 48.8815, 26.5689, 77.7778, 61.9989, 44.2951, 51.5391, 20.2864, 19.8862, 35.5967, 14.5283, 36.7577, 0.0, 50.6005, 68.5045, 36.0128, 36.2329, 23.4495, 78.7709, 67.7934, 54.0797, 45.9077], [24.0927, 77.8103, 85.188, 70.1194, 63.6246, 74.015, 29.5076, 69.9708, 43.8127, 85.044, 55.7918, 98.1678, 1.5415, 76.6784, 55.0372, 30.2217, 48.2011, 91.0483, 16.6539, 37.2701, 70.8326, 52.2519, 60.5708, 44.9093, 86.2132, 98.2833, 30.1387, 115.478, 38.0792, 83.9841, 47.3388, 73.4979, 38.4152, 79.1138, 102.4614, 57.345, 65.2819, 57.9836, 94.5257, 30.5819, 58.8408, 94.2304, 27.0015, 14.3848, 77.589, 15.1857, 32.5193, 49.0378, 44.1247, 91.3068, 76.8494, 111.8219, 79.0545, 9.6021, 3.8138, 39.9512, 67.3632, 31.3875, 56.0461, 41.8787, 50.6005, 0.0, 69.4568, 86.3715, 40.6131, 51.6555, 63.11, 93.2174, 6.882, 12.5012], [71.2686, 20.9853, 70.4637, 10.4053, 20.1031, 15.6786, 67.4424, 79.4299, 30.0885, 45.8262, 30.0123, 49.9843, 69.2521, 58.7031, 26.1333, 84.8188, 45.0668, 85.0137, 56.6102, 91.2552, 89.2458, 50.8811, 19.9816, 87.193, 96.9576, 70.7975, 58.8908, 61.7263, 32.323, 27.7641, 90.0505, 82.4496, 70.083, 78.5776, 59.5137, 86.4589, 19.09, 24.2944, 43.9085, 92.4513, 65.8834, 67.0577, 78.7208, 56.7698, 76.4895, 55.9605, 93.1188, 20.4569, 29.7785, 64.1661, 85.4435, 62.5773, 22.5796, 60.7169, 73.2117, 50.1958, 65.278, 86.1287, 82.9683, 34.3246, 68.5045, 69.4568, 0.0, 83.6703, 35.4111, 45.5697, 23.2823, 39.1983, 65.2051, 77.8865], [64.3692, 68.3043, 16.2457, 74.0821, 98.4711, 71.0115, 57.5255, 18.0641, 90.0067, 46.2736, 55.6058, 56.8962, 84.9057, 25.7078, 97.5933, 69.102, 46.4699, 5.2999, 90.4281, 68.7784, 25.8012, 39.501, 64.2602, 54.5978, 18.5345, 30.8967, 56.5403, 70.2213, 71.8173, 66.6703, 54.9897, 15.7329, 49.2217, 7.2809, 50.8857, 39.1681, 98.5888, 60.5921, 59.6438, 79.6425, 27.7406, 30.1537, 66.4529, 87.3264, 9.0315, 87.2066, 77.9607, 79.3568, 65.3379, 30.2615, 14.1738, 62.2187, 67.6411, 79.3874, 87.4854, 50.1261, 21.1115, 69.2941, 37.4282, 61.9706, 36.0128, 86.3715, 83.6703, 0.0, 62.136, 43.6707, 100.9, 63.9952, 89.3336, 81.8399], [36.2588, 37.8711, 54.394, 32.16, 40.9621, 34.8197, 32.0417, 51.7729, 28.1385, 45.6574, 15.3185, 57.9832, 39.8514, 43.2748, 37.2568, 49.7708, 15.6975, 65.3503, 34.5608, 55.9786, 59.23, 22.7732, 20.7212, 52.0033, 70.4008, 63.2705, 23.4809, 75.0373, 9.6822, 43.6107, 54.9042, 55.34