[4, 80]
[[0.0, 36.4861, 47.6571, 24.9264, 11.9109, 78.3487, 69.2841, 43.2743, 31.1099, 45.4309, 71.5564, 77.5786, 41.8526, 55.6505, 20.95, 31.0365, 63.7405, 69.9587, 26.9349, 26.5122, 59.1023, 61.1262, 14.6119, 76.9059, 58.9843, 76.5767, 16.4272, 35.7902, 69.092, 77.3794, 52.7266, 52.5215, 68.5261, 9.3351, 40.4545, 11.9313, 80.4757, 86.5821, 37.1836, 78.9835, 83.5932, 47.8457, 24.1187, 29.4619, 35.7284, 17.4105, 75.6584, 41.3196, 52.3382, 21.4766, 97.4574, 80.6131, 76.3198, 43.361, 10.2525, 70.6462, 49.4096, 35.2771, 54.7337, 65.8397, 79.9475, 78.5113, 77.7508, 20.605, 44.2995, 61.0177, 42.3256, 22.5371, 72.038, 71.1887, 64.8372, 82.8093, 70.3887, 69.638, 67.255, 28.2545, 55.0162, 43.3182, 38.0424, 15.4674], [36.4861, 0.0, 81.1277, 44.9047, 47.7971, 102.4515, 69.8099, 74.5154, 8.2288, 9.2742, 65.2689, 92.2468, 55.6551, 67.2871, 20.8206, 67.4649, 82.3804, 85.0969, 15.9006, 62.0559, 90.9509, 87.1034, 40.2186, 90.6205, 55.1849, 98.8634, 26.9237, 29.7159, 72.461, 71.2253, 88.5484, 69.4102, 86.9323, 28.5732, 40.9439, 46.4415, 72.6069, 80.661, 56.224, 89.5192, 85.1931, 37.9932, 58.2989, 52.3905, 37.2623, 49.3599, 74.8816, 58.9333, 88.8035, 21.0941, 123.4555, 94.2662, 97.0101, 42.2603, 37.7741, 74.5674, 85.1976, 42.2547, 70.4001, 91.3649, 102.8293, 90.7265, 72.3609, 57.0634, 24.1064, 92.6512, 42.9791, 24.8278, 79.4048, 83.0082, 62.9582, 95.1843, 85.3683, 70.9375, 54.0584, 38.9619, 90.2343, 79.7519, 72.5036, 49.0863], [47.6571, 81.1277, 0.0, 39.9534, 41.4111, 41.8924, 71.9724, 9.6724, 73.8529, 90.4016, 81.5508, 57.0834, 44.1449, 50.2167, 68.598, 24.1342, 42.2585, 51.5531, 74.4384, 22.2064, 12.6711, 26.6165, 41.0673, 58.1357, 71.2769, 43.698, 63.8176, 64.5621, 68.2132, 85.3297, 15.5155, 40.9852, 45.2466, 56.9805, 59.7014, 44.8626, 89.5338, 91.6856, 36.7444, 64.3501, 79.9951, 71.8143, 23.5521, 33.5807, 57.9601, 31.8273, 77.6294, 38.4955, 25.0599, 69.1334, 55.4447, 60.7337, 46.2775, 61.9934, 53.7674, 68.4054, 37.8372, 52.4335, 43.6523, 30.3244, 45.2017, 61.5103, 84.6824, 32.9003, 78.0014, 14.6941, 59.9555, 58.3639, 64.522, 57.4882, 72.2949, 64.2233, 52.061, 71.2086, 86.1619, 49.2661, 12.6594, 21.5653, 42.2838, 32.6025], [24.9264, 44.9047, 39.9534, 0.0, 30.9249, 58.0995, 45.9185, 31.5665, 36.8417, 53.8593, 50.58, 53.1865, 16.9545, 30.7266, 39.986, 37.4475, 40.2583, 45.5567, 43.8517, 28.7517, 47.5672, 42.2392, 10.3339, 52.3286, 38.2432, 55.1252, 38.3501, 24.6455, 44.9778, 55.9071, 51.6345, 28.1653, 45.0566, 30.6699, 21.8274, 33.4029, 59.5156, 64.5099, 12.8839, 54.0892, 59.4418, 33.1529, 22.8759, 7.5119, 18.8065, 15.2473, 52.3717, 16.7653, 56.166, 40.7581, 78.7737, 56.0663, 53.9923, 24.6377, 35.177, 46.3616, 60.0609, 14.5619, 30.1514, 46.5834, 58.9017, 53.7449, 55.9496, 32.8085, 38.0566, 49.0593, 22.8659, 20.1913, 47.222, 46.3303, 42.6137, 58.0965, 45.9599, 46.0284, 50.2784, 9.4847, 51.4005, 47.5948, 53.5073, 18.0264], [11.9109, 47.7971, 41.4111, 30.9249, 0.0, 76.9761, 76.8009, 39.3145, 42.8795, 56.4897, 80.5263, 80.3427, 47.3949, 60.6912, 30.0227, 20.9571, 65.5701, 72.8808, 36.4123, 19.2047, 53.7329, 59.5062, 21.3921, 80.0531, 67.9568, 76.1562, 24.1471, 46.6771, 75.8759, 86.1387, 43.5425, 55.8445, 70.201, 19.3694, 49.825, 3.5878, 89.502, 95.043, 41.2456, 83.1689, 90.3091, 58.4281, 19.5214, 32.9675, 45.3822, 17.7708, 83.2502, 45.4502, 41.6877, 30.335, 94.5913, 83.6376, 76.6481, 52.7913, 12.7423, 77.2096, 37.5905, 43.7466, 58.3715, 64.2324, 79.1195, 82.1349, 86.3364, 9.8866, 56.0064, 55.7374, 51.4887, 33.9278, 77.5333, 75.2652, 73.1207, 86.2154, 73.3506, 76.9441, 77.5828, 36.8359, 46.606, 32.9295, 26.2195, 14.6191], [78.3487, 102.4515, 41.8924, 58.0995, 76.9761, 0.0, 58.7198, 38.6757, 94.241, 111.0291, 71.5241, 27.2757, 48.0593, 41.552, 97.2037, 64.763, 23.0961, 27.6311, 101.6684, 59.7062, 31.4964, 17.47, 65.8126, 29.7215, 66.8748, 6.309, 94.3119, 76.2841, 53.208, 72.3926, 54.3679, 34.8471, 20.5433, 86.55, 66.3848, 80.5444, 76.4708, 74.6244, 46.2288, 37.4596, 58.2166, 77.0039, 57.5553, 50.9697, 67.8432, 61.1137, 61.6688, 43.7734, 65.0777, 97.9251, 21.4428, 29.893, 11.0802, 67.0282, 87.2769, 52.0266, 79.332, 61.79, 35.1229, 12.7486, 4.0676, 33.3917, 71.0221, 70.9572, 89.3367, 30.0799, 65.2327, 77.6709, 44.77, 35.0201, 63.2329, 33.3415, 27.8633, 57.2316, 82.6145, 63.599, 49.2067, 63.3449, 83.947, 63.6283], [69.2841, 69.8099, 71.9724, 45.9185, 76.8009, 58.7198, 0.0, 62.454, 62.8092, 75.2813, 12.9719, 34.2907, 30.6903, 21.8547, 77.2801, 80.5291, 36.863, 31.1983, 78.159, 71.6853, 71.8131, 54.3813, 55.6032, 31.6873, 15.0117, 52.5864, 78.4899, 40.7961, 5.6207, 14.0829, 87.1951, 31.3416, 38.2556, 72.0383, 30.7299, 79.1078, 18.3474, 19.8109, 38.3687, 26.071, 15.4512, 32.2578, 65.9476, 45.8412, 35.5281, 60.5824, 6.4535, 35.0055, 95.0487, 78.0799, 78.2616, 33.9824, 48.2177, 28.4857, 79.2263, 7.342, 102.8662, 34.1384, 28.9707, 55.4092, 56.3731, 29.368, 13.0455, 78.1857, 47.4022, 72.1105, 28.5578, 52.0355, 15.0945, 24.2675, 7.3352, 32.7389, 31.0317, 1.6698, 26.454, 41.0883, 84.5554, 87.9993, 98.5846, 63.619], [43.2743, 74.5154, 9.6724, 31.5665, 39.3145, 38.6757, 62.454, 0.0, 66.9137, 83.7487, 71.8933, 49.7492, 34.4978, 40.7845, 63.8663, 26.3852, 34.4774, 43.6372, 69.3412, 21.1129, 16.4367, 21.6424, 34.3305, 50.5166, 61.6151, 39.1352, 59.6994, 55.9209, 58.8266, 75.7224, 24.7576, 31.7128, 38.0048, 52.3798, 50.436, 42.8975, 79.9157, 82.2085, 27.1834, 56.2443, 70.9517, 62.5951, 19.8943, 24.7134, 48.9661, 26.2127, 68.1944, 28.8283, 33.3654, 64.4747, 55.2861, 53.3975, 40.8768, 52.6373, 50.7861, 59.1041, 44.3667, 43.2652, 34.4445, 26.106, 41.4, 53.6923, 75.1002, 32.4173, 69.5259, 18.1752, 50.5878, 50.8651, 55.5712, 49.0614, 62.6459, 56.7501, 44.1514, 61.7311, 76.5655, 40.6122, 22.3257, 28.034, 46.101, 27.8069], [31.1099, 8.2288, 73.8529, 36.8417, 42.8795, 94.241, 62.8092, 66.9137, 0.0, 17.022, 59.2236, 84.1926, 47.4581, 59.2514, 20.075, 61.5888, 74.1683, 76.9945, 17.4369, 55.5784, 83.3283, 78.9797, 32.7923, 82.6095, 48.492, 90.6353, 25.1353, 22.1889, 65.1573, 65.2684, 82.0062, 61.2027, 78.7317, 24.5063, 33.247, 42.0416, 66.9883, 74.8079, 48.0121, 81.7082, 78.2513, 31.687, 51.4458, 44.3458, 29.338, 42.29, 68.1319, 50.7045, 82.9368, 20.6245, 115.2728, 86.2738, 88.7861, 34.7833, 34.3867, 67.2297, 80.4687, 34.1379, 62.2229, 83.2112, 94.6031, 82.8055, 66.2901, 51.6252, 19.5166, 84.9894, 35.3374, 16.6837, 71.7778, 75.0702, 56.1619, 87.2743, 77.2738, 63.8559, 49.1514, 30.7332, 83.4002, 73.8267, 68.472, 42.3282], [45.4309, 9.2742, 90.4016, 53.8593, 56.4897, 111.0291, 75.2813, 83.7487, 17.022, 0.0, 69.3929, 99.694, 63.7377, 74.7559, 28.0355, 76.4627, 90.4978, 92.7129, 22.112, 71.2374, 100.1813, 95.955, 49.4734, 97.9466, 60.3604, 107.2584, 34.4023, 36.638, 78.4088, 75.155, 97.7256, 77.5188, 94.964, 37.1358, 47.8984, 54.9098, 76.0606, 84.3511, 64.8301, 96.3568, 90.4582, 43.0331, 67.5504, 61.3656, 44.6948, 58.6323, 79.92, 67.3415, 97.7658, 28.115, 132.1492, 101.5324, 105.2274, 48.8259, 45.8398, 80.5595, 93.6442, 50.097, 78.3397, 100.1507, 111.2668, 97.8178, 76.436, 65.9252, 28.0473, 101.8707, 49.8074, 33.6825, 85.9001, 90.165, 68.1835, 102.2364, 92.9577, 76.5283, 56.8994, 47.4308, 99.4713, 88.7473, 80.6091, 58.3313], [71.5564, 65.2689, 81.5508, 50.58, 80.5263, 71.5241, 12.9719, 71.8933, 59.2236, 69.3929, 0.0, 47.2214, 38.0459, 32.7466, 76.025, 87.22, 49.2878, 44.1039, 75.8309, 78.3265, 82.6981, 66.1671, 59.1618, 44.6039, 12.5909, 65.4394, 78.2635, 38.6495, 18.5924, 6.0925, 96.366, 42.1886, 51.0023, 72.6613, 31.1199, 82.3755, 8.9769, 15.678, 45.9033, 38.6642, 23.2731, 27.5436, 72.4276, 52.3025, 35.9301, 65.8002, 12.9899, 43.2904, 103.4498, 76.7907, 91.2209, 46.7664, 61.1262, 28.2597, 80.9278, 20.2012, 109.8603, 36.7853, 40.1614, 67.5708, 69.2691, 42.1455, 7.092, 83.3865, 41.4717, 83.1734, 29.2336, 51.6142, 27.9752, 37.2388, 9.3064, 45.2843, 43.9535, 14.5813, 14.9797, 43.7061, 94.21, 95.8267, 104.0861, 68.6014], [77.5786, 92.2468, 57.0834, 53.1865, 80.3427, 27.2757, 34.2907, 49.7492, 84.1926, 99.694, 47.2214, 0.0, 37.5206, 24.965, 92.6485, 74.8864, 15.4484, 7.6326, 95.6767, 67.4249, 51.1594, 31.5735, 63.1376, 2.6575, 45.7877, 21.0257, 91.5012, 63.0808, 28.6934, 46.9297, 72.148, 25.0759, 11.8373, 83.854, 51.8935, 83.5842, 50.7546, 47.9276, 40.4542, 10.2046, 31.0989, 59.7934, 63.1635, 48.1765, 55.0461, 62.6226, 35.8588, 36.4268, 82.1386, 93.445, 44.5716, 3.6553, 16.2194, 51.3869, 87.6616, 27.0225, 94.1084, 50.0844, 23.0593, 29.8089, 23.9867, 6.1188, 45.3945, 77.4087, 74.1826, 50.5544, 50.1139, 69.0663, 19.2589, 10.4673, 40.2387, 7.1935, 7.2279, 32.6534, 60.2374, 54.6381, 67.8731, 77.7389, 94.8105, 65.7337], [41.8526, 55.6551, 44.1449, 16.9545, 47.3949, 48.0593, 30.6903, 34.4978, 47.4581, 63.7377, 38.0459, 37.5206, 0.0, 13.8305, 55.2175, 49.8723, 26.7617, 30.0265, 58.1576, 41.0104, 47.4728, 35.3832, 27.2859, 36.327, 27.156, 43.761, 54.4487, 28.2298, 28.8163, 42.5309, 58.5339, 13.7814, 31.2776, 46.9882, 18.7159, 50.0927, 46.5418, 50.2047, 7.8714, 37.363, 43.0683, 30.3605, 35.2574, 15.2075, 19.7844, 30.3337, 37.0488, 5.8354, 65.404, 56.0192, 69.48, 40.0793, 41.5064, 19.9833, 52.1048, 29.9708, 72.3147, 13.7909, 14.8229, 38.7156, 47.8453, 37.3411, 42.206, 47.7461, 41.3762, 48.3972, 17.9856, 31.6974, 30.2901, 29.7437, 29.0696, 41.7757, 30.3654, 30.4836, 42.1504, 17.1672, 56.7438, 57.855, 67.97, 33.4697], [55.6505, 67.2871, 50.2167, 30.7266, 60.6912, 41.552, 21.8547, 40.7845, 59.2514, 74.7559, 32.7466, 24.965, 13.8305, 0.0, 68.6812, 60.7444, 18.4631, 18.0242, 71.2731, 52.1366, 50.1058, 33.5674, 41.0576, 23.3689, 25.6148, 36.1357, 68.1681, 38.1832, 18.0562, 35.6199, 65.5407, 9.528, 21.834, 60.7688, 27.0925, 63.5352, 39.8928, 41.4748, 19.5493, 23.5926, 31.0645, 36.1293, 46.742, 27.8164, 30.0847, 43.2177, 27.4161, 15.4448, 73.7448, 69.4882, 62.6548, 27.0596, 32.7549, 26.8888, 65.9023, 18.492, 82.5314, 25.2044, 7.4312, 35.3989, 40.2644, 23.8781, 34.7858, 60.1172, 49.7942, 50.4992, 25.4341, 44.4247, 16.9039, 16.1549, 23.5518, 28.3577, 18.2381, 21.0081, 41.5782, 30.2615, 62.7567, 67.1225, 79.7423, 46.4077], [20.95, 20.8206, 68.598, 39.986, 30.0227, 97.2037, 77.2801, 63.8663, 20.075, 28.0355, 76.025, 92.6485, 55.2175, 68.6812, 0.0, 50.868, 80.2344, 85.0729, 6.425, 47.32, 79.9057, 80.4108, 31.3911, 91.5375, 64.2336, 94.7576, 6.3953, 37.3794, 78.5392, 82.1145, 73.1773, 67.9082, 85.027, 11.618, 46.5502, 27.8183, 84.3699, 91.6921, 52.8382, 92.2043, 92.5634, 48.9479, 45.0492, 46.479, 41.7794, 37.6731, 83.1911, 56.5321, 71.6967, 0.8115, 117.0734, 95.2911, 93.8871, 48.8945, 18.1875, 80.4251, 66.1352, 44.3778, 69.6397, 85.0347, 98.3882, 92.4975, 82.9089, 39.8696, 39.1099, 81.7953, 48.7229, 25.2875, 83.5695, 84.8207, 71.3972, 96.9544, 85.4422, 78.0464, 67.7263, 38.457, 75.7566, 62.9454, 52.7424, 36.1904], [31.0365, 67.4649, 24.1342, 37.4475, 20.9571, 64.763, 80.5291, 26.3852, 61.5888, 76.4627, 87.22, 74.8864, 49.8723, 60.7444, 50.868, 0.0, 59.4383, 68.1437, 57.2098, 8.8976, 36.7562, 48.0056, 32.2504, 75.2927, 75.2459, 65.5118, 45.0949, 59.7668, 78.1727, 92.1381, 22.6968, 53.2858, 63.4539, 39.7891, 59.2239, 23.7589, 95.9995, 100.0675, 42.1673, 80.126, 91.8002, 70.0395, 14.7966, 34.9608, 55.7759, 22.7384, 86.8308, 45.7369, 21.3597, 51.2174, 79.548, 78.475, 67.212, 62.0704, 33.6026, 78.9974, 22.6763, 52.0093, 56.1043, 52.3837, 67.6702, 78.1209, 91.9373, 11.0796, 71.4231, 38.7661, 60.3134, 49.2971, 77.2354, 72.4575, 78.6425, 81.6117, 68.654, 80.2338, 87.7197, 46.2731, 26.2227, 12.2873, 19.9434, 20.93], [63.7405, 82.3804, 42.2585, 40.2583, 65.5701, 23.0961, 36.863, 34.4774, 74.1683, 90.4978, 49.2878, 15.4484, 26.7617, 18.4631, 80.2344, 59.4383, 0.0, 9.3031, 83.8613, 52.0313, 37.8666, 18.6043, 49.65, 16.0409, 43.8352, 17.7469, 78.4508, 54.6404, 31.6376, 50.8859, 57.5825, 12.9808, 4.8076, 70.6851, 44.1584, 68.9017, 55.1037, 54.5778, 27.3973, 22.1461, 39.9112, 54.2285, 47.9066, 34.3402, 46.2142, 48.0014, 40.7921, 23.8635, 67.2846, 81.01, 44.2296, 19.0503, 14.8364, 44.496, 73.6198, 30.8788, 78.8348, 40.4586, 12.458, 18.7159, 21.8936, 19.2717, 49.6887, 62.1696, 67.1786, 37.6311, 42.8092, 58.1123, 24.7013, 15.9233, 40.6171, 22.3005, 9.8078, 35.522, 59.6625, 43.5765, 53.6276, 62.5098, 79.3645, 51.0373], [69.9587, 85.0969, 51.5531, 45.5567, 72.8808, 27.6311, 31.1983, 43.6372, 76.9945, 92.7129, 44.1039, 7.6326, 30.0265, 18.0242, 85.0729, 68.1437, 9.3031, 0.0, 88.1741, 60.4516, 46.9351, 27.4341, 55.5073, 7.2303, 40.8701, 21.4245, 83.8785, 56.1887, 25.6355, 44.7654, 66.8856, 17.4462, 7.7888, 76.2254, 45.1163, 76.0915, 48.8402, 47.2763, 32.823, 12.8555, 31.6169, 53.7134, 56.0027, 40.577, 48.0182, 55.1346, 34.0611, 28.7954, 76.5667, 85.8678, 47.2007, 10.7576, 17.0229, 44.8366, 80.054, 24.3986, 87.9456, 42.8566, 15.4471, 26.7367, 25.1748, 10.0618, 43.3912, 70.2085, 67.7327, 46.5903, 43.4373, 61.6618, 17.2207, 7.5528, 36.2217, 13.5305, 0.5148, 29.6721, 56.0478, 47.1807, 62.9114, 71.6646, 88.0107, 58.2631], [26.9349, 15.9006, 74.4384, 43.8517, 36.4123, 101.6684, 78.159, 69.3412, 17.4369, 22.112, 75.8309, 95.6767, 58.1576, 71.2731, 6.425, 57.2098, 83.8613, 88.1741, 0.0, 53.4251, 85.5223, 85.1344, 36.0576, 94.4206, 64.4948, 98.9438, 12.7234, 37.5321, 79.8558, 81.9158, 79.4337, 71.2763, 88.6204, 17.6441, 47.5949, 34.2425, 83.8835, 91.4965, 56.5303, 94.6006, 93.5693, 48.3726, 50.8962, 50.7218, 43.0286, 43.1377, 83.8467, 60.0158, 78.0964, 6.26, 121.8514, 98.1635, 97.8304, 49.6785, 24.5946, 81.822, 72.5186, 46.3975, 72.8268, 89.6981, 102.6684, 95.1511, 82.8303, 46.2394, 36.9534, 87.3831, 49.7731, 26.9698, 85.4902, 87.4195, 71.9231, 99.6302, 88.5194, 79.0434, 66.4513, 41.0693, 81.9095, 69.3205, 59.0356, 41.8867], [26.5122, 62.0559, 22.2064, 28.7517, 19.2047, 59.7062, 71.6853, 21.1129, 55.5784, 71.2374, 78.3265, 67.4249, 41.0104, 52.1366, 47.32, 8.8976, 52.0313, 60.4516, 53.4251, 0.0, 34.5868, 42.4371, 24.5168, 67.6568, 66.3782, 59.7426, 42.1301, 51.7199, 69.4166, 83.2412, 26.4925, 44.9988, 56.2643, 35.7832, 50.574, 22.6675, 87.1023, 91.1921, 33.3458, 72.133, 83.1546, 61.6111, 5.9274, 26.0637, 47.2853, 14.5828, 78.0051, 36.9934, 28.2255, 47.7858, 76.1394, 70.9599, 60.9682, 53.3884, 31.6433, 70.2874, 31.5468, 43.2988, 47.7949, 47.0364, 62.2729, 70.326, 83.0443, 11.3106, 63.8529, 36.6003, 51.5968, 42.0776, 68.7589, 64.3736, 69.746, 73.9751, 60.9561, 71.4134, 79.0198, 37.7726, 28.5067, 19.253, 27.7729, 13.4566], [59.1023, 90.9509, 12.6711, 47.5672, 53.7329, 31.4964, 71.8131, 16.4367, 83.3283, 100.1813, 82.6981, 51.1594, 47.4728, 50.1058, 79.9057, 36.7562, 37.8666, 46.9351, 85.5223, 34.5868, 0.0, 19.6194, 50.7651, 52.6916, 73.739, 34.545, 75.4564, 71.4728, 67.361, 85.7147, 22.8729, 40.5824, 39.6801, 68.3379, 64.9503, 57.2355, 89.9914, 90.9792, 41.1343, 59.7003, 77.5194, 77.1035, 35.1097, 40.3846, 64.0765, 42.4113, 76.8626, 41.6409, 33.5905, 80.486, 43.0077, 54.6985, 37.974, 66.8587, 65.8671, 67.1464, 48.1215, 58.1091, 42.8459, 21.8176, 35.206, 56.3447, 84.8313, 45.4914, 85.1876, 2.0259, 64.7978, 67.1869, 62.0507, 53.7765, 73.408, 58.3336, 47.4085, 70.7991, 89.3496, 56.2769, 17.7453, 32.61, 54.2974, 43.7164], [61.1262, 87.1034, 26.6165, 42.2392, 59.5062, 17.47, 54.3813, 21.6424, 78.9797, 95.955, 66.1671, 31.5735, 35.3832, 33.5674, 80.4108, 48.0056, 18.6043, 27.4341, 85.1344, 42.4371, 19.6194, 0.0, 49.0954, 33.0725, 58.8081, 17.5113, 77.2421, 62.8296, 49.4873, 68.4587, 40.9847, 24.5736, 20.0672, 69.5273, 54.0828, 63.0744, 72.7283, 72.8405, 31.557, 40.1254, 58.5123, 65.6647, 40.0994, 34.8315, 54.5954, 43.7995, 58.8677, 30.1246, 51.3176, 81.1111, 36.7198, 35.1401, 19.6775, 55.3177, 69.8908, 48.9824, 64.4305, 48.3899, 26.1531, 4.7414, 19.8358, 36.7286, 67.3982, 53.627, 76.3847, 19.1661, 53.347, 62.2966, 43.2257, 34.4916, 57.0733, 38.7598, 27.8951, 53.189, 74.7883, 48.8998, 36.4553, 48.0832, 67.5847, 46.238], [14.6119, 40.2186, 41.0673, 10.3339, 21.3921, 65.8126, 55.6032, 34.3305, 32.7923, 49.4734, 59.1618, 63.1376, 27.2859, 41.0576, 31.3911, 32.2504, 49.65, 55.5073, 36.0576, 24.5168, 50.7651, 49.0954, 0.0, 62.3928, 46.6093, 63.4532, 28.8819, 27.5626, 55.0025, 64.7498, 50.1369, 38.0617, 54.4556, 21.0838, 28.7184, 23.5119, 68.1386, 73.659, 22.6852, 64.3722, 69.5003, 38.3619, 19.4341, 15.3535, 24.548, 10.0513, 62.0376, 26.7734, 52.7399, 32.1139, 85.804, 66.1134, 62.7852, 31.686, 24.855, 56.4633, 54.1036, 22.3769, 40.2021, 53.6866, 67.0339, 63.9322, 64.9447, 25.2184, 39.339, 52.4958, 30.2646, 17.7606, 57.5355, 56.5832, 51.7422, 68.2492, 55.9274, 55.8262, 56.9604, 15.551, 51.002, 43.7261, 45.746, 11.3204], [76.9059, 90.6205, 58.1357, 52.3286, 80.0531, 29.7215, 31.6873, 50.5166, 82.6095, 97.9466, 44.6039, 2.6575, 36.327, 23.3689, 91.5375, 75.2927, 16.0409, 7.2303, 94.4206, 67.6568, 52.6916, 33.0725, 62.3928, 0.0, 43.3963, 23.4404, 90.559, 61.3109, 26.1006, 44.2744, 73.3281, 24.4115, 13.0515, 82.9595, 50.0794, 83.2433, 48.0972, 45.3071, 39.7243, 7.7569, 28.5488, 57.6738, 63.2316, 47.6101, 53.3727, 62.2954, 33.2017, 35.6224, 83.1922, 92.3378, 47.2253, 3.7541, 18.6431, 49.4642, 87.0422, 24.4027, 94.8756, 48.5685, 22.1932, 31.6027, 26.5172, 3.7924, 42.7376, 77.4388, 72.1836, 52.1674, 48.2528, 67.6954, 16.6319, 8.1402, 37.7165, 6.3216, 6.7386, 30.045, 57.7103, 53.3521, 69.1688, 78.5471, 95.1798, 65.434], [58.9843, 55.1849, 71.2769, 38.2432, 67.9568, 66.8748, 15.0117, 61.6151, 48.492, 60.3604, 12.5909, 45.7877, 27.156, 25.6148, 64.2336, 75.2459, 43.8352, 40.8701, 64.4948, 66.3782, 73.739, 58.8081, 46.6093, 43.3963, 0.0, 61.1823, 66.1387, 26.979, 18.9767, 18.4177, 85.6557, 34.2373, 46.5837, 60.3113, 18.5886, 69.7864, 21.5547, 27.7952, 34.8179, 39.2305, 30.1082, 17.3358, 60.4558, 40.5291, 23.4414, 53.4899, 19.6968, 32.7909, 92.1992, 65.0148, 87.6247, 46.3191, 57.3625, 15.7867, 68.4178, 21.1509, 97.9202, 24.2366, 32.8104, 60.9393, 65.2383, 41.8781, 18.9217, 71.007, 32.4148, 74.4359, 16.6594, 39.4321, 27.953, 35.3205, 7.8237, 45.7993, 40.866, 16.3846, 15.995, 31.1263, 83.8922, 84.3017, 91.7248, 56.2259], [76.5767, 98.8634, 43.698, 55.1252, 76.1562, 6.309, 52.5864, 39.1352, 90.6353, 107.2584, 65.4394, 21.0257, 43.761, 36.1357, 94.7576, 65.5118, 17.7469, 21.4245, 98.9438, 59.7426, 34.545, 17.5113, 63.4532, 23.4404, 61.1823, 0.0, 92.2261, 71.9398, 47.0469, 66.1852, 57.1894, 30.186, 14.6205, 84.4271, 61.7142, 79.6834, 70.2434, 68.3223, 42.7829, 31.1883, 51.9137, 71.9677, 57.0098, 48.2872, 63.487, 59.6296, 55.4173, 39.9363, 67.7907, 95.5001, 26.5225, 23.7581, 4.8063, 62.17, 85.8555, 45.8196, 81.5003, 57.5518, 30.1095, 13.3777, 4.1495, 27.133, 64.7975, 70.8284, 84.7331, 33.3918, 60.4429, 74.2189, 38.5062, 28.7563, 57.2751, 27.2702, 21.6363, 51.0788, 76.8081, 59.9033, 52.2438, 65.2615, 85.0859, 62.3284], [16.4272, 26.9237, 63.8176, 38.3501, 24.1471, 94.3119, 78.4899, 59.6994, 25.1353, 34.4023, 78.2635, 91.5012, 54.4487, 68.1681, 6.3953, 45.0949, 78.4508, 83.8785, 12.7234, 42.1301, 75.4564, 77.2421, 28.8819, 90.559, 66.1387, 92.2261, 0.0, 39.7886, 79.3039, 84.3217, 67.5865, 66.5138, 83.2584, 7.8048, 47.9277, 21.708, 86.8281, 93.8498, 51.205, 91.7605, 93.5633, 51.7815, 40.3781, 44.2304, 43.0486, 33.7589, 84.5837, 55.1084, 65.6986, 6.4634, 113.7256, 94.3081, 91.6586, 50.4863, 11.9162, 81.0962, 59.7968, 44.7997, 68.4437, 81.9272, 95.7266, 91.7704, 85.0007, 34.0334, 43.3576, 77.3857, 50.0583, 26.7076, 83.679, 84.1922, 72.9916, 96.1836, 84.2735, 79.1345, 70.9742, 38.3655, 70.384, 57.0477, 46.3506, 31.8933], [35.7902, 29.7159, 64.5621, 24.6455, 46.6771, 76.2841, 40.7961, 55.9209, 22.1889, 36.638, 38.6495, 63.0808, 28.2298, 38.1832, 37.3794, 59.7668, 54.6404, 56.1887, 37.5321, 51.7199, 71.4728, 62.8296, 27.5626, 61.3109, 26.979, 71.9398, 39.7886, 0.0, 42.9762, 44.7373, 76.0774, 41.7859, 58.9134, 34.8079, 11.2826, 47.5789, 47.0798, 54.3131, 31.4106, 59.8602, 56.2458, 12.2342, 46.1964, 31.2166, 8.4533, 37.1565, 46.3469, 32.8184, 79.8436, 38.1482, 97.6933, 64.8946, 69.4739, 12.5962, 43.9301, 45.0429, 81.6261, 14.53, 42.2586, 66.5324, 76.0419, 61.2058, 45.5337, 52.4554, 13.7496, 72.8107, 13.2715, 13.6472, 49.6908, 53.5355, 34.4023, 65.6385, 56.416, 41.778, 31.7287, 15.3165, 76.0252, 70.9646, 72.5063, 38.859], [69.092, 72.461, 68.2132, 44.9778, 75.8759, 53.208, 5.6207, 58.8266, 65.1573, 78.4088, 18.5924, 28.6934, 28.8163, 18.0562, 78.5392, 78.1727, 31.6376, 25.6355, 79.8558, 69.4166, 67.361, 49.4873, 55.0025, 26.1006, 18.9767, 47.0469, 79.3039, 42.9762, 0.0, 19.2876, 83.5775, 27.2652, 32.8012, 72.5455, 32.2752, 78.3739, 23.4767, 23.6391, 36.1283, 20.7398, 14.5054, 35.6397, 63.8092, 43.9974, 36.8531, 59.1213, 9.5077, 32.4359, 91.785, 79.3467, 72.6508, 28.4831, 42.6436, 30.4059, 79.1953, 2.1836, 100.2552, 34.5302, 24.708, 50.2889, 50.8048, 23.8831, 18.0521, 76.5605, 50.8343, 67.5612, 30.1033, 53.2611, 9.5765, 18.6484, 12.0274, 27.4072, 25.4559, 4.0402, 31.8011, 41.2441, 80.7021, 85.0467, 96.6973, 62.2343], [77.3794, 71.2253, 85.3297, 55.9071, 86.1387, 72.3926, 14.0829, 75.7224, 65.2684, 75.155, 6.0925, 46.9297, 42.5309, 35.6199, 82.1145, 92.1381, 50.8859, 44.7654, 81.9158, 83.2412, 85.7147, 68.4587, 64.7498, 44.2744, 18.4177, 66.1852, 84.3217, 44.7373, 19.2876, 0.0, 100.3636, 45.1478, 52.0639, 78.6607, 37.0059, 88.07, 4.2811, 9.5859, 50.3977, 37.6673, 19.7917, 33.6032, 77.3752, 57.1775, 41.8504, 71.063, 11.1138, 47.4938, 107.7916, 82.8808, 91.4001, 46.0084, 61.6898, 34.1855, 86.8352, 20.3668, 114.7173, 42.406, 42.8872, 69.4763, 69.8567, 41.4347, 1.7631, 88.6976, 47.3337, 86.0649, 35.0668, 57.655, 27.8383, 37.5085, 13.4989, 44.098, 44.5493, 15.3643, 19.485, 49.383, 97.9677, 100.3799, 109.3569, 73.9281], [52.7266, 88.5484, 15.5155, 51.6345, 43.5425, 54.3679, 87.1951, 24.7576, 82.0062, 97.7256, 96.366, 72.148, 58.5339, 65.5407, 73.1773, 22.6968, 57.5825, 66.8856, 79.4337, 26.4925, 22.8729, 40.9847, 50.1369, 73.3281, 85.6557, 57.1894, 67.5865, 76.0774, 83.5775, 100.3636, 0.0, 56.4087, 60.3422, 61.8363, 72.6807, 46.4452, 104.5308, 106.9614, 50.8465, 79.7175, 95.5001, 84.5515, 30.747, 46.3157, 70.3263, 40.1209, 92.9519, 53.0906, 10.7305, 73.5743, 64.1573, 75.7816, 60.3068, 75.1893, 56.2517, 83.8254, 25.7906, 65.2773, 59.1041, 44.0745, 58.0498, 76.7759, 99.7826, 33.7271, 88.9802, 24.3832, 73.2041, 67.8973, 80.0346, 72.9548, 87.1754, 79.3246, 67.3896, 86.4855, 100.062, 61.1185, 5.4606, 12.6013, 34.6431, 39.6973], [52.5215, 69.4102, 40.9852, 28.1653, 55.8445, 34.8471, 31.3416, 31.7128, 61.2027, 77.5188, 42.1886, 25.0759, 13.7814, 9.528, 67.9082, 53.2858, 12.9808, 17.4462, 71.2763, 44.9988, 40.5824, 24.5736, 38.0617, 24.4115, 34.2373, 30.186, 66.5138, 41.7859, 27.2652, 45.1478, 56.4087, 0.0, 17.5442, 58.8298, 31.5674, 58.9639, 49.4208, 50.8442, 15.3793, 27.4607, 39.3316, 42.2528, 40.0086, 23.2026, 33.3394, 38.076, 36.732, 11.4092, 64.9425, 68.6957, 56.2786, 28.1, 27.745, 32.1893, 62.6375, 27.4214, 74.4792, 27.5064, 2.8306, 26.9441, 34.3091, 26.2958, 44.3049, 53.9485, 54.5674, 40.9978, 30.3856, 45.2377, 24.1637, 19.5751, 32.9382, 30.4421, 17.87, 30.4317, 50.2147, 30.68, 53.4401, 58.7208, 72.7714, 41.2466], [68.5261, 86.9323, 45.2466, 45.0566, 70.201, 20.5433, 38.2556, 38.0048, 78.7317, 94.964, 51.0023, 11.8373, 31.2776, 21.834, 85.027, 63.4539, 4.8076, 7.7888, 88.6204, 56.2643, 39.6801, 20.0672, 54.4556, 13.0515, 46.5837, 14.6205, 83.2584, 58.9134, 32.8012, 52.0639, 60.3422, 17.5442, 0.0, 75.4926, 48.2496, 73.556, 56.2018, 54.9515, 32.1888, 20.1008, 39.4054, 57.9267, 52.3147, 39.1406, 50.5224, 52.6897, 41.5478, 28.6071, 70.3031, 85.8037, 41.0497, 15.4898, 10.9235, 48.4175, 78.3836, 31.7486, 82.3353, 44.8758, 16.6625, 19.0113, 18.6547, 16.6655, 50.7529, 66.575, 71.226, 39.2121, 46.8047, 62.7692, 24.8545, 15.3094, 42.6984, 18.9879, 8.1742, 36.8006, 62.1876, 48.2171, 56.131, 65.951, 83.3972, 55.7035], [9.3351, 28.5732, 56.9805, 30.6699, 19.3694, 86.55, 72.0383, 52.3798, 24.5063, 37.1358, 72.6613, 83.854, 46.9882, 60.7688, 11.618, 39.7891, 70.6851, 76.2254, 17.6441, 35.7832, 68.3379, 69.5273, 21.0838, 82.9595, 60.3113, 84.4271, 7.8048, 34.8079, 72.5455, 78.6607, 61.8363, 58.8298, 75.4926, 0.0, 41.8294, 17.8698, 81.3916, 88.1054, 43.4907, 84.3459, 86.9169, 47.0225, 33.4331, 36.4358, 36.9327, 26.2606, 78.2436, 47.4351, 60.9028, 12.161, 106.0692, 86.704, 83.8548, 44.5353, 10.0257, 74.2731, 56.6249, 38.0316, 60.8078, 74.2008, 87.9373, 84.2503, 79.2325, 28.9702, 40.5824, 70.2384, 43.8994, 21.2215, 76.531, 76.7169, 66.8601, 88.6441, 76.6266, 72.5936, 66.4744, 31.3536, 64.2656, 51.9991, 44.1007, 24.6273], [40.4545, 40.9439, 59.7014, 21.8274, 49.825, 66.3848, 30.7299, 50.436, 33.247, 47.8984, 31.1199, 51.8935, 18.7159, 27.0925, 46.5502, 59.2239, 44.1584, 45.1163, 47.5949, 50.574, 64.9503, 54.0828, 28.7184, 50.0794, 18.5886, 61.7142, 47.9277, 11.2826, 32.2752, 37.0059, 72.6807, 31.5674, 48.2496, 41.8294, 0.0, 51.4625, 40.0228, 46.3492, 23.8286, 48.5887, 46.0485, 12.1791, 44.7033, 26.3776, 4.8984, 36.6921, 36.6939, 24.0788, 77.8422, 47.3501, 87.8262, 53.6438, 58.9731, 2.9699, 49.8293, 34.2696, 81.7699, 7.4182, 31.7017, 57.4216, 65.85, 49.9272, 37.4792, 53.7216, 23.0245, 66.0749, 2.1806, 21.3275, 38.5311, 42.2667, 25.0738, 54.3571, 45.324, 31.5185, 28.5254, 13.2315, 71.8484, 69.3764, 74.3835, 39.1148], [11.9313, 46.4415, 44.8626, 33.4029, 3.5878, 80.5444, 79.1078, 42.8975, 42.0416, 54.9098, 82.3755, 83.5842, 50.0927, 63.5352, 27.8183, 23.7589, 68.9017, 76.0915, 34.2425, 22.6675, 57.2355, 63.0744, 23.5119, 83.2433, 69.7864, 79.6834, 21.708, 47.5789, 78.3739, 88.07, 46.4452, 58.9639, 73.556, 17.8698, 51.4625, 0.0, 91.3403, 97.0855, 44.1889, 86.2066, 92.8444, 59.5272, 23.1086, 35.9429, 46.8921, 20.9615, 85.5457, 48.4038, 44.0057, 28.057, 98.1767, 86.8488, 80.1286, 54.4143, 9.9129, 79.7634, 38.7627, 45.6751, 61.4504, 67.8027, 82.6683, 85.2593, 88.3279, 12.7338, 56.1898, 59.2437, 53.2099, 34.4524, 80.323, 78.3093, 75.1932, 89.3766, 76.5567, 79.309, 78.84, 38.6874, 49.6971, 35.4456, 26.4593, 17.8701], [80.4757, 72.6069, 89.5338, 59.5156, 89.502, 76.4708, 18.3474, 79.9157, 66.9883, 76.0606, 8.9769, 50.7546, 46.5418, 39.8928, 84.3699, 95.9995, 55.1037, 48.8402, 83.8835, 87.1023, 89.9914, 72.7283, 68.1386, 48.0972, 21.5547, 70.2434, 86.8281, 47.0798, 23.4767, 4.2811, 104.5308, 49.4208, 56.2018, 81.3916, 40.0228, 91.3403, 0.0, 8.4653, 54.4131, 41.2981, 22.4294, 35.5221, 81.2184, 61.0477, 44.799, 74.7204, 14.9107, 51.592, 111.8757, 85.1238, 95.2907, 49.6832, 65.7125, 37.135, 89.7813, 24.4617, 118.6116, 45.7621, 47.167, 73.7164, 73.8749, 45.1461, 5.4507, 92.324, 48.55, 90.3449, 38.1693, 60.2638, 31.8017, 41.5186, 17.4731, 47.6208, 48.6108, 19.5951, 19.4289, 52.6784, 102.1776, 104.3951, 113.0141, 77.5411], [86.5821, 80.661, 91.6856, 64.5099, 95.043, 74.6244, 19.8109, 82.2085, 74.8079, 84.3511, 15.678, 47.9276, 50.2047, 41.4748, 91.6921, 100.0675, 54.5778, 47.2763, 91.4965, 91.1921, 90.9792, 72.8405, 73.659, 45.3071, 27.7952, 68.3223, 93.8498, 54.3131, 23.6391, 9.5859, 106.9614, 50.8442, 54.9515, 88.1054, 46.3492, 97.0855, 8.4653, 0.0, 57.9874, 37.9402, 17.3637, 43.1649, 85.3913, 65.196, 51.2226, 79.5254, 14.1322, 54.7505, 114.8593, 92.4596, 92.3665, 46.3063, 63.6289, 43.5796, 96.1475, 23.8821, 122.509, 51.4275, 48.3316, 73.2863, 71.6976, 41.9845, 8.8737, 97.1816, 56.6829, 91.146, 44.3576, 67.1636, 30.0982, 39.7371, 21.9276, 43.7782, 46.9707, 20.4789, 27.8793, 58.4457, 104.2307, 107.7713, 117.7496, 82.4676], [37.1836, 56.224, 36.7444, 12.8839, 41.2456, 46.2288, 38.3687, 27.1834, 48.0121, 64.8301, 45.9033, 40.4542, 7.8714, 19.5493, 52.8382, 42.1673, 27.3973, 32.823, 56.5303, 33.3458, 41.1343, 31.557, 22.6852, 39.7243, 34.8179, 42.7829, 51.205, 31.4106, 36.1283, 50.3977, 50.8465, 15.3793, 32.1888, 43.4907, 23.8286, 44.1889, 54.4131, 57.9874, 0.0, 42.0738, 50.1066, 35.9698, 27.6853, 8.2872, 23.3996, 23.6768, 44.6642, 4.2168, 57.5535, 53.615, 67.3268, 43.4372, 41.3507, 25.7448, 47.3421, 37.1012, 64.5237, 17.2403, 17.5533, 35.4938, 46.6806, 41.3754, 50.0572, 40.6574, 45.092, 42.2463, 23.6828, 31.4717, 36.4526, 34.2, 36.9408, 45.6405, 33.2423, 38.0694, 49.4223, 17.4489, 49.2557, 49.9847, 60.5862, 26.87], [78.9835, 89.5192, 64.3501, 54.0892, 83.1689, 37.4596, 26.071, 56.2443, 81.7082, 96.3568, 38.6642, 10.2046, 37.363, 23.5926, 92.2043, 80.126, 22.1461, 12.8555, 94.6006, 72.133, 59.7003, 40.1254, 64.3722, 7.7569, 39.2305, 31.1883, 91.7605, 59.8602, 20.7398, 37.6673, 79.7175, 27.4607, 20.1008, 84.3459, 48.5887, 86.2066, 41.2981, 37.9402, 42.0738, 0.0, 20.9344, 54.766, 67.3514, 50.2702, 52.387, 65.4302, 26.5585, 37.8608, 89.328, 93.013, 54.4265, 8.4098, 26.3867, 47.5327, 89.2171, 18.759, 100.4217, 48.2378, 24.8283, 39.0092, 34.1901, 4.0986, 36.052, 81.3814, 69.7, 59.289, 46.5981, 67.65, 11.2946, 7.9057, 32.7458, 6.6715, 12.3604, 24.4013, 52.5027, 53.7487, 75.7665, 84.2204, 99.8586, 68.6159], [83.5932, 85.1931, 79.9951, 59.4418, 90.3091, 58.2166, 15.4512, 70.9517, 78.2513, 90.4582, 23.2731, 31.0989, 43.0683, 31.0645, 92.5634, 91.8002, 39.9112, 31.6169, 93.5693, 83.1546, 77.5194, 58.5123, 69.5003, 28.5488, 30.1082, 51.9137, 93.5633, 56.2458, 14.5054, 19.7917, 95.5001, 39.3316, 39.4054, 86.9169, 46.0485, 92.8444, 22.4294, 17.3637, 50.1066, 20.9344, 0.0, 47.4438, 77.6747, 58.1505, 50.7842, 73.4002, 10.7138, 46.2239, 104.2578, 93.3666, 75.2355, 29.1756, 47.1418, 43.8918, 93.6854, 13.1066, 113.5556, 48.8859, 36.5469, 58.2845, 55.0659, 25.0292, 18.0286, 90.7203, 62.4653, 77.4256, 43.869, 67.2835, 15.5312, 24.1602, 22.2867, 26.487, 31.2375, 14.532, 38.2516, 55.6774, 92.186, 97.9919, 110.6557, 76.5378], [47.8457, 37.9932, 71.8143, 33.1529, 58.4281, 77.0039, 32.2578, 62.5951, 31.687, 43.0331, 27.5436, 59.7934, 30.3605, 36.1293, 48.9479, 70.0395, 54.2285, 53.7134, 48.3726, 61.6111, 77.1035, 65.6647, 38.3619, 57.6738, 17.3358, 71.9677, 51.7815, 12.2342, 35.6397, 33.6032, 84.5515, 42.2528, 57.9267, 47.0225, 12.1791, 59.5272, 35.5221, 43.1649, 35.9698, 54.766, 47.4438, 0.0, 55.8449, 38.3573, 14.3588, 47.3072, 36.9774, 35.9573, 89.3108, 49.6892, 98.369, 60.9807, 68.8263, 10.3806, 56.1563, 37.8157, 92.3277, 19.3858, 41.9022, 68.771, 76.1168, 56.8342, 34.6038, 63.5646, 15.1992, 78.2058, 12.4063, 25.8811, 43.7906, 49.5665, 25.1589, 61.0633, 53.8354, 33.5349, 19.4989, 23.8506, 83.8792, 80.6713, 83.935, 49.4004], [24.1187, 58.2989, 23.5521, 22.8759, 19.5214, 57.5553, 65.9476, 19.8943, 51.4458, 67.5504, 72.4276, 63.1635, 35.2574, 46.742, 45.0492, 14.7966, 47.9066, 56.0027, 50.8962, 5.9274, 35.1097, 40.0994, 19.4341, 63.2316, 60.4558, 57.0098, 40.3781, 46.1964, 63.8092, 77.3752, 30.747, 40.0086, 52.3147, 33.4331, 44.7033, 23.1086, 81.2184, 85.3913, 27.6853, 67.3514, 77.6747, 55.8449, 0.0, 20.2106, 41.4985, 9.3879, 72.2938, 31.4534, 33.6496, 45.5902, 75.1079, 66.6351, 57.8248, 47.5026, 30.9382, 64.7395, 37.4651, 37.405, 42.7655, 44.8069, 59.8234, 65.7409, 77.1982, 14.2639, 58.608, 37.0592, 45.6979, 37.1795, 63.4862, 59.5231, 63.8846, 69.5277, 56.4992, 65.7131, 73.1221, 31.9944, 31.9637, 24.8473, 33.0007, 9.2322], [29.4619, 52.3905, 33.5807, 7.5119, 32.9675, 50.9697, 45.8412, 24.7134, 44.3458, 61.3656, 52.3025, 48.1765, 15.2075, 27.8164, 46.479, 34.9608, 34.3402, 40.577, 50.7218, 26.0637, 40.3846, 34.8315, 15.3535, 47.6101, 40.5291, 48.2872, 44.2304, 31.2166, 43.9974, 57.1775, 46.3157, 23.2026, 39.1406, 36.4358, 26.3776, 35.9429, 61.0477, 65.196, 8.2872, 50.2702, 58.1505, 38.3573, 20.2106, 0.0, 24.3802, 15.4017, 52.2277, 12.4833, 51.9094, 47.2264, 71.453, 51.2849, 47.4693, 28.8769, 39.4887, 45.0852, 57.5658, 18.996, 25.5783, 39.2393, 51.9615, 49.4319, 56.9885, 32.5764, 44.8646, 41.8109, 26.9026, 27.7029, 44.7132, 42.3784, 43.6825, 53.6323, 41.0184, 45.6777, 54.0199, 15.9281, 45.523, 43.8068, 52.7668, 18.5914], [35.7284, 37.2623, 57.9601, 18.8065, 45.3822, 67.8432, 35.5281, 48.9661, 29.338, 44.6948, 35.9301, 55.0461, 19.7844, 30.0847, 41.7794, 55.7759, 46.2142, 48.0182, 43.0286, 47.2853, 64.0765, 54.5954, 24.548, 53.3727, 23.4414, 63.487, 43.0486, 8.4533, 36.8531, 41.8504, 70.3263, 33.3394, 50.5224, 36.9327, 4.8984, 46.8921, 44.799, 51.2226, 23.3996, 52.387, 50.7842, 14.3588, 41.4985, 24.3802, 0.0, 33.0771, 41.5472, 24.5011, 74.9535, 42.5824, 89.2597, 57.0081, 61.0434, 7.6704, 44.9978, 38.7998, 78.1717, 6.2079, 33.8605, 58.2131, 67.5886, 53.4774, 42.3503, 49.7243, 21.7893, 65.3229, 7.0098, 16.5092, 42.6742, 45.7507, 29.9672, 57.9423, 48.2649, 36.2683, 32.4125, 9.5132, 69.8277, 66.3162, 70.294, 35.3054], [17.4105, 49.3599, 31.8273, 15.2473, 17.7708, 61.1137, 60.5824, 26.2127, 42.29, 58.6323, 65.8002, 62.6226, 30.3337, 43.2177, 37.6731, 22.7384, 48.0014, 55.1346, 43.1377, 14.5828, 42.4113, 43.7995, 10.0513, 62.2954, 53.4899, 59.6296, 33.7589, 37.1565, 59.1213, 71.063, 40.1209, 38.076, 52.6897, 26.2606, 36.6921, 20.9615, 74.7204, 79.5254, 23.6768, 65.4302, 73.4002, 47.3072, 9.3879, 15.4017, 33.0771, 0.0, 67.0219, 27.8446, 42.7899, 38.2939, 80.049, 65.8922, 59.6994, 39.5892, 26.2286, 60.3045, 45.1092, 29.6478, 40.6169, 48.5273, 62.867, 64.3644, 71.0529, 17.6563, 49.315, 44.2557, 37.9186, 27.7916, 60.1147, 57.5248, 57.6956, 68.4477, 55.6014, 60.5529, 65.2166, 23.6003, 41.1561, 33.8355, 38.2968, 3.1964], [75.6584, 74.8816, 77.6294, 52.3717, 83.2502, 61.6688, 6.4535, 68.1944, 68.1319, 79.92, 12.9899, 35.8588, 37.0488, 27.4161, 83.1911, 86.8308, 40.7921, 34.0611, 83.8467, 78.0051, 76.8626, 58.8677, 62.0376, 33.2017, 19.6968, 55.4173, 84.5837, 46.3469, 9.5077, 11.1138, 92.9519, 36.732, 41.5478, 78.2436, 36.6939, 85.5457, 14.9107, 14.1322, 44.6642, 26.5585, 10.7138, 36.9774, 72.2938, 52.2277, 41.5472, 67.0219, 0.0, 41.2003, 101.012, 83.9861, 80.3813, 34.8946, 50.8504, 34.2991, 85.5634, 9.9156, 109.1016, 40.453, 34.2029, 59.5009, 59.0057, 30.3228, 9.5378, 84.6155, 51.8909, 77.0495, 34.5425, 58.0201, 16.9226, 26.6644, 11.972, 33.0193, 33.8105, 6.6046, 27.8839, 47.4326, 90.1483, 94.1045, 104.9865, 70.0642], [41.3196, 58.9333, 38.4955, 16.7653, 45.4502, 43.7734, 35.0055, 28.8283, 50.7045, 67.3415, 43.2904, 36.4268, 5.8354, 15.4448, 56.5321, 45.7369, 23.8635, 28.7954, 60.0158, 36.9934, 41.6409, 30.1246, 26.7734, 35.6224, 32.7909, 39.9363, 55.1084, 32.8184, 32.4359, 47.4938, 53.0906, 11.4092, 28.6071, 47.4351, 24.0788, 48.4038, 51.592, 54.7505, 4.2168, 37.8608, 46.2239, 35.9573, 31.4534, 12.4833, 24.5011, 27.8446, 41.2003, 0.0, 60.2987, 57.3169, 65.0734, 39.3481, 38.1745, 25.5829, 51.5006, 33.2985, 67.9035, 18.3096, 13.4296, 33.7184, 43.9273, 37.2026, 47.0473, 44.6779, 46.2816, 42.5779, 23.5512, 34.385, 32.3409, 29.9915, 34.1538, 41.4898, 29.2024, 34.5958, 47.9459, 19.9716, 51.1277, 53.025, 64.4331, 31.0403], [52.3382, 88.8035, 25.0599, 56.166, 41.6877, 65.0777, 95.0487, 33.3654, 82.9368, 97.7658, 103.4498, 82.1386, 65.404, 73.7448, 71.6967, 21.3597, 67.2846, 76.5667, 78.0964, 28.2255, 33.5905, 51.3176, 52.7399, 83.1922, 92.1992, 67.7907, 65.6986, 79.8436, 91.785, 107.7916, 10.7305, 64.9425, 70.3031, 60.9028, 77.8422, 44.0057, 111.8757, 114.8593, 57.5535, 89.328, 104.2578, 89.3108, 33.6496, 51.9094, 74.9535, 42.7899, 101.012, 60.2987, 0.0, 71.9862, 74.5866, 85.7875, 70.7938, 80.5261, 53.8986, 92.2004, 15.5771, 70.4416, 67.7133, 54.5933, 68.7362, 86.5493, 107.3355, 31.9332, 92.078, 35.1137, 78.6227, 70.2157, 88.9215, 82.3251, 94.4143, 89.2825, 77.0765, 94.462, 105.9093, 65.4981, 16.0801, 9.124, 26.7135, 41.5769], [21.4766, 21.0941, 69.1334, 40.7581, 30.335, 97.9251, 78.0799, 64.4747, 20.6245, 28.115, 76.7907, 93.445, 56.0192, 69.4882, 0.8115, 51.2174, 81.01, 85.8678, 6.26, 47.7858, 80.486, 81.1111, 32.1139, 92.3378, 65.0148, 95.5001, 6.4634, 38.1482, 79.3467, 82.8808, 73.5743, 68.6957, 85.8037, 12.161, 47.3501, 28.057, 85.1238, 92.4596, 53.615, 93.013, 93.3666, 49.6892, 45.5902, 47.2264, 42.5824, 38.2939, 83.9861, 57.3169, 71.9862, 0.0, 117.7646, 96.0915, 94.6451, 49.6886, 18.3503, 81.2336, 66.2596, 45.1893, 70.4332, 85.7401, 99.1237, 93.3025, 83.6801, 40.1986, 39.7402, 82.3807, 49.5233, 26.0932, 84.381, 85.627, 72.1876, 97.7589, 86.2378, 78.8487, 68.4343, 39.2662, 76.1983, 63.2643, 52.7909, 36.7699], [97.4574, 123.4555, 55.4447, 78.7737, 94.5913, 21.4428, 78.2616, 55.2861, 115.2728, 132.1492, 91.2209, 44.5716, 69.48, 62.6548, 117.0734, 79.548, 44.2296, 47.2007, 121.8514, 76.1394, 43.0077, 36.7198, 85.804, 47.2253, 87.6247, 26.5225, 113.7256, 97.6933, 72.6508, 91.4001, 64.1573, 56.2786, 41.0497, 106.0692, 87.8262, 98.1767, 95.2907, 92.3665, 67.3268, 54.4265, 75.2355, 98.369, 75.1079, 71.453, 89.2597, 80.049, 80.3813, 65.0734, 74.5866, 117.7646, 0.0, 46.0752, 30.2992, 88.4453, 105.7634, 71.2056, 89.9453, 83.1842, 56.4669, 32.2156, 22.4124, 50.3962, 89.9023, 87.4078, 110.7785, 41.0626, 86.662, 98.6314, 63.5735, 54.0173, 83.4075, 48.8325, 47.3139, 76.686, 103.1295, 84.763, 58.6969, 75.2902, 97.2543, 82.2508], [80.6131, 94.2662, 60.7337, 56.0663, 83.6376, 29.893, 33.9824, 53.3975, 86.2738, 101.5324, 46.7664, 3.6553, 40.0793, 27.0596, 95.2911, 78.475, 19.0503, 10.7576, 98.1635, 70.9599, 54.6985, 35.1401, 66.1134, 3.7541, 46.3191, 23.7581, 94.3081, 64.8946, 28.4831, 46.0084, 75.7816, 28.1, 15.4898, 86.704, 53.6438, 86.8488, 49.6832, 46.3063, 43.4372, 8.4098, 29.1756, 60.9807, 66.6351, 51.2849, 57.0081, 65.8922, 34.8946, 39.3481, 85.7875, 96.0915, 46.0752, 0.0, 18.9844, 52.9566, 90.7375, 26.6421, 97.7588, 52.264, 25.922, 33.2352, 26.3831, 4.621, 44.4108, 80.8666, 75.5999, 54.0577, 51.7892, 71.4222, 18.9079, 11.4492, 40.324, 3.6608, 10.2931, 32.3191, 60.2598, 57.0943, 71.4839, 81.3915, 98.3911, 69.0203], [76.3198, 97.0101, 46.2775, 53.9923, 76.6481, 11.0802, 48.2177, 40.8768, 88.7861, 105.2274, 61.1262, 16.2194, 41.5064, 32.7549, 93.8871, 67.212, 14.8364, 17.0229, 97.8304, 60.9682, 37.974, 19.6775, 62.7852, 18.6431, 57.3625, 4.8063, 91.6586, 69.4739, 42.6436, 61.6898, 60.3068, 27.745, 10.9235, 83.8548, 58.9731, 80.1286, 65.7125, 63.6289, 41.3507, 26.3867, 47.1418, 68.8263, 57.8248, 47.4693, 61.0434, 59.6994, 50.8504, 38.1745, 70.7938, 94.6451, 30.2992, 18.9844, 0.0, 59.2398, 85.8408, 41.3423, 84.1044, 55.2513, 27.2755, 16.24, 8.1678, 22.3279, 60.2739, 71.8663, 81.9847, 36.9789, 57.5885, 72.5587, 33.9278, 24.1939, 53.1409, 22.5247, 17.1879, 46.6827, 72.8303, 58.0948, 55.519, 67.7606, 86.9773, 62.5245], [43.361, 42.2603, 61.9934, 24.6377, 52.7913, 67.0282, 28.4857, 52.6373, 34.7833, 48.8259, 28.2597, 51.3869, 19.9833, 26.8888, 48.8945, 62.0704, 44.496, 44.8366, 49.6785, 53.3884, 66.8587, 55.3177, 31.686, 49.4642, 15.7867, 62.17, 50.4863, 12.5962, 30.4059, 34.1855, 75.1893, 32.1893, 48.4175, 44.5353, 2.9699, 54.4143, 37.135, 43.5796, 25.7448, 47.5327, 43.8918, 10.3806, 47.5026, 28.8769, 7.6704, 39.5892, 34.2991, 25.5829, 80.5261, 49.6886, 88.4453, 52.9566, 59.2398, 0.0, 52.6682, 32.4592, 84.6424, 10.1081, 32.0635, 58.4889, 66.3168, 49.0924, 34.7059, 56.6694, 22.9062, 67.9243, 2.062, 23.8027, 37.1688, 41.5225, 22.5342, 53.4771, 45.0131, 29.3706, 25.651, 16.1856, 74.2337, 72.1163, 77.3389, 42.0423], [10.2525, 37.7741, 53.7674, 35.177, 12.7423, 87.2769, 79.2263, 50.7861, 34.3867, 45.8398, 80.9278, 87.6616, 52.1048, 65.9023, 18.1875, 33.6026, 73.6198, 80.054, 24.5946, 31.6433, 65.8671, 69.8908, 24.855, 87.0422, 68.4178, 85.8555, 11.9162, 43.9301, 79.1953, 86.8352, 56.2517, 62.6375, 78.3836, 10.0257, 49.8293, 9.9129, 89.7813, 96.1475, 47.3421, 89.2171, 93.6854, 56.1563, 30.9382, 39.4887, 44.9978, 26.2286, 85.5634, 51.5006, 53.8986, 18.3503, 105.7634, 90.7375, 85.8408, 52.6682, 0.0, 80.7828, 47.9608, 45.1127, 64.8948, 74.63, 89.0897, 88.7026, 87.2872, 22.531, 50.517, 67.8482, 51.7918, 30.2936, 82.2776, 81.411, 74.5473, 92.9823, 80.4904, 79.6325, 75.6552, 38.1379, 59.3467, 45.3581, 34.7811, 23.6533], [70.6462, 74.5674, 68.4054, 46.3616, 77.2096, 52.0266, 7.342, 59.1041, 67.2297, 80.5595, 20.2012, 27.0225, 29.9708, 18.492, 80.4251, 78.9974, 30.8788, 24.3986, 81.822, 70.2874, 67.1464, 48.9824, 56.4633, 24.4027, 21.1509, 45.8196, 81.0962, 45.0429, 2.1836, 20.3668, 83.8254, 27.4214, 31.7486, 74.2731, 34.2696, 79.7634, 24.4617, 23.8821, 37.1012, 18.759, 13.1066, 37.8157, 64.7395, 45.0852, 38.7998, 60.3045, 9.9156, 33.2985, 92.2004, 81.2336, 71.2056, 26.6421, 41.3423, 32.4592, 80.7828, 0.0, 100.9554, 36.2989, 24.7715, 49.5857, 49.51, 22.0267, 19.0111, 77.6614, 53.0084, 67.2816, 32.1039, 55.1619, 7.7762, 17.2016, 14.1069, 25.4304, 24.1849, 5.6771, 33.7437, 42.9368, 80.8282, 85.6118, 97.6851, 63.4378], [49.4096, 85.1976, 37.8372, 60.0609, 37.5905, 79.332, 102.8662, 44.3667, 80.4687, 93.6442, 109.8603, 94.1084, 72.3147, 82.5314, 66.1352, 22.6763, 78.8348, 87.9456, 72.5186, 31.5468, 48.1215, 64.4305, 54.1036, 94.8756, 97.9202, 81.5003, 59.7968, 81.6261, 100.2552, 114.7173, 25.7906, 74